"tick","Money avg. 1 Producers","Money avg. 2 Internationals","Money avg. 3 Wholesalers","Money avg. 4 Retailers","Money avg. 5 Consumers"
1.0,498.9379743631648,39914.6969746371,23450.070985119604,5588.086758327468,0.0
2.0,497.87594872632957,39829.39394927421,23400.14197023921,5576.173516654935,0.0
3.0,496.8139230894944,39744.09092391131,23350.21295535881,5564.260274982403,0.0
4.0,495.75189745265914,39658.78789854841,23300.283940478414,5552.347033309869,0.0
5.0,494.68987181582395,39573.484873185516,23250.354925598018,5540.484700728247,0.0
6.0,493.6278461789887,39488.18184782262,23200.42591071762,5528.6223681466245,0.0
7.0,492.5658205421535,39402.87882245972,23150.496895837223,5526.941853746818,0.0
8.0,491.5037949053183,39317.575797096826,23100.567880956827,5515.079521165196,0.0
9.0,490.44176926848303,39232.27277173393,23052.98886607643,5503.217188583572,0.0
10.0,489.37974363164784,39146.96974637103,23005.409851196036,5491.35485600195,0.0
11.0,488.3177179948126,39061.666721008136,23427.83083631564,5394.037977965781,0.0
12.0,487.2556923579774,38976.36369564524,23380.251821435242,5381.768482399952,0.0
13.0,486.1936667211422,38894.06067028234,23332.672806554845,5369.603935823272,0.0
14.0,485.131641084307,38811.757644919446,23285.09379167445,5380.699408327944,0.0
15.0,484.06961544747173,39329.45461955655,22637.514776794054,5392.506548546301,0.0
16.0,483.00758981063655,39247.15159419365,22583.32754002418,5404.965591274479,0.0
17.0,481.97889750713466,39164.848568830756,22531.28804817255,5398.02522733436,0.0
18.0,480.9502052036328,39082.54554346786,22962.410437172515,5298.518272381908,0.0
19.0,486.52984623346424,38990.24251810496,23402.428450592324,5197.035406080561,0.0
20.0,485.32740392996243,38907.13949274206,23813.409535552375,5100.465482390975,0.0
21.0,483.981514786243,38824.03646737916,24014.44662018532,5041.623254803618,0.0
22.0,482.46883351829456,38740.93344201626,24216.784264260063,4982.257194266688,0.0
23.0,480.8048525878625,38657.83041665336,24303.671932168996,4943.593166111138,0.0
24.0,478.96253552459325,38574.727391290464,24256.34130838148,4929.17716982736,0.0
25.0,480.79491458719383,38485.7918306234,24209.010684593966,4914.812082634491,0.0
26.0,479.885250741558,38399.8611491608,24161.680060806455,4900.446995441621,0.0
27.0,480.607234915739,38310.8914617022,24114.349437018936,4896.26372643057,0.0
28.0,479.17241000305796,38224.09178585803,24067.018813231425,4881.898639237701,0.0
29.0,484.6759230865324,38126.131320751374,24019.688189443907,4867.5335520448325,0.0
30.0,485.04358541631495,38037.894897125574,23972.35756565639,4853.168464851963,0.0
31.0,485.65512777722245,37948.08111091896,23925.026941868877,4838.803377659094,0.0
32.0,486.14826394497294,38217.169200884644,23517.67572283104,4824.438290466227,0.0
33.0,487.8374887332758,38125.25473451035,23458.239777542272,4810.073203273357,0.0
34.0,489.06928813730906,38033.480200560734,23399.432696846336,4795.708116080487,0.0
35.0,489.95118013392994,38032.83832520853,23352.90940942405,4762.66218705514,0.0
36.0,494.1387412989839,37975.83120210864,23351.339271866564,4729.455269910086,0.0
37.0,495.48592926741514,37909.623659906545,23358.822091600756,4696.088429837296,0.0
38.0,498.2538224297357,37809.18447812822,23457.414384151016,4651.14800396398,0.0
39.0,499.01318206495125,37710.6502688369,23558.351134983954,4605.668079609313,0.0
40.0,501.9821788909479,37606.95533614349,23660.974085944003,4559.65358466738,0.0
41.0,503.8276356884059,37547.03437972547,23636.518197714307,4536.472473964565,0.0
42.0,502.05803260343635,37448.68921569703,23566.564139869115,4528.996649942555,0.0
43.0,500.5387123366428,37374.92973118494,23471.861603919166,4521.9020591934395,0.0
44.0,499.44208892677375,37287.558638420465,23386.181245996493,4506.309439824141,0.0
45.0,497.68028256957695,37202.85067930669,23298.616111041672,4490.716820454841,0.0
46.0,496.4187863444673,37135.80547250201,23257.09616401477,4463.0432061371,0.0
47.0,495.6521576403789,37061.39417957868,23296.821476202058,4420.964302463404,0.0
48.0,494.94727754348986,36963.82260182114,23356.584401770626,4378.384127270615,0.0
49.0,501.5520465602847,36856.47900436897,23501.69013426669,4320.519630536822,0.0
50.0,502.5743387797504,36756.43320934947,23622.284791049835,4275.9615249447525,0.0
51.0,504.72921238121916,36674.935700272465,23727.39341291973,4230.5721033502905,0.0
52.0,507.53933781931903,36590.094846059976,23777.976987112037,4207.936033353396,0.0
53.0,506.3990917529929,36498.12014047077,23766.16627301404,4196.048603041919,0.0
54.0,507.4086370022204,36393.03995285265,23753.892609864582,4184.530667365687,0.0
55.0,506.2852003544277,36290.54767178539,23715.44566982065,4177.0037327256505,0.0
56.0,506.11812648271865,36186.203315374245,23650.301515745778,4173.197942589043,0.0
57.0,505.70928080227657,36081.911879096006,23622.526298740388,4154.194769865032,0.0
58.0,504.69250685690685,35978.58774396587,23578.953746895066,4124.262652371606,0.0
59.0,503.8773580250698,35874.895700474575,23616.50178567584,4079.4461314958703,0.0
60.0,503.00154260050783,35771.20707167412,23658.822259481938,4033.6157998597223,0.0
61.0,501.6068267348288,35669.2405796801,23705.672983585835,3986.6975883930786,0.0
62.0,500.23723708609907,35568.28651737928,23756.847506042173,3950.292861801174,0.0
63.0,498.89620731357326,35477.12962987303,23802.977111999826,3907.0622267286644,0.0
64.0,497.56624624975643,35386.081646620325,23909.332554289635,3848.887469824026,0.0
65.0,496.2521427124976,35296.23627315351,23864.544450996153,3826.8011344499414,0.0
66.0,494.94830480168645,35198.33197433062,23787.308668400154,3809.8500261055706,0.0
67.0,494.67675425821454,35107.39028464038,23703.06358947779,3795.2955953275296,0.0
68.0,494.0927298106769,35016.71094774709,23616.36891482391,3773.3274732873583,0.0
69.0,493.7144961964393,34916.48852852887,23534.39974086333,3751.385714117789,0.0
70.0,493.50761831909637,34815.53818181012,23452.430566902753,3913.8043918485696,0.0
71.0,493.4472913355542,34713.764899095695,23370.461392942176,3897.8958796470665,0.0
72.0,493.1330857689522,34611.75899016373,23288.4922189816,3887.441858609751,0.0
73.0,492.3467921300374,34509.9832629094,23206.523045021022,3877.566149045773,0.0
74.0,491.66112385917836,34409.66971697359,23124.553871060445,3868.2465661417787,0.0
75.0,491.0681705981088,34310.80366079752,23042.584697099865,3861.670330726473,0.0
76.0,490.590190265306,34230.44326594006,22946.127216869092,3855.527868138422,0.0
77.0,488.9758126983708,34151.87417036139,22845.3269104459,3849.722657823893,0.0
78.0,487.50183784728915,34064.13071685244,22873.046105426198,3837.9349997713975,0.0
79.0,486.12685944937823,33967.213099490684,22861.51881040667,3807.9849671038837,0.0
80.0,490.5321557342403,33860.27957956256,22836.665017202442,3778.8355258261286,0.0
81.0,490.6273714071797,33758.758444835636,22801.16469119899,3750.587088012229,0.0
82.0,492.46530771752026,33653.58979760508,22766.399216719943,3726.133410309749,0.0
83.0,494.3229726155184,33546.97745108165,22731.8862577874,3701.7612339766843,0.0
84.0,494.6640537262146,33441.50596339015,22697.613188624025,3677.485659646446,0.0
85.0,494.37927427114477,33336.09760259047,22613.89865370655,3664.104122425928,0.0
86.0,492.5279149432042,33232.57104201369,22530.967452122408,3650.8134347336213,0.0
87.0,490.6524363214148,33129.04448143691,22448.834843643406,3633.9407892525387,0.0
88.0,490.18700882424065,33025.51792086013,22388.198574891983,3612.18376210434,0.0
89.0,488.4902168332145,32921.99136028336,22328.79241362771,3595.460559925245,0.0
90.0,486.8957359689801,32818.464799706584,22270.612575438267,3578.8774674193282,0.0
91.0,485.43298576718905,32714.93823912981,22213.655413014007,3567.8134981184758,0.0
92.0,484.0952899842125,32611.411678553035,22157.05175357815,3556.2168923537756,0.0
93.0,482.83959278309777,32507.885117976257,22100.786471221694,3544.196836994275,0.0
94.0,481.63334806372586,32404.35855739948,22021.98822226508,3538.268714603421,0.0
95.0,480.44321541995686,32300.831996822704,21943.18997330847,3532.1067621636066,0.0
96.0,479.2530827761878,32197.30543624593,21864.39172435185,3521.686747210837,0.0
97.0,478.06295013241885,33675.02310053532,21785.985142061905,3501.984477393526,0.0
98.0,476.87281748864984,33575.37234568792,21707.973744826544,3482.4125561542915,0.0
99.0,475.6826848448808,33475.72159084053,21653.18001995256,3459.0729130420054,0.0
100.0,474.49255220111183,33376.07083599312,21598.594862170954,3441.11779034251,0.0
101.0,473.3024195573428,33276.42008114572,21520.58346493559,3430.099082671162,0.0
102.0,472.1122869135737,33176.76932629832,21442.572067700225,3419.232431822256,0.0
103.0,470.9221542698047,33077.11857145093,21364.56067046486,3408.68603145471,0.0
104.0,469.73202162603576,32977.46781660352,21286.549273229495,3398.5125879988927,0.0
105.0,468.5418889822667,32877.817061756126,21208.53787599413,2654.070307834691,0.0
106.0,467.35175633849775,32778.16630690872,21130.526478758762,2659.367443231148,0.0
107.0,466.16162369472875,32678.515552061326,21052.5150815234,2901.4392047167185,0.0
108.0,464.97149105095974,32578.864797213926,20974.503684288036,2900.374908387392,0.0
109.0,463.78135840719074,32479.214042366526,20896.492287052668,2900.5200537200994,0.0
110.0,462.5912257634217,32379.56328751913,20818.87255648397,2906.044407081331,0.0
111.0,461.4010931196526,32279.912532671733,20741.65095142897,2912.700509491068,0.0
112.0,460.21096047588367,32180.26177782433,20675.18004259002,2894.429477783815,0.0
113.0,459.02082783211466,32080.61102297693,20609.29940525425,2876.0926813913807,0.0
114.0,457.83069518834566,31980.96026812953,20544.530811418022,2855.799115330403,0.0
115.0,456.6405625445766,31881.309513282133,20480.87359946791,2835.8117247635287,0.0
116.0,455.45042990080765,31781.658758434733,20440.701944418975,2803.332025783254,0.0
117.0,454.2602972570386,31682.008003587332,20843.540248150653,2770.0946723542606,0.0
118.0,453.0701646132696,31583.157248739935,20772.396926592166,2756.071842799917,0.0
119.0,451.8800319695006,31485.107632600168,20701.253605033675,2748.055242562268,0.0
120.0,450.6898993257315,31393.460983402645,20625.536735659298,2751.10047673319,0.0
121.0,449.4997666819626,31301.823448089282,20548.13478493909,2759.2889455229215,0.0
122.0,448.3395794689225,31203.773831949515,20473.63193127084,2768.3753246948386,0.0
123.0,447.18783653225535,31105.724215809747,20399.12907760259,2769.436823493608,0.0
124.0,448.0239985623025,31004.52453545888,20324.626223934338,2771.4081826149804,0.0
125.0,447.4989141194279,30904.71277939112,20250.459084551803,2763.945214876833,0.0
126.0,448.6963510131188,30801.83248792502,20176.633516519498,2750.016129736431,0.0
127.0,448.18063985450783,30700.731300827658,20115.56514315096,2728.7481429816976,0.0
128.0,446.84976263015454,30600.556835800246,20055.066009760372,2711.9253082493005,0.0
129.0,445.9178793731643,30499.629756611874,19995.13222334024,2694.2862607508155,0.0
130.0,444.4517758463569,30399.291866947635,19935.75277183215,2683.8922331765284,0.0
131.0,442.9731643239968,30298.953977283396,19876.39509461185,2664.958727710601,0.0
132.0,441.49641402039333,30198.616087619153,19817.39381725068,2654.723659210542,0.0
133.0,440.0383675101011,30098.278197954915,19745.656180508096,2648.6216760171665,0.0
134.0,438.6156506387247,29997.940308290676,19680.57656895492,2634.3817023564998,0.0
135.0,437.24396489865063,29897.602418626433,19616.04084667642,2624.7365983406053,0.0
136.0,435.93729151798055,29797.264528962198,19552.1218488037,2603.1355089200283,0.0
137.0,434.69340202472506,29696.926639297955,19488.81823934933,2585.4639915512985,0.0
138.0,433.50421594606684,29596.588749633716,19425.66421614881,2582.510075814709,0.0
139.0,432.32308373179643,29496.250859969477,19362.652219236035,2838.5211382184984,0.0
140.0,431.141951517526,29395.912970305235,19292.405668486153,2856.7353435982322,0.0
141.0,429.9608193032557,29295.575080640996,19222.159117736275,2863.9729447714026,0.0
142.0,428.77968708898527,29195.23719097676,19905.912097533008,2866.4759231127223,0.0
143.0,427.5985548747149,29094.899301312522,19840.034317388498,2858.2727221311025,0.0
144.0,426.4174226604446,28994.56141164828,19812.652896696818,2822.715177497753,0.0
145.0,425.23629044617417,28894.223521984037,19786.417790777778,2781.3035903177747,0.0
146.0,424.05515823190376,29121.04696932841,19761.261010244445,2739.4229470466435,0.0
147.0,422.8740260176334,29022.344741248427,19737.02655772172,3007.8446137163783,0.0
148.0,421.69289380336306,28932.347338191328,19707.940497889012,2973.6438165690693,0.0
149.0,420.51176158909266,28844.656121363805,19676.994774336854,2935.709244677978,0.0
150.0,419.33062937482225,28758.224560290717,19604.623599748935,2923.6878101150296,0.0
151.0,418.1682471605519,28680.18614090146,19525.27037296598,2912.143000658498,0.0
152.0,417.0231489382687,28594.97563445416,19447.689633159425,2911.418609487732,0.0
153.0,417.22079803705816,28508.296898135763,19368.439831351956,2915.766829930696,0.0
154.0,417.3404862108974,28421.20074231441,19299.467902661465,2909.2114205587927,0.0
155.0,418.87881334203786,28330.664682378574,19227.050267319024,2904.5217875802364,0.0
156.0,417.658937737917,28237.19620228526,19156.981723794095,3171.1710179443226,0.0
157.0,418.2244797351636,30512.01246083848,19086.598671560416,3172.596544859871,0.0
158.0,418.41753726261504,30416.963711491808,19023.008994806463,3162.432246357108,0.0
159.0,417.68317979022333,30322.42342757409,18960.09820691945,3149.4256050116846,0.0
160.0,415.80547705755595,30229.029175534615,18891.027211809516,3137.4367965834226,0.0
161.0,414.54647558858267,30134.40402331817,18822.506497452006,3128.1136498038786,0.0
162.0,412.4057446418556,30041.542490103024,18754.13962489526,3119.003766194732,0.0
163.0,410.62933475622066,29948.77573394755,18685.920473365524,3107.2675777330583,0.0
164.0,408.41141166751595,29863.607017890467,18604.71114327277,3100.5842958162552,0.0
165.0,406.2823673166731,29778.5453089906,18521.855184865806,3086.541333282874,0.0
166.0,404.3116662201119,29693.635820858908,18444.640492188344,3068.713903213048,0.0
167.0,402.5543027927595,29602.24884869685,18370.274342821627,3051.7045856389514,0.0
168.0,402.2797217801564,29508.788669270914,18295.57718879234,3282.0692131581723,0.0
169.0,402.6536845072393,29414.008038329255,18215.644001041095,3679.300409704154,0.0
170.0,403.5820101418245,29317.785816164862,18135.710813289847,3668.762361510164,0.0
171.0,404.67845427354797,29220.45635181852,18055.777625538598,3658.873569086893,0.0
172.0,405.11527747444495,29123.09787583632,17975.84443778735,3649.2818116888357,0.0
173.0,403.51986216296893,29028.08927856577,17895.911250036104,3642.0203588982486,0.0
174.0,401.8066216719769,28933.080681295214,17815.978062284856,3635.747231715148,0.0
175.0,400.0463495849646,28838.07208402466,17736.044874533607,3640.0663548176612,0.0
176.0,398.2950808187267,28743.06348675411,17656.111686782362,3642.012530609113,0.0
177.0,396.5783467565926,28648.054889483556,17576.57016569778,3642.419013506698,0.0
178.0,394.92275379252624,28553.046292213,17497.427163648885,3636.1516423245357,0.0
179.0,393.3531278347546,28458.037694942446,17453.087571042975,3605.0884921266934,0.0
180.0,391.8913267608881,28363.029097671893,17409.624428325908,3583.710174943751,0.0
181.0,390.534627754772,28268.82050040134,17367.029705563007,3562.6269544851866,0.0
182.0,389.2378305245096,28175.426780831767,17325.29492770449,3549.351702212782,0.0
183.0,387.9578591154025,28089.813144898122,17081.40423854967,3528.7201103669327,0.0
184.0,386.6778877062955,28004.344196161896,17033.767701644883,3504.774444498636,0.0
185.0,385.4880912341775,27910.95047659232,16954.659573459434,3487.4804954811893,0.0
186.0,384.3307523817607,27817.556757022743,16882.445488730325,3466.8263147967796,0.0
187.0,389.34793678686,27714.328419685386,16811.73365226759,3445.8300525447453,0.0
188.0,390.54920255416147,27614.881850490918,16742.528666691836,3436.96636759999,0.0
189.0,391.381229007446,27515.094958219783,16674.821306958842,3427.0871310160005,0.0
190.0,390.9601204446823,27416.449467207785,16607.37802976546,3406.81343220362,0.0
191.0,389.5643010611916,27318.898775986105,16540.004569572393,3386.0112835502846,0.0
192.0,388.06515987838077,27221.348084764424,16458.386749596513,3373.371691714917,0.0
193.0,386.46573326008166,27123.79739354274,16376.768929620628,3368.438804274608,0.0
194.0,384.87651510323275,27026.24670232106,16295.151109644745,3348.6094096133006,0.0
195.0,383.31530012873606,26928.696011099375,16213.533289668863,3336.5446111116653,0.0
196.0,381.8040075932229,26831.145319877694,16131.915469692982,3325.3360365678886,0.0
197.0,385.24642176516693,26733.594628656014,16050.297649717098,3319.974011341883,0.0
198.0,383.8759325659941,26636.04393743433,15968.679829741215,3322.1753670696066,0.0
199.0,391.46488426601564,26538.49324621265,15887.532009765333,3325.141531189881,0.0
200.0,390.2608267695848,26440.942554990965,15806.86154445882,3326.730729729523,0.0
201.0,389.06534661621436,26343.391863769284,15733.879596630688,3324.9969137062467,0.0
202.0,387.8698664628438,25016.174178844158,15662.44135330385,3562.1213066270743,0.0
203.0,386.67438630947333,24915.272697799526,15604.806430486626,3532.169291610759,0.0
204.0,385.47890615610277,24814.371216754895,15555.172112350308,3503.2894144919,0.0
205.0,384.28342600273226,24713.469735710267,15506.341774244329,3472.7011199594303,0.0
206.0,383.08794584936174,24612.56825466564,15451.502635806235,3451.918323249234,0.0
207.0,381.8924656959913,24511.666773621007,15389.573123103048,3423.09256339064,0.0
208.0,380.6969855426207,24410.765292576376,15327.801410025955,3398.6676022727984,0.0
209.0,379.5015053892502,24309.863811531748,15252.97030728758,3393.00414640292,0.0
210.0,378.30602523587964,24208.962330487117,15178.139204549205,3387.9617723099614,0.0
211.0,377.11054508250913,24108.06084944249,15103.30810181083,3391.962820350095,0.0
212.0,375.91506492913857,24007.15936839786,15028.946999072454,3390.971822161209,0.0
213.0,374.7195847757681,23906.25788735323,14955.064713437852,3386.186069696094,0.0
214.0,373.5241046223976,23805.3564063086,14888.76495488991,3376.160314916447,0.0
215.0,372.32862446902703,23704.45492526397,14822.591522256529,3362.4632686329833,0.0
216.0,371.1331443156565,23604.553444219342,14763.744298820864,3338.698345991976,0.0
217.0,369.937664162286,23505.66954950775,14691.180676029007,3326.1616631375323,0.0
218.0,368.74218400891544,23413.466025311383,14691.606090158304,3272.22531324769,0.0
219.0,367.546703855545,23321.379984335723,14611.830916424025,3264.629886389016,0.0
220.0,366.4012237021745,23223.496089624132,14535.67835730736,3257.659083142264,0.0
221.0,365.3182168626369,23126.615843126736,14467.61875401522,3257.765936556073,0.0
222.0,367.66279482866406,23032.999647571734,14393.182986557225,3258.988897739171,0.0
223.0,370.7659317135905,22937.962622472656,14321.786468415256,3257.492584386141,0.0
224.0,372.6021362937937,22844.11512874695,14242.451284450368,3255.4603903228594,0.0
225.0,371.1437590355527,22754.90520803339,14155.285181497511,3255.2064206071755,0.0
226.0,369.52131934279083,22666.72780535449,14116.563434079491,3222.671236627051,0.0
227.0,368.27123153558193,22577.296912218255,14024.992084473657,3218.8071240927834,0.0
228.0,366.9492080140129,22487.594417936925,13931.017291122791,3216.8681933714297,0.0
229.0,367.33897327541166,22388.003248635592,13840.298629731375,3206.2172778817726,0.0
230.0,366.41438330197275,22289.31365787665,13749.579968339958,3196.1960683693756,0.0
231.0,366.7677433757038,22187.995800974808,13658.861306948544,3186.7752719019823,0.0
232.0,364.3365515098122,22089.75777385806,13568.142645557127,3177.868879533059,0.0
233.0,362.5232773889432,21990.5541208852,13477.423984165713,3167.738213220078,0.0
234.0,360.1269549855774,21892.106415011138,15072.254435645247,3159.9221814363145,0.0
235.0,357.85579327717306,21793.658709137075,14988.66602073106,3155.133916578987,0.0
236.0,355.8023032824623,21695.21100326301,14905.480368300796,3143.659126801611,0.0
237.0,353.9801110501857,21596.763297388945,14826.207994252223,3152.1184003567128,0.0
238.0,352.3828410156261,21498.31559151488,14747.47026016018,3141.870949069098,0.0
239.0,350.89152511111143,21399.86788564082,14670.100294016735,3131.9569306380977,0.0
240.0,349.4991343734542,21301.420179766756,14594.158424121044,3124.557263907874,0.0
241.0,348.1760411665168,21202.97247389269,14546.268363634279,3099.720939630869,0.0
242.0,346.87740426952143,21104.52476801863,14499.789846929067,3071.7975648780703,0.0
243.0,345.57876737252593,21006.077062144563,14454.833671725504,3049.4556208702948,0.0
244.0,344.2801304755304,20907.6293562705,14407.433859143906,3036.6877028837102,0.0
245.0,342.98149357853504,20809.181650396433,14361.34622711295,3024.168370780752,0.0
246.0,341.6828566815395,20711.73394452237,14316.254402622191,3009.359644552085,0.0
247.0,340.3842197845441,20615.302495174128,14266.866355535509,2997.7061788899714,0.0
248.0,339.08558288754864,20525.891136713315,14187.342179590805,3370.846389957842,0.0
249.0,337.7869459905531,20437.612857441214,14105.794770153203,3357.2554518893407,0.0
250.0,336.48830909355763,20349.42713017921,14022.1954903458,3337.053151219375,0.0
251.0,335.22300552989554,20261.26545916112,13936.55973744415,3319.959346786883,0.0
252.0,334.0190423764357,20166.901450557118,13853.030573740605,3305.3155299599675,0.0
253.0,335.0881534743923,20069.231356017634,13769.50141003706,3297.7081595513478,0.0
254.0,338.1234630620604,19967.86203328331,13685.972246333515,3290.7219957820466,0.0
255.0,341.6502294461723,19864.249113613652,13602.44308262997,3282.0640171006503,0.0
256.0,343.9377544145959,19760.671226368515,13518.913918926424,3278.220861713388,0.0
257.0,345.5842615415315,19656.54727974504,13435.38475522288,3267.673571416798,0.0
258.0,343.9374828180197,19555.973474965638,13351.855591519334,3274.3535262098058,0.0
259.0,342.16461755134804,19455.399670186234,13268.32642781579,3277.2086168791907,0.0
260.0,340.36069342898617,19354.825865406834,13185.580597445578,3280.2573756668767,0.0
261.0,338.5553154991094,19254.252060627434,13103.62848094859,3131.367096639491,0.0
262.0,336.78291288464237,15201.561900324845,13035.296362914012,3117.866059212918,0.0
263.0,335.077746195148,15096.003089754156,12968.164005041755,3107.3840089853816,0.0
264.0,333.47243570008686,14991.777612516804,12902.578079417877,3093.7523125457965,0.0
265.0,331.99632188967587,14888.908697951447,12838.59357770814,3606.803502386614,0.0
266.0,330.6417820268954,14794.974423132084,12791.77317335794,3567.7722552189452,0.0
267.0,329.36924873729066,14701.19580764208,12743.87321107717,3530.4921727963037,0.0
268.0,328.1936955114943,14599.660226410055,12685.788059919878,3505.756774815355,0.0
269.0,327.0613741466637,14499.471890132203,12628.68421756799,3475.518202681068,0.0
270.0,327.8036532528938,14404.56499494694,12567.362479827942,3449.7823946474537,0.0
271.0,329.596979725701,14306.816839456676,12504.27275126998,3421.9457752744247,0.0
272.0,331.8313890711089,14197.674146642463,12421.08833030474,3412.3626156795453,0.0
273.0,331.20527088696986,14092.504319019621,12338.300975945123,3400.593140392923,0.0
274.0,330.47028788235053,13986.94231042798,12258.296596454711,3387.0283149252355,0.0
275.0,329.528302434774,13881.130955424975,13796.063384670777,3378.1028310213383,0.0
276.0,327.76704324731696,13776.328808259646,13721.182540809046,3369.209914847917,0.0
277.0,325.98828588864853,13671.526661094318,13646.721681596573,3382.778449829311,0.0
278.0,324.2184970439605,13566.724513928988,13572.67982033151,3706.066190534559,0.0
279.0,322.4905862672094,13461.922366763658,13498.685175332708,3712.6828988120687,0.0
280.0,320.83669254321416,13357.12021959833,13425.022655283268,3950.166205043375,0.0
281.0,319.28689948185416,13252.318072433001,13349.45581701091,3950.595479491817,0.0
282.0,317.8676926091175,13147.515925267673,13276.290787420736,3970.1559668598916,0.0
283.0,316.58154445456677,13042.713778102343,13203.574609458119,3986.555798520756,0.0
284.0,315.31626616071793,12937.911630937015,13131.666280495827,3977.4843647013163,0.0
285.0,340.63726492986547,12833.109483771686,13060.844382621173,3965.5323478909504,0.0
286.0,339.44764225433283,12728.307336606356,12999.105079528006,3941.240531188118,0.0
287.0,338.2652466979922,12623.505189441028,12946.16216972458,4097.057685725213,0.0
288.0,337.0828511416517,12518.7030422757,12894.094448511056,4067.4241253521045,0.0
289.0,335.9004555853111,12415.234228443704,12840.397833890831,4039.58219273801,0.0
290.0,334.7180600289705,12313.137777332964,12787.14827910707,4020.259547972276,0.0
291.0,333.53566447262995,12220.770657470104,12730.542585736252,3995.0209025815943,0.0
292.0,332.3532689162894,12128.646519365417,12663.902435759926,3984.304107526673,0.0
293.0,331.2065876456631,12036.871979391311,12586.721362719814,3984.0165432763943,0.0
294.0,330.11486814451996,11936.204045838958,12511.553342501344,3984.3606268274743,0.0
295.0,331.59898966203315,11829.630551331502,12436.385322282873,3990.7839464318404,0.0
296.0,334.3047472340153,11718.79456138414,12361.553016350115,3998.3856820485134,0.0
297.0,336.19013742152697,11607.524826616753,12287.070234544673,4002.4717426128154,0.0
298.0,334.8390937629903,11501.795897588827,12214.910524665916,4002.3249647662633,0.0
299.0,333.33283477393803,11396.066968560905,12143.203019693963,4002.773281346987,0.0
300.0,331.68254962838733,11290.338039532979,12071.948651345863,4001.6761149560766,0.0
301.0,329.8943454465069,11184.609110505056,12001.461174536355,3998.873104838238,0.0
302.0,328.10864760489545,11078.88018147713,11931.672716168492,3994.896726399058,0.0
303.0,326.353808438186,10973.151252449208,11864.630844593394,3988.013011691189,0.0
304.0,324.6636586160961,10867.422323421282,11800.783348937477,3971.188540893647,0.0
305.0,323.07021195784426,10761.69339439336,11737.772913341878,3952.698481984478,0.0
306.0,321.59899266430176,10655.964465365434,11675.322094601348,3932.956900512899,0.0
307.0,320.2643422939202,10551.568869670846,11613.504389343601,3915.850394725649,0.0
308.0,319.02125254114895,10448.524653478275,11549.739079928187,3904.6748872952066,0.0
309.0,317.7854136895625,10354.467740660628,11482.896631392448,3902.823622977253,0.0
310.0,316.5587974047852,10261.899559466923,11409.148768423858,3900.5105796205335,0.0
311.0,315.3438984125861,10170.81777600042,11334.006607450823,3895.656495370377,0.0
312.0,314.14276592300996,10081.220871871388,11259.301444171875,3891.115373185199,0.0
313.0,312.95010910386867,9991.632509117564,11183.476678713001,3892.28274218687,0.0
314.0,311.7860237132988,9902.052260670189,11106.564802886649,3887.946310148933,0.0
315.0,310.6654619592009,9804.53806212547,11036.726902609715,3875.9578887271873,0.0
316.0,311.5201127569708,9702.531598330168,10979.688335932959,3852.0408655392744,0.0
317.0,313.54276574208296,9596.71666199631,10923.869258818479,3827.4357932345924,0.0
318.0,316.0467991439677,9489.225544237475,10868.66107679808,3801.622263218809,0.0
319.0,315.1972252916074,9388.653660319735,10814.188048291457,3780.2445857930484,0.0
320.0,313.7956537974225,9297.983478232853,10755.258629554497,3760.0078423046925,0.0
321.0,312.326617656355,9208.79574488783,10694.896039475641,3918.4577479006853,0.0
322.0,310.80438321913977,9119.748802046961,10614.630696577504,3907.4508588738136,0.0
323.0,309.3254134892572,9030.812915171278,10533.28334228654,3895.179917772733,0.0
324.0,308.46438945548795,8932.483457020118,10460.328116272696,3879.0259091110347,0.0
325.0,309.5225040676643,8829.359547860258,10388.331575762082,3865.940464882208,0.0
326.0,309.19601721383845,8727.949623628736,10317.218754381835,3850.267992172537,0.0
327.0,308.7408930864591,8625.912757855138,10247.00669520378,3838.121374306753,0.0
328.0,309.96802334253726,8518.903553143691,10177.71984087354,3828.965546883983,0.0
329.0,308.7310584774111,8417.016547724239,10108.583239249909,3819.658700152142,0.0
330.0,307.23651045520313,8316.322018813878,10039.79802264132,3972.5587423517295,0.0
331.0,304.9849073332971,8226.154755394606,9961.148613895615,3962.896499416838,0.0
332.0,302.78871234586177,8136.44486069429,9882.858204525219,3950.8188223861052,0.0
333.0,300.7225192542389,8046.8514218184655,9803.159611528294,3939.756734868502,0.0
334.0,298.8675276177442,7950.1068673130985,9725.658978017927,3931.2203623022097,0.0
335.0,298.85150731068467,7850.9417407663295,9648.50188730018,3933.8012190952722,0.0
336.0,300.7125138639933,7756.277577519038,9568.277507627266,3932.2920919585176,0.0
337.0,302.4653451836781,7661.675713649545,9486.381836128014,3927.3318100811366,0.0
338.0,304.7932302868039,7564.095183099196,9402.693657810336,3914.8334821041676,0.0
339.0,306.16484449657975,7466.510090893984,7830.919697137679,3907.266819795658,0.0
340.0,306.37500826463554,7361.6411319339,7739.149203404985,3896.561228150823,0.0
341.0,304.9206073845787,7259.533718911878,7647.770376338956,3888.8475723401025,0.0
342.0,304.5284662941029,7154.530531436899,7557.198953447946,3882.2454602552916,0.0
343.0,303.15315032146543,7050.840879482929,7470.94343378772,3873.371267469035,0.0
344.0,303.303966800655,6942.9964576479315,7406.524414495516,3850.973838348196,0.0
345.0,301.0827092633853,6839.283476766153,7327.454846404916,3836.7709607865977,0.0
346.0,300.48268050266927,6731.55436376379,7255.34853637581,3823.538736006071,0.0
347.0,298.55905979361944,6625.990076399124,7182.509157665444,3811.3954557286797,0.0
348.0,297.0595133030188,6519.264474525752,7110.924913378491,3800.759103613103,0.0
349.0,295.38477047679004,6414.095800797036,7035.3695897955,3794.840480337177,0.0
350.0,293.309913089369,6311.2013709064395,6960.397233600907,3782.390776586892,0.0
351.0,291.39697005592956,6218.56468123119,6882.75116197219,3771.827810208815,0.0
352.0,289.6674568252706,6127.526170345922,6800.099956016488,3764.6429371338627,0.0
353.0,288.08921518907624,6038.133320224078,6711.2159255540655,3760.763146226791,0.0
354.0,313.2963226604561,5950.538831532958,6622.648435465446,3756.5935124074913,0.0
355.0,311.9641057288504,5863.232129833685,6532.73989203695,3744.113041898355,0.0
356.0,310.7031054746748,5776.198541576528,6449.831824602257,3725.8897405406806,0.0
357.0,309.47726336383107,5679.100962370252,6370.988509764531,3705.7477325031714,0.0
358.0,309.27684252442367,5579.378383163976,6292.927542283217,3685.6637957346666,0.0
359.0,310.6139550327847,5475.050678893877,7484.099369732715,3665.214182609565,0.0
360.0,312.36800951527874,5368.080925487715,7415.731938247709,3651.9896118807046,0.0
361.0,311.92182840265247,5265.192792044543,7347.543345463641,3635.9021893234753,0.0
362.0,311.4631460057807,5161.805964807235,7268.080094844716,3625.4098141055797,0.0
363.0,310.84410962079824,5058.265360608908,7188.616844225792,3615.04571585938,0.0
364.0,309.5355707053079,4956.060993076011,7109.1535936068685,3612.773871657796,0.0
365.0,308.2109288560898,4853.856625543113,7030.630342987944,3605.682733230881,0.0
366.0,306.8759827765089,4751.6522580102155,8707.434418135193,3601.748201810588,0.0
367.0,305.5382383867804,4649.447890477319,8670.62838460948,3754.353029558484,0.0
368.0,304.20563145779494,4547.243522944422,8635.761274568777,3738.1110323149583,0.0
369.0,302.886216183417,4445.039155411524,8602.570975612984,3716.856425400319,0.0
370.0,301.5877839633252,4342.834787878626,8571.416755059572,3698.705246550052,0.0
371.0,300.31747975417693,4241.963753679062,8539.692617517398,3679.9743873741536,0.0
372.0,299.0813150601964,4142.4409484347825,8509.126430226677,3659.066064485401,0.0
373.0,297.8668991714858,4051.4646518527848,8473.690282394133,3637.1179901652254,0.0
374.0,296.67229948321324,3961.946331497858,8399.569078893303,3643.1742184857744,0.0
375.0,295.4839497949407,3872.5077698004548,8322.41773948222,3634.3143920055095,0.0
376.0,294.3347813606738,3783.1483597018623,8242.204104176575,3630.734390249697,0.0
377.0,293.69804209731626,3685.13824180974,8164.52214785194,3623.922324661521,0.0
378.0,295.4492810311399,3580.576980997122,8086.840191527305,3615.0865842009216,0.0
379.0,298.0797165970218,3471.864104962643,8009.158235202673,3622.7398929609176,0.0
380.0,299.1525613782889,3364.7829873570786,4483.670216768041,3616.5228631016344,0.0
381.0,299.1695241821237,3258.78468895102,9174.883133062818,3610.7559786157035,0.0
382.0,297.65402565979304,3155.723781016038,9132.217801955447,3597.2008761920083,0.0
383.0,295.98336403023285,3052.662873081057,9090.387095602415,3514.976626490308,0.0
384.0,295.9805572032817,2944.8740288574363,9019.33636600646,3518.4463254259667,0.0
385.0,294.18874215704284,2840.840516885935,8949.711747083946,3447.5285162387772,0.0
386.0,292.41160515429084,2736.8070049144335,8881.356054635418,3443.6858627421616,0.0
387.0,290.68357690711565,2632.7734929429316,8844.879642624994,3427.329398835032,0.0
388.0,289.03816819755485,2528.7399809714307,8782.158335297574,3423.506592139531,0.0
389.0,287.50648036637,2424.706468999929,8723.82308832608,3417.178353501014,0.0
390.0,271.5898548208628,2320.6729570284274,8668.125261607878,3462.5118145829115,0.0
391.0,270.2254710208404,2216.639445056926,8615.134230650863,3644.0519419915536,0.0
392.0,268.8744893800134,2112.6059330854246,8593.55102914828,3547.8790349623473,0.0
393.0,267.53239807556184,2008.572421113923,8573.241954141307,3521.8367917278747,0.0
394.0,266.2067392154102,1905.8722424757548,8549.27324022334,3496.6964131459517,0.0
395.0,264.90461425279324,1804.5371694800374,8521.970624824782,3472.0026254996046,0.0
396.0,263.63232505146544,1713.45977797763,8461.449650125433,3462.473463615793,0.0
397.0,262.3950367597783,1623.915731642112,8399.069661788497,3447.531214561451,0.0
398.0,261.1855264131985,1543.6520004008912,8326.490864404048,3451.3151226669083,0.0
399.0,260.0207881288288,2191.212848630462,8265.873073083823,3452.146111549317,0.0
400.0,259.3986103573179,2095.5897233820974,8207.243929236085,3452.9741712197447,0.0
401.0,262.43341684906466,1986.78877600337,8180.900168329902,3447.2731190900317,0.0
402.0,264.40541766193525,1879.0438367927618,8156.732859597198,3441.951529260253,0.0
403.0,264.4161351188295,1775.588945063078,8131.1219770048265,3435.290274544781,0.0
404.0,263.81858964861544,1672.9207332672436,8107.658414331554,3408.9252017462486,0.0
405.0,263.0665850481507,1571.9052931205374,8051.398682521679,3393.3041513183202,0.0
406.0,261.5671269588254,1474.7038089860298,7992.724373984265,3379.424454055248,0.0
407.0,260.04831105586925,1390.6877674925768,7928.492085078207,3365.1378274983863,0.0
408.0,258.52551498130936,1308.9456047810077,7861.223925811162,3359.549762628272,0.0
409.0,257.01826472914576,1227.3928804045606,10392.498588460843,3346.4438179203826,0.0
410.0,255.56750645578833,1145.882708793708,10323.907782674343,3333.8209821204305,0.0
411.0,254.22721438309205,1052.8278446228787,10258.945709893826,3327.9461233382362,0.0
412.0,254.62626680128585,953.9933751888912,10193.983637113306,3317.7060266991384,0.0
413.0,257.51728697165214,845.1533915943168,10129.021564332787,3308.1666270735614,0.0
414.0,259.13628857182226,737.1831336009832,10064.05949155227,3301.079620439298,0.0
415.0,258.6045631689837,633.8711678858876,9999.097418771751,3295.662167356707,0.0
416.0,257.6481673068019,530.5931620242461,9934.918679324566,3287.7047050316282,0.0
417.0,255.8317284714419,429.3057760081496,9871.540168309071,3280.5512526959446,0.0
418.0,253.98309355484952,328.0183899920532,9811.463213371397,3271.5200195658254,0.0
419.0,252.16395651768315,226.73100397595675,9752.307733777548,3262.481607992296,0.0
420.0,250.39659823215635,253.02780613740632,9694.161768422011,3264.22637726857,0.0
421.0,248.70018132798504,152.67570967518435,9637.053597609683,3254.0900907920177,0.0
422.0,247.10853683661384,52.323613212962385,9580.04794096519,3251.4970704094553,0.0
423.0,245.6512153003333,NaN,9523.141128806405,3239.0894849491224,0.0
424.0,244.32142472204595,NaN,9463.298666935154,3227.057138358013,0.0
425.0,243.04788161592919,NaN,9403.456205063903,3432.036941547865,0.0
426.0,241.78004068854028,NaN,9343.613743192653,3327.788413415478,0.0
427.0,240.50503426831838,NaN,9283.771281321402,3316.369457507022,0.0
428.0,239.2266282283731,NaN,9223.928819450151,3302.6203415586306,0.0
429.0,237.94892216350567,NaN,9164.086357578903,3291.308274707785,0.0
430.0,236.6761689634189,NaN,9104.243895707652,3280.0265933490796,0.0
431.0,235.41257885431668,NaN,9044.401433836403,3269.0849989690664,0.0
432.0,234.16211655233877,NaN,13476.985910152984,3271.109261105012,0.0
433.0,232.92830089457902,NaN,13427.657888897993,3263.1427557350708,0.0
434.0,231.7140166217272,NaN,13378.329867643002,3253.8470296497,0.0
435.0,230.5112972866781,NaN,13330.176846388009,3134.8385776851255,0.0
436.0,229.30857795162896,NaN,13282.023825133017,3125.456147351819,0.0
437.0,228.10585861657987,NaN,13447.50716751439,3068.7263044822494,0.0
438.0,226.90313928153074,NaN,13399.354146259397,3058.946312263562,0.0
439.0,225.70041994648165,NaN,13351.201125004405,3049.3750209905224,0.0
440.0,224.49770061143255,40000.0,13303.048103749414,3053.1986907718288,0.0
441.0,223.29498127638342,39914.03836201783,13254.895082494422,3054.907673049366,0.0
442.0,222.0922619413343,39828.076724035665,13206.74206123943,3042.9197697671057,0.0
443.0,220.8895426062852,39742.1150860535,13158.589039984437,3030.9318664848447,0.0
444.0,219.6868232712361,39656.15344807133,13110.436018729446,3396.4424839990897,0.0
445.0,218.48410393618698,39570.19181008916,13062.282997474455,3384.8453447203046,0.0
446.0,217.28138460113786,39484.230172106996,13014.129976219461,3373.248205441521,0.0
447.0,216.07866526608876,39398.26853412483,12965.97695496447,3361.6510661627362,0.0
448.0,214.8830887881825,39312.30689614266,12917.823933709478,3350.053926883952,0.0
449.0,213.69877091484994,39226.345258160494,12869.670912454487,3338.456787605168,0.0
450.0,213.15464660022883,39136.00862017833,12821.517891199495,3326.859648326383,0.0
451.0,212.9670945064932,39042.351086894756,12773.364869944502,3315.262509047599,0.0
452.0,213.086580127869,38945.022430489604,12725.21184868951,3303.6653697688153,0.0
453.0,211.83326890277272,38855.2981502195,12677.05882743452,3292.06823049003,0.0
454.0,210.53109487215454,38765.5738699494,12628.905806179526,3280.471091211246,0.0
455.0,209.18469912991526,38675.8495896793,12580.752784924534,3268.8739519324618,0.0
456.0,207.78533889212798,38586.1253094092,12532.599763669543,3257.276812653677,0.0
457.0,207.02475809510057,38491.55923910458,12484.446742414551,3245.6796733748934,0.0
458.0,205.52951189915328,38405.59760112241,12436.29372115956,3234.0825340961087,0.0
459.0,204.99221887540037,38312.573450670934,12388.140699904567,3222.4853948173245,0.0
460.0,204.5135935972737,38628.21718276189,12134.598449074821,3210.8882555385403,0.0
461.0,204.1448125887529,38530.15886588407,12081.436635870476,3199.291116259756,0.0
462.0,203.44227731089424,38437.157660139375,12030.11274301782,3187.6939769809715,0.0
463.0,202.87591005512922,38341.87835755483,12252.603418279628,3108.1075264750907,0.0
464.0,202.41176273917134,38412.67521091747,12395.29170470345,3027.2328916889533,0.0
465.0,202.3420262828967,38310.49540943077,12619.922311031125,2946.1836093083857,0.0
466.0,201.80986436890757,38212.894057237485,12777.80886101731,2881.986773738651,0.0
467.0,201.25296371404627,38117.770371785286,12961.10536257071,2960.786107389779,0.0
468.0,200.6461498555872,38093.572843739974,13111.512747935945,2926.793803645081,0.0
469.0,200.54909243057142,38059.36170280438,13022.654428827072,2930.338058514704,0.0
470.0,198.58383382796646,37967.10325809381,13107.34601549817,2898.2226980572955,0.0
471.0,197.22418254822048,37870.76037263248,13165.866735186557,2872.82201429131,0.0
472.0,195.98161782651576,37772.71495750647,13105.053041041423,2877.0351715138777,0.0
473.0,196.2831264832541,38831.4971181,13044.23934689629,2863.274404163405,0.0
474.0,195.8991935320814,38735.05416898633,12984.600652751156,2849.513636812933,0.0
475.0,193.98719057828774,38642.91448054025,12926.16076023972,2835.7528694624602,0.0
476.0,192.20247608174333,38550.77479209416,12966.40624678772,2797.6261106435554,0.0
477.0,190.57311363037016,38460.63510364808,13009.868926742047,2758.6557770130985,0.0
478.0,189.02099360732436,38370.49541520199,13056.470492066084,2718.8594574633307,0.0
479.0,187.56521650070937,38299.76671332899,13086.72556355196,2678.2538614418836,0.0
480.0,186.22116105672757,38209.6270248829,13133.422966953955,2636.854862924005,0.0
481.0,184.92040914522968,38119.48733643682,13182.947439738793,2594.6775421861826,0.0
482.0,183.61965723373177,38029.34764799073,13209.228904983021,2558.2349166813938,0.0
483.0,182.3189053222339,37939.20795954465,13237.101115783533,2521.3403276473564,0.0
484.0,181.018153410736,37849.068271098564,13265.317061526539,2483.9967013818637,0.0
485.0,179.7174014992381,37758.92858265248,13293.859555464915,2446.206817867822,0.0
486.0,178.41664958774018,37668.788894206395,13239.440581284616,2428.7912403150576,0.0
487.0,177.11589767624227,37578.64920576031,13185.021607104316,2411.3756627622943,0.0
488.0,175.8151457647444,37488.509517314225,13130.602632924018,2393.96008520953,0.0
489.0,174.51439385324647,37398.36982886814,13076.18365874372,2376.544507656766,0.0
490.0,173.21364194174862,37308.230140422056,13021.76468456342,2359.1289301040024,0.0
491.0,171.91289003025068,37218.09045197597,12967.345710383122,2341.713352551239,0.0
492.0,170.6121381187528,37127.95076352989,12912.926736202824,2324.2977749984752,0.0
493.0,169.31138620725488,37037.8110750838,12858.507762022526,2637.823290272625,0.0
494.0,168.010634295757,36947.67138663772,12804.088787842225,2619.5197730694663,0.0
495.0,166.70988238425912,36857.53169819163,12749.669813661927,2601.2162558663076,0.0
496.0,165.40913047276123,36767.39200974555,12695.250839481629,2286.93929647216,0.0
497.0,164.10837856126332,36677.252321299464,12640.83186530133,2267.555425779889,0.0
498.0,162.80762664976544,36587.11263285338,12586.412891121032,2248.1715550876183,0.0
499.0,161.50687473826753,36496.972944407295,12531.993916940733,2710.3894437674408,0.0
500.0,160.20612282676964,36406.83325596121,16151.716628506958,2692.0669894063026,0.0
501.0,158.90537091527173,36316.693567515125,16098.919388751525,2673.7445350451644,0.0
502.0,157.60461900377385,36226.55387906904,16046.122148996092,2655.4220806840262,0.0
503.0,156.30386709227596,36136.414190622956,17869.993681930493,2637.099626322888,0.0
504.0,155.00311518077805,36046.27450217687,17817.935769703334,2618.777171961751,0.0
505.0,153.70236326928017,35956.13481373079,17765.877857476175,2600.454717600612,0.0
506.0,152.40161135778226,35865.9951252847,17713.81994524901,2582.2122632394744,0.0
507.0,151.10085944628437,35775.85543683862,17661.76203302185,2564.0522300185658,0.0
508.0,149.80010753478646,35685.71574839253,17609.70412079469,2093.985023885776,0.0
509.0,148.49935562328858,35595.57605994645,22678.20415226628,2092.305784196911,0.0
510.0,147.1986037117907,35505.436371500364,22625.17239849164,2091.2150622916197,0.0
511.0,145.8978518002928,35415.29668305428,22572.140644716997,2090.69092361099,0.0
512.0,144.59709988879493,35325.156994608195,22519.108890942356,2090.710225172716,0.0
513.0,143.29634797729702,35235.01730616211,22466.860470501044,2091.145100942199,0.0
514.0,141.9955960657991,35144.877617716025,22415.395383393072,2091.55839507229,0.0
515.0,140.69484415430122,35054.73792926994,22520.59696295176,1994.492820466737,0.0
516.0,139.3940922428033,34964.598240823856,22625.798542510456,2277.116658401904,0.0
517.0,138.09334033130546,34874.45855237777,22574.33345540248,2863.2069265022574,0.0
518.0,136.79258841980754,34784.31886393169,22522.86836829451,2840.9686669734083,0.0
519.0,135.49183650830966,34694.1791754856,22471.40328118653,2818.7304074445597,0.0
520.0,134.19108459681175,34604.03948703952,22419.938194078557,2796.492147915711,0.0
521.0,132.89033268531387,34513.89979859343,22368.47310697058,2774.2538883868624,0.0
522.0,99.5826572880375,34423.76011014735,22317.00801986261,2752.0156288580133,0.0
523.0,98.25124140729007,34333.620421701264,22265.542932754634,2729.7773693291647,0.0
524.0,96.91982552654265,34243.48073325518,22214.07784564666,2707.539109800316,0.0
525.0,95.58840964579522,34153.341044809094,22162.612758538682,2685.4408502714673,0.0
526.0,94.25699376504781,34063.201356363,22111.14767143071,2663.4868277380197,0.0
527.0,92.9255778843004,33973.06166791692,22059.682584322734,2666.969124628261,0.0
528.0,94.68755596349722,33882.92197947083,22008.217497214762,2671.3688317079323,0.0
529.0,92.25552148985751,33792.78229102475,21956.752410106787,2676.6513154629642,0.0
530.0,90.90803179361659,33702.642602578664,21905.287322998814,2682.9236740549886,0.0
531.0,89.56054209737566,33612.50291413257,21853.822235890835,2690.0111930105463,0.0
532.0,88.21305240113475,33522.36322568649,21802.357148782863,2725.7220732777396,0.0
533.0,86.86556270489382,33432.2235372404,21750.892061674887,2733.400581085845,0.0
534.0,85.51807300865289,33342.08384879431,21699.426974566915,2712.3607857904835,0.0
535.0,84.17058331241198,33251.94416034823,21647.96188745894,2691.460990495123,0.0
536.0,82.82309361617106,33161.80447190214,21596.496800350968,2670.707188964165,0.0
537.0,81.47560391993014,33071.66478345606,21545.03171324299,2311.5278760923084,0.0
538.0,80.12811422368921,32981.52509500997,21493.566626135016,2312.2607228542897,0.0
539.0,69.20000607469284,32891.38540656388,21442.10153902704,2314.153163572507,0.0
540.0,67.79067576781694,32801.245718117796,21390.63645191907,2317.164543568352,0.0
541.0,66.38134546094103,32711.10602967171,21339.171364811093,2321.2526073027857,0.0
542.0,97.7771058741886,32620.966341225623,21287.70627770312,2326.373178835063,0.0
543.0,230.81022189757505,32530.826652779535,21236.24119059514,2331.810601916386,0.0
544.0,229.4145372503972,32440.68696433345,21184.77610348717,2337.234599164715,0.0
545.0,228.01885260321927,32350.547275887366,21133.311016379193,2315.049417810943,0.0
546.0,226.62316795604136,32260.407587441277,21081.84592927122,2326.77932902209,0.0
547.0,225.2274833088635,32170.26789899519,21030.380842163246,2339.7324538191447,0.0
548.0,223.83179866168558,32080.128210549105,20978.915755055274,2353.862614183345,0.0
549.0,222.43611401450767,31989.98852210302,20927.450667947294,2369.1259409968693,0.0
550.0,221.04042936732975,31899.84883365693,20875.985580839322,2385.476148295105,0.0
551.0,219.6447447201519,31809.709145210843,20824.520493731347,2402.6575040088546,0.0
552.0,218.24906007297398,31719.56945676476,20773.055406623374,2419.7956964438204,0.0
553.0,216.85337542579606,31629.429768318674,20721.5903195154,3198.982113555623,0.0
554.0,215.4576907786182,31539.290079872586,20670.125232407427,3180.2910206073693,0.0
555.0,214.06200613144028,31449.150391426498,20618.660145299447,3161.7459214235196,0.0
556.0,212.66632148426237,31359.010702980413,20567.195058191475,3160.7467819292933,0.0
557.0,211.27063683708445,31268.87101453433,20515.7299710835,3160.6494337011436,0.0
558.0,209.87495218990654,31178.73132608824,20464.264883975527,3161.42178094017,0.0
559.0,313.2837594933532,31088.591637642152,20412.79979686755,3163.033332637418,0.0
560.0,311.97991300284906,33998.96796613071,20361.33470975958,3165.4523971386075,0.0
561.0,310.6760665123449,35433.001209045295,20309.8696226516,3168.6458424881794,0.0
562.0,309.3722200218408,35345.301258362175,20258.40453554363,3172.0769264995356,0.0
563.0,308.06837353133665,35257.60130767907,20206.939448435653,3175.4979411361464,0.0
564.0,306.7645270408325,35169.90135699596,20155.47436132768,3158.212071821182,0.0
565.0,305.46068055032833,35082.20140631284,20104.009274219705,3166.3625219299065,0.0
566.0,304.1568340598242,34994.501455629725,20052.544187111733,3175.4303822280613,0.0
567.0,302.8529875693201,34906.80150494661,20001.079100003753,3185.381019201576,0.0
568.0,301.5491410788159,34819.1015542635,19949.61401289578,3196.181531012083,0.0
569.0,300.24529458831176,34731.40160358039,19898.148925787806,3207.7972031861236,0.0
570.0,298.94144809780767,34643.701652897274,19846.683838679834,3220.0362366718005,0.0
571.0,297.6376016073035,34556.001702214155,19796.00208490519,3232.2428976983883,0.0
572.0,296.33375511679935,34468.30175153105,19746.11700494628,3215.73125562151,0.0
573.0,295.0299086262952,34380.60180084794,19742.088041260547,3165.5745292743813,0.0
574.0,293.72606213579104,34292.90185016482,19739.63871398274,3114.2884230891814,0.0
575.0,292.42221564528694,34205.201899481704,19738.585400237647,3079.290182888235,0.0
576.0,291.1183691547828,34117.50194879859,19738.076586516236,3044.3353118642294,0.0
577.0,289.8145226642786,34030.80199811548,19737.739006558153,3009.395672529708,0.0
578.0,288.5106761737745,34875.88455598725,19721.928242744867,2986.1714262193686,0.0
579.0,287.20682968327037,34801.87653107762,19663.913127799362,2986.831789685929,0.0
580.0,285.9029831927662,34728.019282701345,19601.83056965384,2988.2665340008707,0.0
581.0,284.649136702262,34654.305681953316,19535.63293572274,2990.2189169775975,0.0
582.0,283.4317338202204,34569.5137756142,19476.490006927226,2992.4526958395672,0.0
583.0,288.8219892534108,34480.31919592504,19417.34707813171,3006.533336518261,0.0
584.0,290.24704353265724,34393.20374390706,19358.20414933619,3038.5212473701686,0.0
585.0,292.31105916665774,34305.16143535007,19299.061220540676,3072.7263896877053,0.0
586.0,294.81209678007826,34216.098430293525,19239.918291745158,3109.07460415298,0.0
587.0,297.54926031692787,34125.92813667984,19180.77536294964,3147.333323786098,0.0
588.0,297.8299934247175,34036.28664617559,19121.632434154122,3187.4284695444126,0.0
589.0,297.6261583848773,33946.10738541529,19062.489505358608,3210.4569396233765,0.0
590.0,296.5566230069992,33856.08265300154,19003.346576563094,3234.1994982629694,0.0
591.0,295.4638681469619,33765.60028847163,18944.203647767576,3240.238478758852,0.0
592.0,291.6653146979641,33676.528347442334,18885.060718972058,3246.8681860758616,0.0
593.0,287.90174502418836,33587.45640641303,18825.91779017654,3253.7199701559266,0.0
594.0,284.2145954541955,33498.38446538374,18767.558194714355,3277.9828905987492,0.0
595.0,280.64089774018237,33409.31252435444,18709.99353944709,3281.4042236985742,0.0
596.0,277.2616978872197,33320.24058332515,18678.641338969748,3267.065600971915,0.0
597.0,274.12446238088046,33231.16864229585,18649.25712751145,3252.4254279493784,0.0
598.0,271.1521570645324,33142.09670126655,18646.466143012614,3198.8305451997267,0.0
599.0,268.4238829232336,33053.024760237255,18645.759228992927,3143.6554888228484,0.0
600.0,266.01070965353097,32963.95281920796,18646.61621799421,3086.661662993244,0.0
601.0,263.97191421468256,32874.880878178665,18649.03162226824,3046.36305638922,0.0
602.0,262.2593718789054,32785.80893714937,19845.087291981694,3015.780164951924,0.0
603.0,260.5468295431283,32696.73699612007,19816.260662543566,2994.3262279575256,0.0
604.0,258.83428720735117,32607.665055090776,19766.630809146023,2993.0267213710445,0.0
605.0,257.12174487157404,32518.59311406148,19717.00095574848,3012.9144536472695,0.0
606.0,255.40920253579694,32429.521173032183,19667.371102350942,3033.9459471169434,0.0
607.0,335.7977734666799,32340.449232002888,19617.7412489534,3056.31337118791,0.0
608.0,334.30523104885276,32251.377290973593,19568.111395555858,3069.543344606671,0.0
609.0,332.8126886310256,32162.305349944294,19518.481542158315,3072.1003824677477,0.0
610.0,331.3201462131984,32073.233408915,19468.851688760777,3075.593751891996,0.0
611.0,329.82760379537126,31984.161467885704,19419.221835363234,3106.4066979378804,0.0
612.0,328.3350613775441,31895.089526856405,19369.591981965692,3112.2876460005937,0.0
613.0,326.8425189597169,31806.01758582711,19319.962128568153,3106.7650634787196,0.0
614.0,325.34997654188976,31716.945644797815,19270.33227517061,3088.690089653443,0.0
615.0,323.8574341240626,31627.873703768517,19220.70242177307,3080.0333386203793,0.0
616.0,322.3648917062354,31538.801762739222,19171.072568375526,3072.3270491645017,0.0
617.0,320.87234928840826,31449.729821709927,19122.030214977985,3054.710235683585,0.0
618.0,319.37980687058115,31360.65788068063,19073.576022979258,3067.9152521865144,0.0
619.0,317.887264452754,31271.585939651333,19043.589246157473,3031.8310235286535,0.0
620.0,316.3947220349268,31182.51399862204,19259.04851579938,2995.1817232511703,0.0
621.0,314.9021796170997,31094.775390926075,20929.28141603527,2976.4790102264656,0.0
622.0,313.40963719927254,31008.378808386467,20879.573802031005,2968.0018511716266,0.0
623.0,311.91709478144537,30935.227588498834,20817.971418063305,2959.6049279140475,0.0
624.0,310.4245523636182,30862.153909037766,20752.37482700238,2960.092593940022,0.0
625.0,308.96534327912434,30789.156661195062,20682.759605426294,2961.903146169872,0.0
626.0,307.55655756452586,30704.110671343995,20621.225759835976,2965.0084786622074,0.0
627.0,308.58935079294764,30616.68937706803,20559.691914245665,2977.621851244926,0.0
628.0,310.92406896137413,30527.51379287487,20498.15806865535,2991.3736773280416,0.0
629.0,360.8248847442826,30436.397855034946,20437.407556398368,2986.624791491864,0.0
630.0,363.95832940891074,30343.16960401987,20377.465328121423,2982.009119659637,0.0
631.0,392.4037205091007,30250.675668665037,20332.68262645807,2966.5640845790153,0.0
632.0,393.6396584097929,30156.80827179685,20289.212373273775,2938.5781436815196,0.0
633.0,394.7201854594599,30061.913527642362,20247.064756184787,2909.7319111697007,0.0
634.0,395.4722226332551,29966.161944919328,20206.249193710508,2890.4197838065293,0.0
635.0,394.38490463729124,29872.180124078393,20165.851579373182,2869.5025929928015,0.0
636.0,392.3236101502969,29779.44998318208,20125.858218852878,2847.1178922373465,0.0
637.0,390.2713718637034,29686.719842285755,20069.38465935092,3613.912290902352,0.0
638.0,388.2410446667234,29593.98970138944,20012.911099848963,3612.561629554393,0.0
639.0,386.24407449114733,29501.259560493116,19956.437540347004,3611.0591284685606,0.0
640.0,384.31229791564823,29408.5294195968,19899.963980845045,3611.4350777331147,0.0
641.0,382.46015752641074,29315.79927870048,19843.490421343085,3612.276247737799,0.0
642.0,380.6847108325192,29223.069137804167,19787.016861841126,3665.129952140454,0.0
643.0,379.0211551037167,29130.33899690784,19730.54330233917,3713.8590261712316,0.0
644.0,377.50088429342225,29037.608856011528,19674.06974283721,3712.249623571656,0.0
645.0,376.1498199727761,28944.87871511521,19618.118405557474,3711.2045991379337,0.0
646.0,374.86359858981336,28852.14857421889,19562.64477091082,3712.787036330893,0.0
647.0,373.57737720685066,28759.418433322575,19663.837802930837,3479.566048696569,0.0
648.0,372.29115582388795,28666.688292426257,19751.67495820954,3343.313348945158,0.0
649.0,371.00493444092524,28573.95815152994,19696.984656896224,3330.08275309328,0.0
650.0,369.71871305796253,28481.22801063362,19643.098787966494,3388.899513531812,0.0
651.0,368.4324916749999,28388.497869737304,19604.364489738644,3435.402761887493,0.0
652.0,367.1462702920372,31221.825796630743,19566.86775845194,3482.1162899992655,0.0
653.0,365.8600489090745,31131.022771970558,19530.617546373705,3528.9474976426254,0.0
654.0,364.5738275261118,31040.21974731037,19495.766010713272,3501.825301975488,0.0
655.0,363.28760614314916,30949.41672265019,19462.29246913137,3473.3932460266237,0.0
656.0,362.00138476018645,30858.61369799001,19429.283661954847,3442.704472423661,0.0
657.0,360.71516337722375,30767.810673329826,19396.179450789383,3411.3585805753855,0.0
658.0,359.4289419942611,30677.007648669638,19346.649166752406,3390.8091392489905,0.0
659.0,358.1427206112984,30586.204624009457,19297.11888271543,3396.241645356092,0.0
660.0,356.8564992283357,30495.40159934928,19247.588598678452,3389.8913823307284,0.0
661.0,355.57027784537297,30404.598574689095,19198.058314641472,3393.0298332644006,0.0
662.0,354.28405646241026,30313.795550028906,19148.528030604495,3397.053297262772,0.0
663.0,352.99783507944755,30222.992525368725,19098.997746567515,3388.88894837056,0.0
664.0,351.7116136964849,30132.189500708548,19049.467462530538,3390.4888321422386,0.0
665.0,350.42539231352225,29683.53762088868,18999.93717849356,3383.6177516783027,0.0
666.0,349.13917093055954,29590.673483114697,18950.406894456584,3377.3724162371805,0.0
667.0,347.85294954759684,29497.809345340716,18900.876610419604,3373.0955466692817,0.0
668.0,346.5667281646342,29404.945207566736,18851.346326382627,3369.111269760484,0.0
669.0,345.28050678167153,29312.081069792755,18801.816042345647,3413.600908117599,0.0
670.0,343.99428539870877,29219.21693201877,18752.28575830867,3408.9772127801893,0.0
671.0,342.7080640157461,29126.352794244794,18702.755474271693,3405.222021073221,0.0
672.0,341.4218426327834,29033.48865647081,18653.225190234716,3411.4549076989715,0.0
673.0,340.1356212498207,28940.624518696826,18603.694906197736,3418.4013828343013,0.0
674.0,423.8764780121973,28847.760380922846,18554.94795549409,3426.025767053731,0.0
675.0,422.7607747238722,28754.89624314886,18506.201004790448,3413.2655757278835,0.0
676.0,421.64507143554715,31496.524079031165,18471.7810384749,3379.0149078198874,0.0
677.0,420.52936814722204,31405.50584760483,18423.034087771255,3365.5124313479696,0.0
678.0,419.4511648588969,31315.487616178492,18374.28713706761,3352.9653912848034,0.0
679.0,418.3729615705718,31226.475649525673,18325.540186363967,3362.1830633718655,0.0
680.0,424.05672597940463,31138.48491815851,18267.678090623023,3432.865590698211,0.0
681.0,422.7830539410795,31057.78310259051,18206.709298426857,3494.741784413184,0.0
682.0,421.40069309573846,30978.14805133576,18142.63466960971,3549.0653818566702,0.0
683.0,419.91080688135446,30902.101003957923,18084.01922034297,3585.802966893544,0.0
684.0,418.3475758385115,30826.11435985098,18020.551793542778,3555.9466895304668,0.0
685.0,416.73313956199524,30739.557705860258,17966.80998251516,3528.9621444869663,0.0
686.0,417.28901968578054,30650.80055439001,17913.31072455246,3512.284674737747,0.0
687.0,418.2394381251224,30561.14143976815,17860.19888140158,3555.9074662951202,0.0
688.0,420.4285110434209,30470.577475965467,17808.37887398414,3533.9184430455553,0.0
689.0,420.36389795970916,30381.20419071659,17756.510264141394,3510.192612102061,0.0
690.0,419.4552500116331,30302.548201949034,17692.036385504693,3484.0727660465705,0.0
691.0,419.17696679967116,30213.210038883666,17626.942310088936,3474.4547040931793,0.0
692.0,418.3589827382172,30323.71255144624,17295.18156800651,3458.8855649688517,0.0
693.0,418.88701888673785,30232.25026682938,17226.748315219294,3535.5379671671026,0.0
694.0,417.12403628598383,30142.135645539038,17158.898200433312,3534.71751908753,0.0
695.0,418.25924111061704,30048.63778218483,17239.080877690314,3311.8887744912263,0.0
696.0,416.6605203594839,29956.708888834175,17321.299995945912,3094.219315041688,0.0
697.0,415.15266517999765,29864.169135673532,17405.54309148346,2867.7441743399763,0.0
698.0,413.8976317722828,29770.88357889481,17491.795794412123,2714.896447480483,0.0
699.0,413.0205922489122,29676.778916439765,17580.21518228173,2573.4341317203844,0.0
700.0,411.21411890720634,29583.13934849913,17671.61573442045,2408.9988051999344,0.0
701.0,409.751774305356,29490.04329835277,17616.11727491313,2379.624121024099,0.0
702.0,408.4604217143057,29396.555393847473,17692.5261086438,2152.3657261087724,0.0
703.0,407.3163533371524,29434.708318210076,17557.726402896318,1977.0670122604474,0.0
704.0,406.3686197142233,29342.47068438275,17502.213496239947,1940.522590369279,0.0
705.0,405.64892818489767,29250.8560139923,17446.99028789087,1950.2073057635735,0.0
706.0,405.82622821337407,29238.844779593674,17285.550876916364,1977.3161548721055,0.0
707.0,406.20897739121847,29152.656571172367,17206.09085301907,2031.0605725176465,0.0
708.0,406.72513379637843,29108.589583225632,17065.502570336725,2046.9978749288962,0.0
709.0,407.5075227878974,29014.371881750365,16986.603262224646,2151.698217739931,0.0
710.0,410.0866286985224,28917.715664150106,16907.70395411257,2160.556052013488,0.0
711.0,413.59802654301586,28819.00832684262,16828.804646000495,2171.0925226780464,0.0
712.0,418.0043281510208,28717.989797908762,16749.90533788842,2182.6678541369283,0.0
713.0,419.0410546708022,28618.634529051484,16671.006029776345,2194.356924967666,0.0
714.0,419.30236017578,28519.26145938443,16592.10672166427,2171.7032199094415,0.0
715.0,418.665564874311,28420.21037859079,16513.207413552194,2221.8581957227602,0.0
716.0,416.48233391710056,28322.363542412946,16434.308105440115,2238.054603602793,0.0
717.0,414.3933394723684,28224.516706235103,16355.40879732804,2253.1788465110735,0.0
718.0,412.5302750997659,28126.66987005726,16276.509489215965,2270.406335307454,0.0
719.0,410.68656207313836,28028.823033879413,18023.795135827917,2288.8119659923823,0.0
720.0,408.9002329790669,30344.780958161253,17953.670580335478,2308.32817411066,0.0
721.0,425.7507792302981,30249.31521631233,17948.037945259646,2181.6189431915886,0.0
722.0,424.94420900066956,30153.146959897695,18012.044925478694,1896.9103140115835,0.0
723.0,423.50124383606715,30057.52121804876,19167.07151046034,1596.9853648376957,0.0
724.0,422.81960011891726,29961.193866877784,19221.530261574153,1308.7923852285708,0.0
725.0,421.451186559823,29865.408125028855,19281.066011708423,1082.454315537865,0.0
726.0,420.8169463006381,29768.921353213813,19344.73754101524,781.1038889056609,0.0
727.0,419.509628689068,29673.775611364887,19353.632682913696,619.4413961317011,0.0
728.0,418.93466854962367,29578.7421099017,19291.89046296131,1006.6862492708242,0.0
729.0,418.7290956184435,29488.995303257492,19225.135718818565,1039.7226237236343,0.0
730.0,418.3138542998112,29400.128761738466,19155.95015045471,1075.1890774415383,0.0
731.0,416.92172247349794,29312.059895949842,19084.298448841324,1043.4526531466497,0.0
732.0,415.49867970438953,29226.532655741983,19007.680547891785,1151.8017402342261,0.0
733.0,414.61853151024616,29132.708851966592,18936.16329727637,1350.4156788646833,0.0
734.0,414.82592288663045,29037.56897716017,18864.646046660957,1369.9196235932463,0.0
735.0,414.1140008745981,28942.818112523415,18793.12879604554,1391.140130070035,0.0
736.0,413.9962913658725,28847.064751101156,18721.611545430125,1414.0138441984393,0.0
737.0,412.8153095338247,28751.812562317566,18650.09429481471,1438.1556830090365,0.0
738.0,411.7178830519039,28656.22028773718,18578.577044199294,1463.5022402677168,0.0
739.0,410.7865639164635,28560.203046100618,18507.05979358388,1433.2847633161807,0.0
740.0,410.0848478164912,28463.696722513403,18435.542542968466,1403.0672863646446,0.0
741.0,409.4563275862721,28366.815466733162,18364.02529235305,1372.8498094131087,0.0
742.0,408.84187876110667,28269.614226211328,18292.508041737638,1342.6323324615728,0.0
743.0,408.2523072232677,28172.092997896216,18220.99079112222,1312.414855510037,0.0
744.0,407.69772695418493,28074.251779346487,18149.473540506806,1282.197378558501,0.0
745.0,407.18704153684223,27976.090568609055,18077.956289891394,1251.9799016069649,0.0
746.0,406.70746460741026,27877.60936412147,18006.439039275978,1222.042424655429,0.0
747.0,406.2312798656239,27778.808164633752,17934.921788660562,1192.3989426722158,0.0
748.0,404.26139091381515,27681.160669356068,17863.404538045146,1212.2148713568463,0.0
749.0,402.3517485053819,27583.513174078376,17791.88728742973,1235.0892493186102,0.0
750.0,400.5356330715376,27485.865678800685,17720.370036814318,1325.3391781801147,0.0
751.0,398.845661021935,27388.218183522993,17648.852786198906,1422.0969452627482,0.0
752.0,397.30980561857524,27290.5706882453,17577.33553558349,1526.025968723716,0.0
753.0,395.94996511163026,27192.923192967613,17505.818284968074,1636.7805663234265,0.0
754.0,394.61091219956836,27095.27569768992,17434.30103435266,1916.2848142840398,0.0
755.0,393.27185928750646,26997.62820241223,17362.783783737243,2185.848149109854,0.0
756.0,391.93280637544456,26899.980707134542,17291.26653312183,2401.5067266623732,0.0
757.0,390.5937534633827,25734.73550855526,17219.749282506415,2622.228581648144,0.0
758.0,389.2547005513208,25633.93155844609,17148.232031891,2710.8357171972607,0.0
759.0,387.91564763925885,25533.127608336923,17076.714781275587,2746.6210742080357,0.0
760.0,386.576594727197,25432.323658227753,17005.19753066017,2840.970019501272,0.0
761.0,385.23754181513516,25331.519708118587,16933.680280044755,2880.156329874403,0.0
762.0,383.8984889030732,25230.715758009417,16862.163029429343,2919.3678940422756,0.0
763.0,382.5594359910113,25129.911807900247,16790.645778813927,2900.4638352057714,0.0
764.0,381.22038307894945,25029.10785779108,16719.12852819851,2881.8397763692674,0.0
765.0,379.88133016688755,24928.30390768191,16647.611277583095,2913.5966516637727,0.0
766.0,378.54227725482565,24827.49995757274,16576.094026967683,2945.6335269582787,0.0
767.0,377.20322434276375,24726.69600746357,16504.576776352267,3192.4430208901003,0.0
768.0,375.8641714307019,24625.892057354406,16433.529525736853,3240.6181211833195,0.0
769.0,374.52511851864,24525.08810724524,16362.96829673841,3291.747047478684,0.0
770.0,373.1860656065781,24424.28415713607,16318.630517556572,3282.409509460357,0.0
771.0,371.8470126945162,24323.4802070269,16275.68632652747,3273.5030627881615,0.0
772.0,370.5079597824543,24222.67625691773,16234.126738286071,3264.889399556186,0.0
773.0,369.16890687039245,24121.872306808564,16193.942525819986,3314.167495838129,0.0
774.0,367.82985395833055,24021.068356699398,16154.564561523472,3358.530426579615,0.0
775.0,366.49080104626864,23920.264406590224,16115.969786412641,3397.565902036623,0.0
776.0,365.15174813420674,23819.460456481058,16047.504246247096,3425.9486605515494,0.0
777.0,363.8126952221449,23718.656506371888,15979.038706081552,3452.8013993430704,0.0
778.0,362.473642310083,23617.85255626272,15910.573165916005,3479.3523401884386,0.0
779.0,361.13458939802103,23517.048606153552,15842.107625750461,3459.409356192047,0.0
780.0,359.7955364859592,23416.244656044382,15773.642085584916,3541.8614501126676,0.0
781.0,358.45648357389734,23315.440705935212,15705.17654541937,3593.8015286523555,0.0
782.0,357.1174306618354,23214.636755826046,15636.711005253826,3646.6693948119255,0.0
783.0,355.7783777497735,23113.832805716876,15568.245465088281,3703.439361924146,0.0
784.0,354.43932483771164,23013.028855607707,15499.779924922736,3766.449722863341,0.0
785.0,353.10027192564974,22912.22490549854,15431.314384757192,3832.669096339093,0.0
786.0,351.76121901358783,22811.42095538937,15362.848844591646,4228.911337249689,0.0
787.0,350.42216610152593,22710.6170052802,15295.323304426101,4282.938222805114,0.0
788.0,349.0831131894641,22609.813055171035,15228.784613949583,4340.789370333249,0.0
789.0,347.7440602774022,22509.009105061865,15227.538072714546,4241.649201582523,0.0
790.0,346.4050073653403,22408.205154952695,15230.220353401639,4136.459827145448,0.0
791.0,345.0659544532784,22307.401204843525,15236.639076653482,4025.502870642129,0.0
792.0,343.7269015412165,22206.59725473436,15246.501328168206,3954.790580498841,0.0
793.0,342.38784862915463,22106.793304625193,15258.323334050629,3878.4864061173203,0.0
794.0,341.04879571709273,22008.010039972265,15271.86930948515,3714.254204636608,0.0
795.0,339.7097428050308,21918.254768714698,15203.176121505525,3738.1284371381716,0.0
796.0,338.3706898929689,21828.664647327,15132.000813629998,3763.7499957882455,0.0
797.0,337.05163698090706,21739.26169899683,15058.277156486278,3791.0210212433794,0.0
798.0,335.75955514993115,21641.52256371867,14988.76874487026,3823.3154090230555,0.0
799.0,335.7391270182776,21542.235348697635,14919.260333254246,3858.4463425238464,0.0
800.0,336.20082968010604,22515.58765658625,14849.75192163823,4448.1500692365,0.0
801.0,337.0694438384038,22411.955613739276,14780.243510022212,4472.432079817052,0.0
802.0,338.01909600279726,22307.277062863075,14710.735098406196,4497.607625370284,0.0
803.0,338.6241819943134,22202.188468596953,14641.226686790182,4524.957926889276,0.0
804.0,339.3863566541937,22095.93070243643,14571.718275174166,4577.165797775699,0.0
805.0,337.87211475579585,21992.454642791956,14502.20986355815,4801.9657413638315,0.0
806.0,336.2538880500152,21888.97858314748,14433.171451942133,5747.079075722961,0.0
807.0,334.62837321797275,21785.502523503008,14365.549930045489,5833.7161774242495,0.0
808.0,333.01218149743295,21682.02646385853,14320.15982573832,5770.337697327334,0.0
809.0,331.42629280464087,21578.550404214056,14323.067881232657,5588.922577575171,0.0
810.0,329.89100246634285,21475.07434456958,14329.185812286449,5400.980657640288,0.0
811.0,328.42512488737236,21372.931618258437,17174.41808816109,5274.715198950277,0.0
812.0,327.045018600934,21272.160128250573,17171.17095022948,5545.106784139012,0.0
813.0,325.74573511246933,21180.514541963435,17163.395957888715,5540.656450528384,0.0
814.0,324.4902443088623,21089.088351989885,17124.93563305911,5513.6371037725185,0.0
815.0,323.2547535052552,20999.208763617775,17083.25569267385,5617.342589322652,0.0
816.0,322.04992685191974,20902.518697965417,17017.4988169421,5712.026482787772,0.0
817.0,351.76829201134933,20814.755317460877,16944.508600572357,5836.581368460092,0.0
818.0,352.197637497936,20725.39572192236,16868.54466090654,6593.068246227692,0.0
819.0,352.9392814160406,20634.48374903834,16790.769206327543,6609.160133693816,0.0
820.0,351.61226730969105,20536.765279877574,16718.54794213387,6626.628497764356,0.0
821.0,350.183056246825,20439.0468107168,16682.4319879322,6575.717837424601,0.0
822.0,367.93635515294875,20341.328341556036,16645.648416135024,6527.210778619274,0.0
823.0,374.1818257034689,20243.60987239527,16610.539625117453,6474.112008768594,0.0
824.0,373.80745480032715,20143.5932645206,16026.829457193804,6406.198777000895,0.0
825.0,371.56582537741446,14579.837816403253,15976.488974669064,6367.183474424779,0.0
826.0,364.3943213734065,14473.417710674948,15927.047531413642,6320.837327724731,0.0
827.0,362.6701043587417,14366.899518156133,15852.865072760867,6310.163379964299,0.0
828.0,361.0622778839666,14259.863071630725,14538.059024736674,6340.931730480748,0.0
829.0,359.63990641389904,14152.242029573506,14451.73805202965,6348.478153524669,0.0
830.0,358.412858436041,14044.001072242656,14365.417079322626,6370.2195896842295,0.0
831.0,357.40908791731886,13935.105778182338,14279.096106615601,6392.381669501519,0.0
832.0,355.15904196769776,13827.554037117641,14192.775133908577,6402.276031946473,0.0
833.0,352.98349648982435,13720.002296052944,14106.454161201553,6504.306968761339,0.0
834.0,350.92918386340676,13612.450554988249,14020.133188494528,6556.02101456425,0.0
835.0,349.041937961362,13504.898813923552,13933.812215787504,6604.591664001465,0.0
836.0,347.3615759393739,13397.347072858855,13847.49124308048,6655.490731440204,0.0
837.0,345.9198624527691,13289.795331794157,13761.170270373455,6705.2856354817695,0.0
838.0,344.5485519882184,13182.243590729458,13674.849297666431,6717.825780071071,0.0
839.0,343.17724152366765,13074.691849664761,13588.528324959407,6716.306529255676,0.0
840.0,341.805931059117,12967.140108600064,13502.207352252382,6715.265052787858,0.0
841.0,340.43462059456624,12859.588367535367,13415.886379545358,6714.199401075266,0.0
842.0,339.0633101300155,12752.03662647067,13329.565406838334,6697.197960586507,0.0
843.0,337.69199966546483,12644.484885405973,13243.24443413131,6681.062552144018,0.0
844.0,336.3206892009141,12536.933144341276,13156.923461424285,6750.443270638097,0.0
845.0,334.94937873636337,12429.381403276579,13070.60248871726,6797.249829544483,0.0
846.0,333.57806827181264,12321.829662211881,12984.281516010236,6862.077737496744,0.0
847.0,332.2067578072619,12214.277921147184,12897.960543303212,6915.209695314941,0.0
848.0,330.8354473427112,12106.726180082487,12813.989570596186,6971.707376679353,0.0
849.0,329.46413687816045,11999.17443901779,12732.421344528084,6996.906750209362,0.0
850.0,328.0928264136097,11891.622697953091,12710.089308414343,6982.1229962546595,0.0
851.0,326.72151594905904,23602.2454887486,12692.846304463565,6912.879239575247,0.0
852.0,325.3502054845083,23491.866058432148,12714.91741707403,6806.187518502871,0.0
853.0,323.9788950199576,23381.486628115697,12744.362225486455,6795.604351013694,0.0
854.0,322.60758455540685,23275.107197799247,12778.091909572824,6734.468673934976,0.0
855.0,321.2362740908561,23172.872480505062,12815.118338038686,6665.39938885005,0.0
856.0,319.86496362630544,23094.183454700564,12775.828837198744,6622.934528746677,0.0
857.0,318.4936531617547,23016.346270940252,12730.701400899112,6610.200127844168,0.0
858.0,317.1556760305373,22914.111553646067,12653.668299173882,6644.225252395721,0.0
859.0,315.8638394052007,22811.876836351883,12576.635197448653,6662.366560291601,0.0
860.0,316.67470927991104,22703.508785696376,12499.602095723425,6659.456599365903,0.0
861.0,318.3345098255286,22591.20314472033,12422.568993998195,6658.215448571507,0.0
862.0,320.8104571813359,22474.4758130282,12345.535892272965,6674.765067085538,0.0
863.0,324.0400965006916,22352.868605472027,12268.502790547736,6693.592349031187,0.0
864.0,327.8228905803513,22225.964809448775,12191.469688822508,6779.279765479096,0.0
865.0,330.12527341632256,22098.98703471165,12114.436587097278,6804.733856416973,0.0
866.0,328.5572781402437,21980.085411927623,12037.403485372048,6813.64604764586,0.0
867.0,326.84163584580574,21861.183789143597,11960.37038364682,6845.306579583346,0.0
868.0,325.08231554569574,21742.28216635957,11883.337281921591,6860.573798379303,0.0
869.0,323.3064595398644,21623.380543575546,11806.30418019636,6859.884374079489,0.0
870.0,321.5472353641832,21504.47892079152,11729.27107847113,6909.266595623488,0.0
871.0,319.83833607801324,21385.577298007494,11652.237976745902,6919.415537535931,0.0
872.0,318.21259687303376,21266.67567522347,11575.204875020674,6929.5560796931,0.0
873.0,316.7003795898327,21147.774052439443,11498.171773295444,6941.786734649042,0.0
874.0,315.32801173249294,21028.872429655417,11421.138671570214,6989.214830399802,0.0
875.0,314.10962313170006,20909.97080687139,11344.105569844985,7020.0733954564685,0.0
876.0,312.93425247113294,20791.069184087366,11267.072468119757,7039.701907778862,0.0
877.0,311.7588818105658,20672.16756130334,11190.039366394527,7062.507720216582,0.0
878.0,310.5835111499987,20553.265938519315,11113.006264669297,7085.4324659153635,0.0
879.0,309.4081404894316,20434.36431573529,11037.148162944068,7185.724615758969,0.0
880.0,308.2327698288645,20315.462692951263,10963.742150302325,7172.926193788127,0.0
881.0,307.0573991682974,20196.561070167238,10911.294518079601,7141.726495592995,0.0
882.0,305.8820285077303,20077.659447383212,10895.259190918245,7075.664499026923,0.0
883.0,304.70665784716317,19958.757824599186,10883.859386676702,7005.0699882811205,0.0
884.0,303.53128718659605,19839.85620181516,10877.054593783327,6943.548597929087,0.0
885.0,302.355916526029,19720.954579031135,10873.477242916772,6876.419829172844,0.0
886.0,301.18054586546185,19602.05295624711,10872.29344449289,6804.017798808273,0.0
887.0,300.0051752048948,19487.151333463084,10837.45603342212,6762.656118480274,0.0
888.0,298.82980454432766,29690.14038418524,10776.545050945533,6746.540080253139,0.0
889.0,297.65443388376053,29608.951841894428,10703.323323825825,6745.248585419603,0.0
890.0,296.4790632231934,29540.16963007381,10611.82026623592,6760.098849490702,0.0
891.0,295.33702589595964,29459.125911484407,10520.783099430524,6776.92367836929,0.0
892.0,294.2478272289423,29365.626624550474,10437.432387421257,6762.058684159943,0.0
893.0,295.26372898193915,29269.060670948867,10355.286511109478,6747.923358928896,0.0
894.0,297.4460482402824,29169.911065972985,10287.51533044533,6721.358289015754,0.0
895.0,299.92561738094327,29068.803738904626,10221.340957839668,6697.273336839183,0.0
896.0,298.53550114003406,28971.780580727904,10156.798591725401,6673.557852470264,0.0
897.0,347.7290837882268,28874.75742255118,10093.922020030812,6804.577968283695,0.0
898.0,346.1670590073325,28777.73426437446,10031.494646526298,6818.533893508044,0.0
899.0,344.49823777478673,28680.711106197738,9969.50446964558,6814.670801899639,0.0
900.0,342.7827436774154,28583.687948021015,9892.5016796831,6880.982352270278,0.0
901.0,341.0932341504919,28486.664789844293,9815.49888972062,6877.848258263107,0.0
902.0,339.4583719464099,28389.64163166757,9738.496099758138,6876.015094421106,0.0
903.0,337.90772032318455,28292.61847349085,9661.493309795656,6462.165401256201,0.0
904.0,336.4680651474078,28195.595315314127,9584.490519833176,6476.022345843273,0.0
905.0,335.1621206262001,28098.572157137405,9507.487729870696,6465.855027797905,0.0
906.0,333.9957061366261,28001.548998960683,9430.484939908214,6559.1058563664465,0.0
907.0,332.8292916470521,27904.52584078396,9353.482149945732,6562.762009450247,0.0
908.0,331.6628771574781,27807.50268260724,9277.654359983251,6564.3628100744945,0.0
909.0,330.4964626679041,27710.479524430517,9203.042157279828,6566.823766555939,0.0
910.0,329.3300481783301,27613.456366253795,9144.037984253637,6561.369008607589,0.0
911.0,328.16363368875614,27516.433208077073,9088.092628625513,6555.505265221911,0.0
912.0,326.99721919918215,27419.41004990035,9056.74364151125,6536.464818493894,0.0
913.0,360.6646437676865,27324.38689172363,9029.56903818523,6513.3900176270645,0.0
914.0,359.5193147528842,27231.39420175831,9006.691069285946,6547.096901075595,0.0
915.0,358.37398573808196,27150.291580107296,8977.013127259339,6520.649751343319,0.0
916.0,357.2286567232797,27069.370093013775,8944.50384693332,6526.999651834303,0.0
917.0,356.10332770847737,26976.377403048456,8922.98273372311,6506.950663535872,0.0
918.0,355.00609813461983,26883.384713083135,8873.416003808932,6487.827607366382,0.0
919.0,355.1712411472089,26787.325356451078,8821.251677305838,6533.05699567575,0.0
920.0,379.86668846509843,26689.23369218728,8753.726329580599,6756.919650881792,0.0
921.0,380.5816936033598,26588.86368436295,8687.37598185536,6761.634449202381,0.0
922.0,378.526153722034,26490.732289032305,8622.200634130124,6759.696013598189,0.0
923.0,377.2352497358387,26393.958626814132,8567.942388490756,6749.597893817003,0.0
924.0,376.41407812161924,26295.69332610357,8514.873705672115,6739.33498868548,0.0
925.0,374.86834404274765,26198.493481459,8463.119432667994,6729.008812439052,0.0
926.0,373.2541608177472,26101.293636814436,8412.560538843241,6717.93018270726,0.0
927.0,371.64420882694736,26004.093792169868,8363.133852043753,6711.28381369917,0.0
928.0,370.06227968302534,25908.8939475253,8313.800058898656,6702.810496260891,0.0
929.0,368.5343978753311,25815.725169109814,8265.339344467324,6694.276338391639,0.0
930.0,367.085075107037,25734.38002331254,8195.819018852291,6691.716083656983,0.0
931.0,365.73619635381317,25653.21853535501,8131.1749575987305,6701.601215389812,0.0
932.0,364.52584997573445,25560.049756939523,8075.118206513759,6691.729786116958,0.0
933.0,363.43519538711007,25466.880978524037,8020.573684104593,6677.978558426572,0.0
934.0,363.60608160053664,25370.645533441875,7989.375171837737,6654.50094839018,0.0
935.0,366.25316981545467,25267.443224035116,7960.546042894842,6620.001097072943,0.0
936.0,367.2544781728671,25166.64135148508,7934.277216302431,6582.793487290596,0.0
937.0,367.6231624417403,25067.666255091928,7886.445805374324,6558.364502643942,0.0
938.0,366.1959581688512,24973.72312205415,7838.7087697972875,6533.396322870467,0.0
939.0,364.61031796486105,24895.06969977769,7765.8589079516605,6514.144601002129,0.0
940.0,362.8702555760038,24815.23947191797,7688.3108516892935,6494.305797645612,0.0
941.0,361.0965349519668,24721.296338880187,7618.983871727167,6474.52594895208,0.0
942.0,359.3754636252133,24627.35320584241,7549.65689176504,6455.30210511283,0.0
943.0,359.98673648377536,24527.599771471294,7480.3299118029145,6436.604171509183,0.0
944.0,360.9912380660075,24425.445191987055,7411.002931840789,6421.391836179578,0.0
945.0,359.8613870995179,24326.940046349184,7341.675951878662,6406.08630651298,0.0
946.0,357.9892852248216,24229.782494396044,12681.56598127769,6391.655881290235,0.0
947.0,356.97334112263707,24130.48316069113,12618.804480701321,6378.135518869762,0.0
948.0,355.7648304107751,24031.125095639676,12556.042980124952,6368.478869045295,0.0
949.0,353.9678777805529,23932.937646165406,12493.28147954858,6359.817800802823,0.0
950.0,352.29094597863036,23834.750196691133,12430.51997897221,6352.497165948364,0.0
951.0,350.7666453638348,23736.562747216863,12367.758478395841,6345.663488875036,0.0
952.0,349.32207535048707,23638.37529774259,12304.99697781947,6348.941017440065,0.0
953.0,347.9556676237722,23540.18784826832,12243.018810576434,6341.368129598441,0.0
954.0,346.6818206909427,23442.000398794047,12181.828465951325,6329.738980675981,0.0
955.0,345.4775863510944,23343.812949319778,12126.437921190043,6374.742806949054,0.0
956.0,344.2733520112461,23245.625499845504,12071.616631495875,6367.008677619419,0.0
957.0,343.06911767139786,23149.438050371235,12017.421449340687,6358.8693569811885,0.0
958.0,341.8648833315495,23055.298365498522,11963.85315026865,6400.118435880352,0.0
959.0,340.66064899170124,22974.265511847545,11902.917817415768,6386.2635162404995,0.0
960.0,339.456414651853,22893.545679482086,11839.66499741713,6369.077866584251,0.0
961.0,338.2821803120047,22801.405994609377,11792.469012601989,6342.129833052151,0.0
962.0,337.14502232949366,22711.291528605416,14685.81806021283,6317.803430330948,0.0
963.0,338.0640436858805,22631.301553789977,14635.13991870953,6291.582902547656,0.0
964.0,339.4833003635216,22551.185195366066,14583.742810344456,6268.452133593972,0.0
965.0,341.3087964116297,22468.680073565334,14530.824989456727,6240.646091900722,0.0
966.0,342.3956904742145,22386.23095060941,14475.053930272821,6206.5398059577,0.0
967.0,342.28805656677787,22291.480853495246,14413.930505932265,6182.505624892509,0.0
968.0,342.6747418567057,22196.307661692474,14348.597201323359,6163.134961814265,0.0
969.0,342.95967636096594,22102.53665610442,14283.263896714452,6143.646278034292,0.0
970.0,341.2535633245586,22025.67023059127,14211.659254449047,6125.5706077835175,0.0
971.0,339.4752772971019,21953.44693963729,14134.795544904055,6107.038250303032,0.0
972.0,337.65814687638266,21864.03783881114,14063.559868036875,6085.50473605101,0.0
973.0,335.8201290263782,21774.62873798499,13992.324191169697,6064.27612924638,0.0
974.0,335.1553497331431,21682.418546249748,13921.088514302519,6043.613947901491,0.0
975.0,333.4403691512281,21592.609445423594,13849.85283743534,6024.808249453483,0.0
976.0,331.8168641339883,21502.800344597446,13778.617160568161,6006.477957360546,0.0
977.0,330.29315904291553,21412.991243771292,13707.381483700981,6018.091704983613,0.0
978.0,328.83932712785264,21323.182142945145,13636.145806833803,6003.560062895895,0.0
979.0,327.4463725302383,21233.37304211899,13564.910129966625,5991.877522260601,0.0
980.0,326.128852553923,21143.563941292843,13493.674453099447,5980.828216555262,0.0
981.0,324.8856545816847,21053.75484046669,13422.438776232268,5975.977989627223,0.0
982.0,323.68118818733444,20963.94573964054,13351.79059936509,5969.337643644911,0.0
983.0,322.4767217929841,20874.136638814387,13281.745428692639,6067.144973390262,0.0
984.0,321.2722553986338,20784.32753798824,13214.735181620417,6056.479530815899,0.0
985.0,320.0677890042835,20694.518437162085,13148.420582356619,6043.544705005458,0.0
986.0,318.86332260993316,20604.709336335938,13083.400587704124,6037.775451132268,0.0
987.0,317.6588562155829,20514.900235509784,13019.707124734678,6030.794912011112,0.0
988.0,316.45438982123255,20425.091134683636,12959.13162748368,6019.9678023389815,0.0
989.0,315.2499234268823,20335.282033857482,12899.975853199783,6002.867026391638,0.0
990.0,314.04545703253194,20245.472933031335,12839.6030233984,5989.5696895782485,0.0
991.0,312.84099063818167,20157.66383220518,12787.534567122486,5982.206383934125,0.0
992.0,311.63652424383133,20071.877037667728,12737.14487590431,5961.941659328413,0.0
993.0,310.43205784948105,8852.697392575925,12676.903158710977,5939.904294188464,0.0
994.0,309.22759145513066,8807.903908629816,12613.725544004868,5913.097721969793,0.0
995.0,308.0531250607804,8720.505384363134,12550.968447007794,5900.40289968118,0.0
996.0,306.92065950680205,8633.106860096452,12484.870026114111,5881.0048795301245,0.0
997.0,307.80747559155446,8535.781610900285,12418.77160522043,5862.160972939695,0.0
998.0,309.4420875972963,8432.127635886438,12352.673184326748,5843.479184479634,0.0
999.0,310.35513233314987,8332.216506151382,12286.574763433066,5828.237031583633,0.0
1000.0,308.97801392814705,8244.50713865822,12220.476342539383,5811.695584799894,0.0
