"tick","Money avg. 1 Producers","Money avg. 2 Internationals","Money avg. 3 Wholesalers","Money avg. 4 Retailers","Money avg. 5 Consumers"
1.0,498.9376870856426,39914.77471951861,23449.830492878405,5588.08979111328,153.29696027860047
2.0,497.8753741712853,39829.54943903722,23399.66098575681,5576.1795822265585,306.59392055720093
3.0,496.8130612569279,39744.32415855583,23349.49147863522,5564.269373339839,459.8908808358013
4.0,495.7507483425705,39659.09887807444,23299.321971513626,5552.359164453117,613.1878411144019
5.0,494.68843542821315,39573.87359759305,23249.15246439203,5540.448955566397,766.4848013930023
6.0,493.62612251385576,39488.648317111656,23198.98295727044,5528.661178551779,919.7817616716026
7.0,492.56380959949837,39403.423036630265,23148.813450148846,5516.87340153716,1073.078721950203
8.0,491.501496685141,39318.197756148875,23098.64394302725,5517.328811732754,1214.1324950185915
9.0,490.4391837707837,39232.972475667484,23048.474435905657,5505.541034718135,1367.429455297192
10.0,489.37687085642625,39147.74719518609,22999.70019907293,5493.753257703517,1520.7264155757923
11.0,488.3145579420689,39062.5219147047,22950.925962240195,5481.9654806888975,1674.023375854393
12.0,487.2522450277115,38977.29663422331,23041.678754293836,5377.159684416702,1827.3203361329934
13.0,486.18993211335413,38892.07135374192,22992.904517461106,5364.487245851651,1980.617296411594
14.0,485.12761919899674,38806.84607326053,22944.84376653031,5351.8148072866015,2133.9142566901946
15.0,484.0653062846394,38721.62079277914,22896.783015599518,5361.972860737088,2264.847391619925
16.0,483.00299337028207,38637.81728425226,22920.070854862242,5302.201362043025,2418.1443518985257
17.0,481.9406804559247,38554.01377572538,22872.010103931447,5336.230360201556,2524.77464551046
18.0,480.8783675415673,38612.38746264973,22681.772157549432,5323.59269169342,2678.0716057890604
19.0,479.8160546272099,38528.58395412285,22629.534951502257,5325.00616024331,2817.8841695842216
20.0,478.75374171285256,38444.78044559597,22578.503431917787,5313.353227193526,2971.1811298628218
21.0,477.69142879849517,38362.21331137174,22528.089635110377,5358.374351602424,3067.80403268274
22.0,476.62911588413783,38279.646177147515,22599.05338431095,5308.141809415402,3179.301504584868
23.0,475.56680296978044,38320.71647318837,22488.847364754314,5254.34964949935,3332.5984648634685
24.0,474.50449005542305,38238.14933896414,22558.209608856705,5160.358360899742,3485.8954251420687
25.0,473.450510474399,38155.58220473991,22636.46224125063,5062.02457908482,3639.1923854206693
26.0,472.396530893375,38073.015070515685,22588.311866355787,5048.336392729518,3792.48934569927
27.0,472.1613013123509,37989.19793629146,22922.395653090658,4780.014037918483,3945.7863059778706
28.0,471.06388423132694,37906.430802067225,22874.245278195816,4901.672674969172,3960.9856472312254
29.0,469.93048948350724,37823.663667843,22827.20910160924,4904.094289402185,4095.422011102257
30.0,468.755174060365,37740.89653361877,22780.17292502267,4897.854958084716,4239.040504873142
31.0,467.533873609307,37658.129399394544,22844.556579262804,4808.466157323798,4392.337465151742
32.0,466.288264500012,37575.36226517031,22797.52040267623,4844.5906217638785,4493.516010493067
33.0,464.9950925948337,37492.59513094609,22750.484226089655,4911.514266747799,4565.924542564433
34.0,465.98130015460913,37406.28704684011,22703.448049503084,4897.658835660433,4719.221502843034
35.0,464.5394669485592,37322.9533606348,22656.41187291651,5087.771322628377,4669.601735733444
36.0,463.0139067425971,37239.6196744295,22609.37569632994,5086.178870913491,4811.963482417215
37.0,463.529122098039,37153.05679448829,22562.33951974336,5178.770272315781,4860.141375983811
38.0,461.81422172079846,37070.28966026406,22515.30334315679,5193.993451392455,4985.780825209355
39.0,460.02657780684183,36987.52252603984,22468.267166570215,5182.411897544273,5139.077785487956
40.0,461.64005851303324,37007.86208203679,22312.90869210128,5180.163677029424,5283.041412433222
41.0,462.0792476653869,36920.66814721247,22262.690548014412,5253.859936001309,5351.060559891759
42.0,463.06878492331333,36831.96768011653,22212.472403927542,5242.278382153127,5504.357520170359
43.0,462.6190353742661,36746.38262530634,22163.460688265615,5230.696828304946,5657.6544804489595
44.0,463.7796848229325,36657.80266439406,22114.448972603685,5219.115274456764,5810.95144072756
45.0,462.3199629160485,36753.76480368239,22005.88684960088,5127.105158945929,5964.24840100616
46.0,459.95252646499705,36669.26340988097,21952.869337766795,5114.565307341767,6117.5453612847605
47.0,463.3578035949657,36576.01201607955,22032.48600924154,5013.60266686505,6270.842321563361
48.0,464.14396516176885,36485.20647687926,21979.468497407455,5000.502363171433,6424.139281841961
49.0,461.6172550403959,36398.52041981403,21928.613581791542,4987.402059477816,6577.4362421205615
50.0,462.4463064335183,36307.834362748785,21877.758666175636,5024.015824367082,6681.423599071028
51.0,459.99525318644316,36221.34830568355,22043.163372377196,4867.341128026934,6834.720559349627
52.0,460.9587111739916,36229.86224861831,21892.308456761286,4893.676300236832,6947.570994153315
53.0,459.6136494744889,36141.32619155307,21838.516041145373,4898.987278008934,7081.445623394799
54.0,457.6781011655228,36053.84013448783,21784.723625529463,4896.64079598937,7223.93570481769
55.0,464.8454421409465,35953.94952901051,21730.93120991355,4883.487435114096,7377.23266509629
56.0,472.73831696101325,35850.65338743344,21677.138794297643,4966.133313212973,7434.730386400742
57.0,470.61088096863654,35881.017265539725,21503.34637868173,4952.979952337699,7588.0273466793415
58.0,473.2483740430763,35784.00129778005,21447.585074091825,4940.93574935835,7741.324306957942
59.0,472.6407844447316,35815.171618531174,21271.82376950192,4928.891546379001,7894.621267236541
60.0,470.38304020483565,35729.56348268179,21368.14856751282,4924.0223979248985,7937.0024379226925
61.0,473.1563345669773,36085.10558726882,20862.536607507205,4910.902742424687,8090.299398201291
62.0,475.8914595052967,36104.1749876013,20680.310903065652,4897.7830869244735,8243.596358479892
63.0,475.2890780876728,36014.87056314915,20851.1503038121,4741.4439490930035,8380.832588637142
64.0,478.85544667004876,36040.06106514589,20664.894667601657,4726.883623522109,8534.129548915742
65.0,477.94888049067447,35949.40221735295,21056.278158262125,4453.188686900771,8641.161596077578
66.0,480.60407259335295,35852.969085166274,21359.015975702132,4192.054160743386,8794.458556356178
67.0,483.5165809025191,35755.890376320385,21398.14339633348,4176.589339606255,8880.997272267574
68.0,481.0737209378658,35665.48595186823,21791.64451144272,3929.8943084728417,8965.917716278256
69.0,481.88993951266457,35670.08152741607,22422.319983418725,3490.989132087792,9017.07401388441
70.0,481.0102953418957,35581.76229139496,22970.51827608942,3095.2028843730504,9139.654487459082
71.0,478.41991628470146,35496.814347639316,22988.45055311575,3220.1076556143194,9090.470347731572
72.0,480.07713808678056,35944.13524698738,22514.530247194944,3138.375991230173,9216.25927875115
73.0,479.31332451798573,35984.21385914599,22319.95538422378,3124.5532797376363,9351.52669486895
74.0,488.4266999538731,35881.784320870065,22248.775326770265,3095.4523831990173,9504.82365514755
75.0,494.5707940031608,35923.41733733211,22043.696351090613,3149.5242732636716,9575.4016100583
76.0,497.6763009428822,35827.677462597996,21974.245657072668,3396.238922663939,9453.562658865063
77.0,497.53947153716564,36014.88917607021,22208.534025906556,3027.360499862577,9561.481495601296
78.0,499.94399736309174,35917.73966692465,22130.8682376617,3021.8623030544195,9692.193132717272
79.0,499.77817502813366,35824.42005030667,22053.202449416847,3304.156440935824,9535.562183905133
80.0,499.70020775108577,35730.124368426776,21975.53666117199,3464.3527042091177,9501.60144855049
81.0,501.3091492833907,35777.07271448583,21753.191147930396,3482.578667009757,9609.923532684084
82.0,502.79694037105975,35678.30890072275,21671.27539276376,3514.5942652869035,9705.986608024525
83.0,502.81005657693447,35580.50425137444,21593.05341270328,3520.627880184386,9828.03166674463
84.0,508.0361944801394,35476.358761936805,21514.8314326428,3648.4722618588157,9828.265958687787
85.0,507.8222502187516,35378.10540664653,21865.2923934704,3337.7473056142057,9981.562918966389
86.0,515.6496755364226,35505.425969014614,21552.612533057156,3310.0290615343047,10134.859879244988
87.0,513.0065149368962,35412.33660290428,21469.294416912293,3311.8301930943444,10259.961072011169
88.0,513.9970826125685,35725.532891660914,20973.933785870217,3349.4542920050217,10350.935432616889
89.0,527.9279465984347,35709.216911904325,20955.4884646604,3337.9083486726067,10371.871580143548
90.0,528.3910636184607,35606.777862979856,20858.882245699104,3483.7317455410025,10355.55502140402
91.0,528.0886640699435,35606.533986108654,20660.913465914477,3479.6518331693874,10489.249840693059
92.0,530.4924548383511,35499.76981800987,20744.0995769371,3549.66100198991,10429.042155246534
93.0,529.9951043111934,35396.281284253826,20710.084277411923,3496.0621785918033,10571.532236669425
94.0,535.8297363171329,35282.833541110194,20676.18334834832,3554.870787404714,10601.431366250805
95.0,541.1108918512779,35168.1032202534,20943.481269664546,3290.915371783336,10754.728326529406
96.0,548.6186008142427,35054.61525070897,20851.75913106046,3301.739263119644,10870.478931654772
97.0,550.1057380898673,34947.557230452265,21002.145100489095,3145.2554479678884,10993.512844117558
98.0,551.3299116317266,35501.66001638894,20314.44070799447,3106.290836299127,11115.501812439368
99.0,549.8749657567841,35396.87814408797,20204.61990410705,3218.1343936310063,11130.69815226761
100.0,556.124245010175,35280.02853981184,20233.185544320266,3103.7680760065678,11283.995112546208
101.0,554.5539776036761,35172.57983039485,20130.956996322522,3230.283109346156,11285.29620437699
102.0,555.2582961045006,35061.6159667108,20440.75509386148,3073.6934889966215,11297.525771504812
103.0,554.0325404413869,34952.86883261108,20689.872574995847,2858.6604584557563,11407.605281516033
104.0,564.9777776195796,34825.50551682899,20728.35824463021,2898.4862430492576,11401.510451383914
105.0,563.8631524510181,34713.04379366009,21319.850770509856,2903.912347790676,11426.9399799007
106.0,565.807424426925,34595.650311207886,21664.72464386634,2874.2008656072844,11529.599808839663
107.0,557.8699562421389,34477.57708275165,21899.42370560295,2571.5721907658685,11644.270798709182
108.0,555.395031250252,34368.28146552061,21821.23368266417,3277.2154624469476,11614.930439147214
109.0,557.170749890709,35401.188678631646,21743.043659725394,3386.60054514409,11657.063692545624
110.0,554.6604079673032,35555.515375598196,21568.320640600556,3219.224052515523,11810.360652824224
111.0,552.2977511415925,35450.240854044925,21483.775796166767,3272.7325075210165,11898.765019461325
112.0,550.0746364648203,35344.966332491655,21700.348990216204,3289.1237358244166,12019.020644150532
113.0,556.5158327497312,35228.577797936065,21621.69139871666,3363.8431801497654,12091.891220002994
114.0,556.3254369220514,35119.76963675365,21644.56290896071,3311.9866308439437,12153.164600245334
115.0,555.7454051881087,35107.31174810007,21498.425115713755,3436.758893501067,12184.28177570301
116.0,559.1597312576292,34993.15030281431,21490.74027839282,3382.81496346277,12283.262573583574
117.0,560.201953069697,34881.292941319145,21450.18239076658,3407.5477739227595,12355.004143383918
118.0,558.6069631537028,34772.592416700274,21444.676501466547,3520.5647145284265,12312.287178059816
119.0,556.9915951519448,34663.891892081396,21400.06879779191,3520.9540097480894,12408.542370914753
120.0,555.3607232842851,34555.19136746252,21322.22732063974,3563.4711381729753,12508.519328578306
121.0,553.7552814778417,34446.49084284364,21279.49900029778,3509.6538480898466,12649.79496833187
122.0,552.1905297025401,34337.79031822476,21239.196742495114,3456.459403746814,12790.26268064688
123.0,550.6813741051049,34229.08979360589,21319.67268596093,3242.4515389908524,12924.892974258813
124.0,549.2273995548516,34120.389268987004,21469.173977622075,2956.184310094956,13037.769437884963
125.0,547.7952279962791,34011.688744368126,21435.694916051052,3011.550506012305,13081.470159911805
126.0,546.4089899668825,33904.6029039778,21365.503754569385,3074.083535405709,13164.49534820941
127.0,545.0556279879888,33798.31706358747,21608.226666729784,2794.5105014280034,13168.42740814433
128.0,545.5315886961984,33850.97023647917,21460.35873684786,3022.608118471286,13067.498170862089
129.0,544.2008282810087,33824.279690557196,21329.636764708073,3107.0792912615548,13132.30465676039
130.0,542.870067865819,33717.589144635225,21254.379078282578,3256.2036526700376,13144.100665861955
131.0,541.5393074506294,33610.89859871326,21181.175313506,3552.333772453995,13033.760880704755
132.0,540.2085470354398,33504.208052791284,21110.000832226666,3636.7117709056947,13100.339802472781
133.0,538.8777866202502,33397.51750686931,21244.554477312915,3373.7596187926697,13216.736324004582
134.0,537.5470262050604,33290.82696094734,21378.543773402384,3119.405294867943,13324.172702782487
135.0,536.2162657898708,33184.936415025375,21341.301400999175,3046.3259067414574,13477.469663061087
136.0,534.8855053746812,33083.202252422576,21270.46288119386,3069.0473004369132,13590.626256643265
137.0,533.5547449594916,33061.46808981978,21142.48150424569,3044.738641548845,13743.923216921867
138.0,532.223984544302,33379.66140770399,20773.079890213714,3137.8016481285504,13800.707864331915
139.0,530.8932241291124,33282.21639367088,20691.841816122633,3229.3355606605933,13859.139203595478
140.0,529.5985837809836,33616.240218971776,20304.23598705418,3364.1869509983644,13882.695328414811
141.0,528.3217998991272,33521.34918730433,20213.99836016064,3389.724938825644,13998.747607313895
142.0,530.670896300782,33676.7995828159,19941.33342143315,3517.448652166359,14029.77619487135
143.0,531.3239830691167,33578.599556368164,19846.072706540202,3667.8278832565916,14042.907956382507
144.0,531.5937484979306,33480.55714951595,19754.957695127978,3666.5136610604695,14183.096924704314
145.0,543.7451171073577,33365.386319861085,19700.075265330666,3720.767474497584,14238.116677153146
146.0,547.1975096839495,33259.10459024026,20026.898184743222,3201.4249012450537,14326.814063562684
147.0,546.3831165180487,33157.34167265485,20229.730371925496,2811.5460178960298,14449.69630836907
148.0,544.4370728389049,33056.62990464429,20177.91551955157,3589.921825442142,14538.38815496619
149.0,542.3363467934026,32957.54473335075,20276.80535119071,3362.053709475801,14617.572229088251
150.0,540.9808467708017,32858.009381455915,20193.403463574752,3452.882087458163,14696.58098987103
151.0,546.4928900959362,32912.56000872362,20064.56597496589,3350.158623652934,14822.771794997107
152.0,546.0830361992387,32893.402003968105,20057.981396483625,3178.466932997948,14918.229105780929
153.0,545.190385723032,32951.51993794841,19858.211484236104,3261.384930451371,15002.625224930083
154.0,543.229927654229,32850.56082015781,20169.176929688037,2649.1908159375316,15084.21491489315
155.0,544.7278618224179,32744.478683845206,20080.335588869086,2861.1391847052782,15078.96366317528
156.0,541.830395014383,32645.48822473579,19991.94186709775,2872.1335849355273,15209.585941610494
157.0,538.9645664367238,32546.497765626373,19905.479770835977,3104.8245200121924,15192.51012813905
158.0,540.4872909694031,32625.432152764784,19756.11875344693,3251.5690511221746,15155.385308942397
159.0,539.2290711774706,32523.481693655376,19872.906368970842,2885.246669790276,15298.722470125638
160.0,542.9838404852322,32414.30818548167,19967.16085681768,2687.395776720213,15353.346934037629
161.0,541.1734769166587,32311.61323852197,19914.382310221466,2701.6608719470687,15437.903711890818
162.0,544.0639563478521,32202.33664635643,19827.53080199286,2700.9167266863833,15574.338453409873
163.0,545.6655267127633,32097.831721396597,19921.8027936029,2459.9357272668,15660.597048640386
164.0,550.0874039751809,31988.56425151737,19871.01246167696,2699.994187450126,15595.493383632336
165.0,549.2424413252847,32292.215727011662,19573.888420377127,2592.1063314337707,15712.391463642456
166.0,552.1143186586888,32184.907466427674,19479.055829215777,3769.8803541504844,15749.27441616774
167.0,551.2291241820784,32243.77328733414,19268.439765021885,3870.7535571502826,15844.451382604051
168.0,552.9990019118637,32136.544834298595,19170.206034340204,4011.58266230925,15919.797241869574
169.0,553.5855557659248,32031.838165261506,19071.972303658524,4024.2670106686287,16059.21547953489
170.0,563.3130338030958,31913.55326000382,18973.738572976843,4038.876709199712,16197.828048933778
171.0,563.2502127149814,31981.429819904268,18753.919467200096,4024.1176259713634,16351.125009212374
172.0,566.5044517051025,31868.73929609525,18655.619711572464,4042.226926786422,16488.721287549062
173.0,565.3656020378442,31760.85188329657,18918.483685239757,3186.219495362841,16642.018247827666
174.0,565.0070586832587,31651.530792728063,18820.183929612125,3310.050144557576,16721.964200127215
175.0,565.280609076915,31540.82519148621,18721.884173984494,3289.8441970282274,16875.26116040581
176.0,564.358148522036,31431.225501071174,18625.932797340316,3317.129484152081,17005.48010724566
177.0,561.8986507755575,31323.519245561612,18532.787279407636,3567.3308352922118,17025.506105823235
178.0,563.2287961830463,31210.698146213188,18675.27264556298,3136.8876851593554,17112.04267731659
179.0,561.0563673617502,31102.973515689406,18863.09287798737,2715.4862959155366,17138.831263009546
180.0,562.3504317435232,30990.500847292376,18810.581234363675,2728.894951158585,17227.345425974825
181.0,560.3758568404419,30963.68391990325,18664.477585633635,2890.4961373334518,17287.269609201205
182.0,558.4491575650511,30857.720485033857,18800.856401070392,2336.909044340607,17440.566569479804
183.0,557.539382044041,30917.073363001713,18746.159477267796,2290.941902153983,17422.353141614774
184.0,555.5638036989587,30896.231563049107,18633.693969930893,2197.962058928482,17560.252364596137
185.0,553.6518984883483,30790.040511123647,18615.10194738359,2113.2571791657247,17653.77489927491
186.0,551.8032168923281,30683.849459198187,18560.87899641764,2618.4416705731282,17492.87454687597
187.0,553.9253365458841,30572.23719995725,18507.983986548457,2559.707675944004,17612.503978549932
188.0,553.4077200952238,30463.591094308475,18414.02760924152,2531.9790097763052,17765.80093882853
189.0,557.6235154138536,30348.233405024646,18320.071231934577,2639.3741559773543,17851.88505176594
190.0,557.9194540070613,30237.21065148248,18226.114854627638,2979.552864873591,17821.577383355758
191.0,558.2337543197359,30125.756568703844,18132.49419160641,3022.8652500906583,17939.9684593163
192.0,558.5383380347889,30013.86635611396,18039.223283333213,2996.3658666716115,18093.2654195949
193.0,556.9901586475643,29904.08298859676,17979.523803631448,2944.64965614831,18220.004126758962
194.0,555.3956300733867,29794.299621079565,17923.479208363562,2837.4476494460723,18373.301087037566
195.0,553.7634667475052,29684.51625356237,17832.8376411911,2811.855083950789,18526.598047316165
196.0,552.1061018288779,29574.732886045178,17968.609405886065,2445.0820636216968,18587.88744473992
197.0,550.4376642778625,29464.94951852798,17917.545745854026,2423.288435556005,18692.566014512246
198.0,548.7734583443839,29355.166151010788,17962.64498154321,2086.5623658742174,18845.86297479085
199.0,547.1292831455082,29245.382783493587,17915.99955753268,2078.3135949245516,18942.30249261591
200.0,545.5207014740673,29135.599415976398,17935.745778251603,2327.411460423485,18832.665974756106
201.0,543.9622864023753,29025.8160484592,17988.88351080997,2083.172357717975,18929.433672663457
202.0,542.4668808123997,28916.032680942004,17902.42752028055,2172.0181603659516,19021.970982989274
203.0,541.0449057656384,30671.874427854007,17815.97152975114,2176.775426674638,19158.389789799738
204.0,534.7005492519697,30566.097519932413,17729.515539221728,2427.8284536923493,19172.36942544196
205.0,533.3526805388383,30460.320612010815,17643.05954869231,2767.692494436086,19141.943554221165
206.0,532.0048118257071,30354.543704089225,17556.603558162897,2888.177679879995,19224.36959587209
207.0,530.6569431125757,30248.766796167627,17470.14756763348,2871.5193953378134,19377.66655615069
208.0,529.3090743994443,30142.989888246037,17383.691577104066,3487.6990005545836,19214.714994249698
209.0,527.961205686313,30037.21298032444,17297.23558657465,3931.4049550058553,19138.093591064793
210.0,526.6133369731816,29931.436072402845,17210.77959604524,3950.815180446723,19274.348281354993
211.0,525.2654682600503,29825.659164481247,17124.323605515823,3955.8570805065992,19418.311908300264
212.0,523.917599546919,29719.882256559657,17037.867614986408,4087.878107881743,19498.7859715879
213.0,522.5697308337877,29614.10534863806,16951.411624456992,4179.20813418867,19599.60553540964
214.0,521.2218621206564,29508.328440716465,16866.88103145599,4166.57258522378,19752.902495688242
215.0,519.8739934075251,29402.55153279487,16782.59927988808,4153.93703625889,19906.199455966842
216.0,518.5261246943936,29296.774624873276,16904.708405272,3760.0514070110903,20010.035534150444
217.0,517.1782559812623,29190.997716951682,16861.16096340323,3656.687153762521,20163.332494429043
218.0,515.830387268131,29085.22080903009,16820.5473491146,3632.3973452434275,20276.028312080445
219.0,514.4825185549997,28979.44390110849,17071.728906715503,2974.2346612281435,20365.092969489444
220.0,513.1346498418684,28873.6669931869,17221.55046073033,2520.6181384977413,20466.279232920664
221.0,511.786781128737,28767.890085265302,17178.459482235314,2411.3458279419756,20619.57619319926
222.0,510.4389124156057,28662.11317734371,17136.24744959514,2368.5727622020795,20740.624613327098
223.0,509.09104370247434,28556.33626942211,17286.24419931938,1938.966760917581,20831.464610950406
224.0,507.743174989343,28450.55936150052,17209.581792252935,2407.5721427145,20735.44299578029
225.0,506.39530627621167,28350.402241333562,17132.91938518649,2600.8153550332786,20778.98257748588
226.0,505.04743756308034,28250.245121166612,17056.256978120047,2768.003225153315,20836.367652225556
227.0,503.69956884994895,28717.73692838839,16497.898477798775,3121.8968868628776,20801.65339884066
228.0,502.3517001368176,28623.2499601462,16407.08624799297,3265.2782103940986,20873.168165648334
229.0,501.0211965823256,29095.778184380833,15830.260996064177,3498.6854508482475,20901.10835890684
230.0,499.7378638966678,29001.29121613865,15729.033906797635,3676.9690360338395,20957.120208845925
231.0,500.235992898409,28904.488893411228,15628.233155997077,3948.3593829995175,20966.578677894966
232.0,503.7488741774465,28803.342019273485,15913.609711609206,3132.958175136323,21068.892733543646
233.0,507.00608204098273,28701.48550598209,15856.320032423342,3006.456287358941,21222.189693822245
234.0,511.20005397649487,28597.267528895893,15756.396506639006,2978.248093569018,21375.486654100845
235.0,511.17817812588663,28499.34081437577,15657.381826569339,4443.652879539693,21528.78361437945
236.0,515.0323444629266,28395.573160724507,15558.36714649967,4425.403469719173,21682.08057465805
237.0,520.1391947952495,28493.232734057798,15283.84869005396,4408.092501424972,21835.377534936648
238.0,519.9433201582751,28391.291611511824,15179.678586553246,4420.347145131771,21979.34116188192
239.0,517.2458527863109,28291.810995025873,15075.50848305253,4499.506248243239,22101.356737949827
240.0,518.9694633851952,28186.064913950122,14971.338379551817,4643.1237882182795,22202.466631528492
241.0,517.0305742407015,28083.91515646314,14867.168276051105,4737.066481074302,22320.420032720576
242.0,516.3337756977758,27979.66457430496,14764.285717979876,4899.117436254621,22415.67067980456
243.0,513.6246814019837,27877.41677239362,15766.227764920066,4973.307198907792,22540.44511604183
244.0,510.31551250729945,27775.956816962927,18060.061991663246,4511.2884891169615,22693.74207632043
245.0,507.09572370856023,27674.49686153224,17977.143301899767,4566.396515906348,22823.36653884243
246.0,517.28663412905,27555.188657047496,18186.533242146532,3535.8739792523593,22976.663499121034
247.0,514.2313837595489,27450.872981768152,18106.73361791117,3598.18250688592,18755.699115610252
248.0,511.38580799050607,27346.557306488816,18184.459842063894,3321.1712698839915,18771.556466186143
249.0,512.5549478608486,27237.241631209476,18260.231516524567,3119.064607044996,18760.749967575008
250.0,511.4886475157959,27130.45928926347,18181.62248656161,3133.7429625444875,18878.123501851143
251.0,509.3592668408291,27025.076947317466,18222.07288383969,3076.9845723555277,18859.88564481812
252.0,507.2565510171021,26919.69460537146,18143.46385387674,3385.896735381569,18860.266645419542
253.0,505.17007029210913,26814.312263425454,18064.85482391379,3988.031324424752,18744.562347452556
254.0,503.1097574225437,26708.92992147945,17986.24579395084,4015.0338298024303,18859.579569119913
255.0,501.0841574819557,26603.547579533442,17907.636763987884,4295.480955653556,18873.218942597894
256.0,499.0999515352805,26498.16523758744,17829.027734024938,4444.887965911468,18940.356883106906
257.0,497.1276803753141,26392.782895641434,17750.418704061984,4427.123434134321,19074.363440429945
258.0,495.1829424791096,26287.400553695425,17671.809674099033,4681.271209460707,19100.11791837785
259.0,493.2867663517639,26182.018211749422,17594.207786993225,4665.227418933948,19234.124475700894
260.0,491.4588262786203,26076.635869803416,17516.605899887418,4777.394494977918,19316.84668639564
261.0,489.7164361675667,25971.253527857414,17540.464749294042,4453.875050140798,19433.307940331473
262.0,488.07361614265403,25865.871185911405,17463.609312986384,4437.392686059387,19567.31449765451
263.0,486.47578707781395,25760.488843965402,17462.813602452054,4276.063934720497,19654.87756611216
264.0,484.87795801297375,25655.106502019396,17387.372812102843,4521.215153786912,16417.717368693957
265.0,483.28012894813367,25549.72416007339,17455.17840239106,4041.473358135048,16532.95907538118
266.0,481.6822998832935,25444.341818127385,17381.519396834105,4465.860684379581,16511.294796679842
267.0,480.0844708184535,25338.95947618138,17486.038870502525,3830.1063194361013,16636.625501070845
268.0,478.48664175361336,25233.577134235376,17413.42532092097,4231.500749678181,16622.47437519913
269.0,476.8888126887732,25128.19479228937,17340.81177133942,4663.49839885579,16598.873900329276
270.0,475.2909836239331,25022.812450343365,17372.743819298124,4536.542183812026,16640.569644872405
271.0,473.693154559093,24920.88317294531,17301.873448283335,4746.8915110136895,16690.72795122628
272.0,472.0953254942529,24818.953895547245,17231.388907468714,5016.162184950065,16721.24580866859
273.0,470.49749642941276,25068.637250644286,17039.24526207795,4507.181180306199,16808.46284167104
274.0,468.919974092999,24973.014150946703,16998.6494180432,4351.661664293259,16933.793546062036
275.0,467.40413579055024,25508.008821296626,16380.203237157459,4527.191589510234,16993.84603486814
276.0,467.9691675328385,25409.678157808867,16286.856034044227,4507.166867972501,17119.176739259143
277.0,472.75668205585976,25305.39731004285,16322.558531744258,4224.011908752339,17185.066828879444
278.0,476.4961105727873,25201.33211380052,16276.79251013841,4072.668356857381,17301.06419993711
279.0,483.7351543978591,25091.58870727852,16470.00222038144,3089.5098400015304,17415.793562832314
280.0,492.56657705392263,24977.92459281688,16380.2453418531,3280.178124573359,17465.8883313434
281.0,496.2852216699354,24868.89162604554,16367.387671460245,2981.203611085789,17591.2190357344
282.0,496.76453058834545,24763.03434246759,16280.597321376197,3082.812667917674,17671.874193996693
283.0,499.83497403527826,24653.13274168897,16277.140813098893,2995.2531840544225,17720.686445343774
284.0,503.83188238110574,24540.761001703846,16403.669465637664,2575.510754131299,17729.400598672466
285.0,501.9673309709671,24434.7393518846,16316.879115553618,3241.9917314454565,17622.35847363589
286.0,499.9919918687301,24328.717702065354,16230.088765469574,3810.4193572677805,17549.48846967362
287.0,497.934959753969,24222.69605224611,16143.298415385527,3909.2935328260346,17633.688532691285
288.0,495.8334613919573,24116.674402426863,16056.508065301483,4331.87077274761,15127.356709525073
289.0,493.72840159431036,24010.652752607613,15969.717715217435,4474.907265103535,15220.302135467467
290.0,491.6627245826886,23904.631102788368,15882.92736513339,4531.650227340164,15337.902855729666
291.0,489.6794506800323,23798.60945296912,15796.137015049344,4619.111001454271,15447.173787583471
292.0,487.819627264916,23692.587803149876,15709.346664965296,4601.133921744981,15587.454947118526
293.0,486.1202802076846,23586.56615333063,15622.55631488125,4739.817684042879,15683.063179564479
294.0,484.58110971840927,23480.54450351138,15535.765964797205,5033.29327838394,15734.831680215133
295.0,483.18890190853557,23374.522853692135,15448.97561471316,5052.652997920044,15866.381491311296
296.0,481.84837614286397,23268.50120387289,15362.185264629114,5176.730073880021,15968.012057714925
297.0,480.50785037719237,23162.47955405364,15276.413083740146,5677.401249312925,15962.04430998343
298.0,479.1673246115208,23056.457904234394,15190.976617136896,5666.201249312924,16102.325469518479
299.0,477.8267988458493,22950.436254415148,15207.357070041571,5298.642031035166,16242.606629053531
300.0,476.48627308017774,22844.414604595902,15155.492032009748,5166.776825011757,16382.887788588581
301.0,475.14574731450614,22738.392954776657,15071.585134920899,5152.02172283586,16523.16894812363
302.0,473.80522154883465,22632.37130495741,14989.466077553127,5245.344235841552,16632.570789035373
303.0,472.46469578316305,22526.349655138165,15060.303971625563,4798.476983220882,16743.99183864154
304.0,471.12417001749145,22420.32800531892,15159.604417275448,4154.735932186473,16884.27299817659
305.0,469.7836442518199,22314.30635549967,15080.120890817327,4356.041898422958,16960.93144785827
306.0,468.44311848614836,22208.284705680424,15265.765195643813,3508.931541661699,17075.218636249774
307.0,467.10259272047676,22102.263055861178,15188.26396442924,3894.09232671476,17098.94829765889
308.0,465.76206695480516,21996.241406041932,15268.23676519731,3897.5016277080313,17075.79857538291
309.0,464.4215411891336,21890.219756222687,15232.257128789775,4122.545380582818,17105.373916526252
310.0,463.081015423462,21784.198106403437,15155.52200000995,4636.312271255022,17093.375505158176
311.0,461.7404896577905,21678.17645658419,15157.494064707498,4778.0517215262425,17112.962739044353
312.0,460.39996389211893,21572.154806764946,15082.855885930001,4993.888866546271,17188.376142859393
313.0,459.05943812644733,21466.799823612364,15218.612018483116,4914.573380889107,17138.423869492744
314.0,457.7189123607758,21362.120907368204,15145.369929874481,5349.453402279584,17148.75510072501
315.0,456.37838659510425,21324.793654928777,15086.529358004356,5084.749790207616,17289.036260260065
316.0,455.03786082943265,21289.099907520438,15028.742556268213,4820.09753501868,17429.317419795116
317.0,453.69733506376105,21254.299183078183,15060.136564525168,4233.706607339542,17569.598579330162
318.0,452.3568092980895,21221.341123811526,15323.359836058955,5754.187081740471,17709.879738865216
319.0,451.0162835324179,21119.03497891951,15249.344396190014,5994.47646075399,17810.160898400263
320.0,449.6757577667464,21116.158169809205,15192.476227649204,5255.248029594369,17950.442057935317
321.0,448.3792057489103,21013.85202491719,15118.419407111602,5659.115761850211,18027.458331760918
322.0,447.09914376295893,20911.545880025173,15219.223203784528,5188.429262985152,18054.941061663416
323.0,450.1410542522704,20803.376568755084,15317.485140627436,4831.17596342758,18177.26476143298
324.0,450.3620243839349,20697.933646324615,15243.428320089834,4932.072261639014,18278.47046538141
325.0,448.8204607532651,20594.337607465237,15169.37149955223,5160.557093172451,18343.22230266641
326.0,450.9557750369885,20488.675174884786,15095.314679014624,5127.886458145493,18483.503462201465
327.0,449.83747102135015,20386.360072982337,15021.25785847702,5096.440406738642,18623.784621736515
328.0,447.91295966852596,20594.61927678638,14681.707489503104,5389.188731885712,18672.718315135273
329.0,445.937093781302,20493.136007414727,14599.851795980183,5489.426227500831,18778.011371238696
330.0,447.2064957928125,20387.308668423648,14517.996102457262,5925.743124079335,18790.34267143392
331.0,449.4397132119981,20279.389618965975,14436.140408934341,6388.92950640707,18794.996975700786
332.0,454.596101387541,20166.692872570056,14354.28471541142,7448.747423763246,18629.185127102384
333.0,452.54486403785523,20062.060049947206,14272.4290218885,7437.239812652346,18769.466286637435
334.0,455.8753656776542,19950.25582381746,14191.276238818495,7425.732201541446,18909.747446172485
335.0,453.82193360503754,19844.475576633504,14112.98185227382,7414.2245904305455,19050.028605707535
336.0,454.27858401019716,19735.361996116215,14106.980137488697,7156.698320799509,19190.309765242586
337.0,452.2605617407394,19629.048415598925,14318.938133699443,6143.176028503978,19330.590924777636
338.0,450.2831720071362,19522.73483508164,14446.140706693475,5420.881259737504,19470.872084312687
339.0,448.3052035367673,19416.42125456435,14616.192129604244,4687.074360268833,19572.427848812888
340.0,446.28455522685937,19312.18836003825,14637.609432652902,4660.099053940541,19619.048289175444
341.0,444.2318168593707,19207.955465512146,14770.094768173745,4375.376359397565,19627.522449104916
342.0,442.1668007354583,19313.165740813085,14569.879521532936,4500.63200256257,19674.079654679706
343.0,440.130379722673,19210.307416995303,14495.069215159545,4597.033643887658,19776.591126675667
344.0,438.20806617241567,19244.906164009237,14448.57445701484,4794.012217837945,19705.3169895453
345.0,437.0134486031983,19141.21450685812,14370.30317796515,4966.580181864185,19787.80699694638
346.0,441.0048463991603,19030.587366460535,14292.031898915462,5322.054274462181,19819.43295709215
347.0,440.6243658891655,18924.711453411375,14213.760619865772,6135.479406701563,17279.762700053758
348.0,439.2004915013362,18820.232106368247,14135.489340816084,6598.856619254615,17305.033542573467
349.0,437.85580200004966,18715.752759325118,14057.218061766394,6577.816558276887,17452.353464547563
350.0,444.81392406075,18600.11785806695,13978.946782716706,6557.8212219842235,17599.673386521656
351.0,443.3791273229279,18493.853622349416,13900.675503667017,6918.783022189049,17652.51720132693
352.0,444.2981670401982,18384.269331971587,13822.739938903043,7006.636800378752,17773.719006174393
353.0,448.8949491852691,18269.035330627426,13745.154761324926,7295.2888922834245,17844.721232593118
354.0,447.06844741252104,18160.889717063288,13703.889817997113,7194.774350878404,17983.942700725893
355.0,447.1760379240274,18050.043795157715,13664.092164683778,7056.435431696104,18131.262622699986
356.0,445.1745896248991,17941.46613225895,13865.176154569175,6200.568240379596,18248.32420601181
357.0,443.1405219366797,17832.88846936018,13791.379576567206,6292.127747416207,18368.020312018834
358.0,441.089103025301,17724.31080646141,13821.562388292616,6147.984813742512,18456.689361809942
359.0,439.05727491456776,17615.73314356264,13747.765810290648,6867.924022761973,18420.361632251308
360.0,437.0817634965493,17507.155480663874,13673.96923228868,7265.942276876212,18464.75159242875
361.0,435.19832592986904,17398.577817765105,13602.042049171536,7703.826870298541,18499.488438584758
362.0,433.43995197518734,17290.000154866335,13530.114866054391,7786.979293541927,18623.063259581646
363.0,431.83516607049563,17181.42249196757,13649.638965036313,7246.251425423625,18739.036100996953
364.0,430.40646273931884,17072.8448290688,13582.223575535945,7291.039576981064,18870.862793356493
365.0,429.0105253760199,16964.26716617003,14057.955378025463,5377.786498420128,19018.182715330582
366.0,427.61458801272096,16857.99686111693,13991.550040064649,5584.141638368957,19104.527932855566
367.0,426.21865064942205,16751.726556063833,14076.6524330368,5162.958563941112,19216.555856929965
368.0,424.8227132861232,16881.090265485996,13814.231656362335,5211.42718512063,19342.933744473747
369.0,423.4267759228242,16779.718190341104,13743.774811883926,5726.46297621198,19353.511914288392
370.0,422.06418367468996,17168.169106016667,13433.803550737812,5376.413408182829,19423.514687354498
371.0,420.7175057369375,17066.79703087177,13351.56245841663,5678.654663623802,19486.62713444706
372.0,422.7215291092306,16962.40903946032,14620.704533190064,5548.917244760343,19587.427446586546
373.0,423.00424532884335,16859.633792896413,14543.325950413006,5821.637692166077,19660.26714766881
374.0,423.3858862204039,16899.492218824988,14436.532772486054,6178.932207645914,19635.32886124379
375.0,424.34621047789005,16795.250882679105,14397.125163692504,6585.126528027929,17483.249757928686
376.0,430.1584616495472,16683.93131200846,14316.595893860575,7046.819462265508,17537.258425637185
377.0,430.811981935312,16577.895204508735,14237.655534643734,7193.610365592134,17661.323015182083
378.0,429.26832057311367,16474.13607518401,14159.037540541833,7444.991781394919,17762.689783166028
379.0,437.47155282463996,16359.107506213777,14241.53412876532,6826.327806835802,17916.339488928676
380.0,436.4134216306966,16254.004392459241,14197.7869361906,6919.982354364081,18023.307014712675
381.0,434.19606033511076,16359.733862231158,14188.047657913823,6092.139992090761,18167.124313302465
382.0,431.8141995981684,16255.724996405284,14151.04165319882,6222.856048302294,18257.36123791982
383.0,429.34660803003953,16151.71613057941,14192.56830544862,6356.669235947492,16463.181704010938
384.0,426.9132286461703,16047.707264753537,14248.701353966837,6097.71270011136,16562.386818773706
385.0,424.5324118594391,15943.698398927665,14172.580186466183,6765.605331604565,16581.81775679387
386.0,430.05443345945696,19282.143602881562,14263.259901788186,6369.1304425920625,16681.349042506066
387.0,433.1431842042581,19173.156388249474,14216.513734287528,6637.790822373118,16757.348190162564
388.0,430.8224580282582,19069.384422814084,14140.392566786875,6949.409342709047,16848.66433687414
389.0,434.38070582133156,18960.795399494345,14064.565149286218,7502.177841584324,16892.321342076233
390.0,434.2396912638826,18855.944851141354,13989.669116867528,7828.993597155836,16981.529757084718
391.0,432.80952993171667,18944.39014198093,13776.275954937928,7983.001089988327,17082.515468860383
392.0,433.0872667574638,18896.917724665993,13741.179631114655,7778.560084928902,17204.500485910696
393.0,430.9354698294409,18794.702450208195,13690.851049094892,8003.967248631183,17291.007195587692
394.0,428.83930242407473,18808.074964471172,13642.694231653084,7769.736520424317,17389.037101856433
395.0,428.41300158934484,18706.36022875313,13562.871740483642,7936.478372484252,17510.277417942583
396.0,430.28097388199274,18601.792523516426,13679.707037957989,7619.626733658138,17572.2018520903
397.0,430.36996678876585,18732.72250808108,13487.403880620319,7272.831500111129,17723.752346914705
398.0,428.49923774904977,18632.124347496516,13534.332812049106,6877.020198286188,17855.131468508676
399.0,426.6391203586592,18596.910466693367,13467.715189192748,7114.276461652921,17907.07103702629
400.0,424.7720807300751,18498.74084592958,13659.434728212407,6752.4604515681,17915.985513466116
401.0,422.961700318947,18462.22750047514,13738.163675005419,6498.115512337448,17951.694392740996
402.0,421.8361662156825,18547.094173112615,13538.206436330507,6386.834419414498,18094.233318505565
403.0,426.84841168392205,18577.09572370512,13563.488630254931,6120.1644424621845,18120.19381076655
404.0,427.5303722157423,18478.197087836834,13475.766167594558,6727.752563323582,18150.287934058088
405.0,428.35764064450615,18559.89696170887,13288.918069286943,7297.084206708411,18141.23974290686
406.0,441.8315700705381,18502.99663332801,13147.737927493996,7408.6890319297245,18271.15528842685
407.0,439.1853848225854,18510.66278081545,12962.275219864156,7487.244277162714,18408.58741384987
408.0,441.5592370350276,18406.04088407683,12985.185147223308,7481.219658620777,18468.82124161203
409.0,446.75017810873067,18302.073405066018,12921.154622247264,7788.7814110807585,18536.225982689655
410.0,446.2213030899045,18203.077391889252,12826.890120597012,7914.038001154604,18666.38283939168
411.0,446.6030326353023,18593.64558273424,12395.543031907424,7936.122567726514,18743.789654380962
412.0,446.0964667579884,18493.47546756223,12289.131171614645,9119.613953385231,18662.651835959437
413.0,444.3512992789074,18394.276780961656,12255.151009532514,9009.678904271024,18783.037660241083
414.0,453.53471150164296,18282.420951503933,12152.368416669577,9422.997894525124,18855.679896201924
415.0,451.5858118822804,18181.42952887626,12143.065158793082,9082.775039730439,19007.436836329303
416.0,455.949474876889,18073.079858338173,12317.92897621909,8157.684199042686,19129.081905343442
417.0,457.7668432490984,20969.78277468058,12561.506057754566,7003.03669946702,19240.795498911968
418.0,459.7215776987615,20862.143151241457,12605.384918413261,6411.876052181959,19398.866630526263
419.0,458.26324734323765,20758.20861036448,12590.610671670487,6609.023834752412,19447.27299857422
420.0,459.951641686313,20784.60472504546,12671.551852467604,5653.291469494014,19569.84077911682
421.0,465.0873256525956,20672.154804081514,12645.016057580326,6246.960968428861,19543.92600455201
422.0,463.77618588882405,20703.718151319277,12548.668259670512,5839.686393532568,19692.350357463496
423.0,462.5689459835347,20598.038600689393,12450.251723887483,5978.441964717508,19812.912873629797
424.0,461.4064601448661,20492.092383392843,12381.21018810445,6279.701171759935,19879.919494365295
425.0,465.2858013329231,20379.30926997208,12282.793652321418,6687.817950765555,19949.20483744972
426.0,463.0842148679476,20273.445149295658,12185.279048315058,7877.481104316215,19862.79279499475
427.0,468.71011456294747,20157.211367763262,12089.255190049442,8066.1101378519315,19977.840252451853
428.0,470.0283589971823,20045.19002864566,12083.42450945116,7994.395610584296,20074.7224471052
429.0,470.5801794840217,19933.58299695384,12137.277893275766,8004.185658551798,20107.52598781142
430.0,472.40424022010654,19819.835212115533,12042.350453026396,8938.51525151547,20073.5404024807
431.0,470.5962981763766,19710.25935028473,12047.473846834693,8611.583850513009,20212.902342223268
432.0,469.96272926625204,19599.2262741316,11983.970184467744,8607.065630173398,20342.964488238784
433.0,468.2592717661028,19489.41725800922,12024.517178769742,8183.85393131911,20474.052633343435
434.0,466.62310797731243,19379.608241886843,12029.075385853817,7994.007841362494,20586.9543041699
435.0,465.0744999829559,19269.79922576447,11976.523283463024,8052.34977549562,20695.84018055183
436.0,463.51596078070656,19159.99020964209,11929.47456634673,8156.818142829232,20792.311312166126
437.0,461.95320820209963,19054.848232375673,11839.558342426328,8554.241088845516,20864.940879086542
438.0,460.39733921438096,18949.70625510925,13609.52333270736,8086.493683284878,20987.522203749377
439.0,458.8596275521192,23194.9657040591,13126.84793501908,8256.215593258545,21105.784604231572
440.0,457.37482967083724,23095.16001162363,13032.45350215064,8438.166192150375,21223.74432810339
441.0,455.9403327806753,22995.354319188158,12938.059069282197,9004.75650994605,21265.53504293382
442.0,457.0170409697672,22891.73490853426,12843.664636413756,10064.371795624405,21209.30005722232
443.0,456.8834757935902,22789.528229547894,12749.270203545315,10432.331554204322,21291.477714898458
444.0,460.72881998434383,22680.70513937341,12655.597737616845,10710.470460398894,21391.619543051664
445.0,461.70712541163533,22575.164262140413,12562.360894130263,10739.731833258757,21541.536877871804
446.0,462.6944806187204,22468.95922906425,12541.999587315006,10475.535793157576,19733.84592182763
447.0,461.3492165015255,22365.80931468894,12499.224855315028,10308.549571636933,19884.47650013544
448.0,459.9378334220875,22262.65940031363,12481.75750164443,10057.850976063593,20035.10707844325
449.0,458.4588310703116,22159.509485938324,13036.471294010387,7811.284233752925,20185.737656751055
450.0,456.9148573788452,22057.159571563014,13053.372053830883,7751.23534403888,20277.616498844825
451.0,455.3162684217839,21955.635317921573,13240.064378786366,6831.8073456779,20761.704435666292
452.0,453.6782126598031,21934.11106428013,14537.56600826477,6538.142277385276,20867.29524146222
453.0,452.0161804089439,21916.75517011724,15034.840694336439,4065.1069411724175,19123.936613509322
454.0,450.3476182327253,21821.00063886691,15970.722980875846,5096.993317996577,19039.52414807836
455.0,448.69107370673635,21885.47471680646,15811.62870921601,5270.918838254878,19161.738838148936
456.0,447.1535519646004,22206.463815477375,15578.168827897665,6036.800073774875,19119.004629960764
457.0,445.7166436654841,22110.709284227047,15535.33827994585,6923.3691877052515,19083.038318895182
458.0,453.0333966873802,22001.714354231306,15455.844035878235,7197.784514663125,19189.225223699257
459.0,456.68063123215336,21897.27865809541,15376.349791810617,7987.456241422816,19202.015999813444
460.0,457.1449009390715,21883.434927605853,15249.910778150266,8615.668687703985,19244.163008741903
461.0,457.5928702545862,21877.82120551353,15117.373070469243,8734.843738306845,19378.862271430058
462.0,456.44736445513286,21778.117679606483,15172.84020644182,8091.185304012015,19542.24684334389
463.0,455.2649297468341,21678.09378486319,15120.429994840964,7927.850302657404,19705.631415257725
464.0,453.18414030319803,21586.83866561759,15131.233834164457,7909.197253878343,19791.37517598485
465.0,453.71000136891485,21491.282504751736,15051.293297076652,8084.917886402579,19915.93202158483
466.0,451.48681171405707,22169.995884905817,14543.210167733889,8412.263393032605,21855.23937272664
467.0,513.5286755071231,22078.052599000977,14450.692941998595,8817.6416245025,19967.790243900185
468.0,511.1452548445901,21986.109313096138,14358.1757162633,9337.948534630275,20046.55295152228
469.0,508.92977522905386,21895.195130964898,14267.698089168858,9469.08241132008,20196.616282308558
470.0,512.9047386743814,21795.786547397343,14177.220462074414,9591.741736668973,20348.503544683157
471.0,525.0782522165814,21786.435552563078,14235.953090727391,8948.208364667167,20473.003512449875
472.0,523.9996220297363,21684.78474132257,14146.218846975788,9072.408693805544,20623.382054218793
473.0,525.9147438570875,21584.861676868422,14299.339272505407,8059.775041809489,20783.951536089004
474.0,529.1435359422862,21481.63507268515,14212.462694258333,8348.189564208205,20904.78248247106
475.0,529.9413089894038,21655.133645588197,14030.307612999775,9010.24278940166,20910.984568926473
476.0,527.5017655124875,21558.270726535968,16021.459421447955,8483.791053076864,20995.01716759559
477.0,525.0244622667293,21461.40780748374,15935.260205302551,8527.858565521658,21160.57251104354
478.0,522.5151219077643,21364.544888431512,15908.121593149603,9616.30148629651,21093.876505668402
479.0,527.8835918463275,21255.094041757886,16003.236509075916,9146.845136704735,21222.736284908675
480.0,526.2490155464495,21154.92611553382,15949.3243077661,9194.3171117639,21365.189055620634
481.0,523.943339996324,21055.842577861786,15956.957719505886,9383.1191678324,21438.28507830475
482.0,521.8488819682598,20956.759040189747,15873.369895917842,9773.620810480741,21541.261241740256
483.0,520.0077578539651,24048.729585431425,15890.85482514729,9698.848232385233,21656.107747911883
484.0,518.3900070074155,23952.589963458046,15845.846945465168,9925.983155045993,21762.044079765605
485.0,516.9547196635758,23923.117008151326,15771.596621877121,9866.288601004235,21905.211654628456
486.0,515.6066288752264,23826.977386177943,15687.127548289076,10620.142508684126,21943.54804446467
487.0,514.258538086877,23730.83776420456,15603.544451189182,10880.38613459726,22071.631758258474
488.0,512.9104472985277,23634.698142231173,15519.961354089282,11341.888932125286,22163.46717856816
489.0,511.56235651017835,23538.55852025779,15524.975905804262,10975.624112357244,22342.15612751684
490.0,510.214265721829,25807.787627100923,15443.69274426048,11151.57412191682,22486.416759151965
491.0,508.86617493347967,25713.10261951907,15364.345154764975,11570.186934041729,22586.607790320653
492.0,507.5180841451303,25618.41761193722,15516.097814473942,10906.528874726515,22716.36919227068
493.0,506.16999335678094,25523.732604355373,15633.356974874374,10141.079958905233,22889.96723212845
494.0,504.8219025684316,25429.04759677352,15668.325067283431,9705.546154103993,23062.467266466203
495.0,503.4738117800822,25334.36258919167,15787.858567712161,9352.992965749132,23158.85360012749
496.0,502.12572099173286,25239.67758160982,15775.915474166255,9237.592853283888,23309.368867004847
497.0,500.7776302033835,25144.99257402797,15835.611515870994,9099.80358661223,23413.64199057421
498.0,499.42953941503424,25057.030734387925,16102.89054434347,8289.153274571181,23488.836656446296
499.0,498.10389814677677,24969.64032331931,16031.26969585275,9526.35690089029,23436.98351433845
500.0,496.7880102423932,25554.56670643133,15371.371652453974,9883.042894764047,23546.619891038637
501.0,497.7711785367592,25522.39746949261,15232.896668458385,10829.59082275916,23549.975921057976
502.0,497.51215987519413,25434.125859182834,15142.952934462795,11581.301703168576,23589.12448820921
503.0,501.80325409746507,25405.649465321992,15063.247314490725,11844.003792703144,23671.085666673105
504.0,503.40311901586057,25314.834726377696,14976.379490835703,12031.661565377697,23813.012676717353
505.0,513.7577672030864,25277.847088159586,15095.248915533282,11212.487537884776,23948.704740589907
506.0,513.3625742774326,25186.395011937624,15223.092055147283,10534.7620258008,24092.619662269266
507.0,515.2692376364541,25091.922918520082,15254.181137685491,10342.753443673824,24219.112506046356
508.0,513.4925955975455,25000.79776100491,15483.01506413314,9430.888540787775,24332.780732534324
509.0,512.628069924643,24908.541538693524,15537.934245620896,9602.456171639482,24374.970143559112
510.0,511.5915729782329,24817.118203542464,15495.592960231323,9856.59791883953,24472.556768472525
511.0,510.87854878963583,24725.13520787551,15456.244749775886,10457.987233313292,24508.231744832403
512.0,508.8983713742443,24726.073260678277,15382.901858233146,10267.390766864126,24656.804148119998
513.0,509.4082065448855,24632.433122154183,15473.606280258908,10956.095960663424,24582.695809723315
514.0,508.7034324091526,24540.33584077295,15845.065016535218,9246.48604935292,24740.609277442054
515.0,506.83967338957024,24450.124273677426,15769.360732575155,9519.656934486502,24862.86709456947
516.0,507.5381023182411,24414.19842086762,15737.993622729928,9625.160624382957,24948.25613837488
517.0,511.8159951757254,24385.19741846111,15791.319019864135,10095.197523865254,24897.069767858648
518.0,511.3101654412481,24291.99554171583,15812.795886382524,10080.235948604888,24998.60750203119
519.0,515.2409852762622,24193.431640039427,15734.525335207087,10284.780585773899,25132.244896200562
520.0,514.6413576850812,24098.951267876597,15656.25478403165,10615.917004624736,25243.890936993517
521.0,515.2680309976308,24002.75844007475,15577.98423285621,10764.135713057269,25389.514592883952
522.0,515.0153694339897,23907.02470924137,15499.713681680774,11303.523299349728,25465.67012162311
523.0,513.967305805447,23811.821902093325,15421.443130505335,11679.713349037342,25572.374113883696
524.0,512.9799308311399,23716.320287227572,15343.172579329896,12573.088734749645,25585.71436232518
525.0,510.90600318977255,23621.872970732664,15265.19577815446,13038.947543975453,25676.78489740057
526.0,508.8258729025541,23527.42565423775,15187.218976979022,13391.37957885974,25788.478482356244
527.0,510.944095829544,23428.229061268165,15139.732148068533,13257.83711178246,25967.167431304923
528.0,508.96054920587693,23333.02186053731,15066.577338674444,13241.794644705182,26145.85638025361
529.0,509.54046559170774,23234.957516949304,15104.919755775356,12779.763271647891,26324.54532920229
530.0,508.9783430346677,23137.86460193273,15422.786346947407,11349.213983367172,26477.77973269642
531.0,507.229294157804,23043.771956534372,15357.083036784821,11320.278679588268,26656.468681645107
532.0,507.9767979491984,22947.98212320672,15593.832485979854,10443.600421671548,26770.117422371753
533.0,506.2254965718897,25156.36381673179,16014.169935566399,7582.482316077548,26815.26177070186
534.0,504.5221440145623,26814.74670324908,15842.93622152878,7829.812838623421,26914.9154819871
535.0,502.86407704223075,26819.38351005871,15751.956139908974,7987.899606862885,26975.1197278594
536.0,505.5547029313306,26725.006958413156,15677.093476298049,8311.205332460855,27055.2607382115
537.0,505.46309931172544,27969.275659993305,15602.230812687123,8607.837433814975,27144.73154510243
538.0,521.2433935646575,27864.506654302655,15678.171722053106,8581.31876624638,27214.79118936926
539.0,520.7797697574448,27770.419211893022,15603.309058442183,9312.441536200082,27187.962963812766
540.0,520.1383652801425,27676.249101561803,15528.446394831257,10072.334497818993,27153.43838383325
541.0,518.2495203343966,27582.847780216678,15454.073314553663,10556.845598555636,27194.821615257675
542.0,518.7247619848335,27487.4841471205,15381.531106184651,10593.86240429952,25090.17233895088
543.0,517.5720011847266,27395.307606938193,15368.955486824216,10715.38847591294,25191.844310130968
544.0,517.9277142996132,27301.751606916274,15480.71705832191,10303.578838229072,25343.749358397483
545.0,515.7283951029921,27437.624539811393,15251.382307276432,10110.353376845855,25481.08125126909
546.0,515.3676139834326,27344.28387662979,15177.351481275284,10193.896846139678,25630.695045668395
547.0,513.9834523967959,27251.48376436847,15679.488083564744,8871.006837190738,25748.53604539442
548.0,519.4370957167537,27153.067094725833,15701.354640463167,9116.866972084352,25790.42065325893
549.0,517.2093348382526,27060.84638601695,15627.32381446202,9374.837799109238,25892.716685100695
550.0,515.0945030079971,26968.625677308068,15554.042865902013,9595.953601332785,26005.281888164005
551.0,516.8110441211389,26972.540343539175,15356.842698667018,9674.494882222647,26153.698733919504
552.0,520.7678011148033,26875.554674244857,15355.518452747627,9869.820004420417,26223.49872628339
553.0,518.8124542106713,26782.571571842305,15279.206462713975,9928.021027105284,26378.038984890874
554.0,517.8931700677101,26736.792809351056,15203.803030173374,9970.404945929928,26496.28684489004
555.0,515.9268966452066,26643.682401334318,15129.464994249316,10379.74229743742,26565.322410873647
556.0,513.9871732965532,26550.571993317575,15055.515071853188,10509.780984479741,26704.76086315979
557.0,512.0236931199521,26457.461585300833,15355.611941770992,10461.488466188448,26639.685176139694
558.0,519.037963590371,26357.55117728409,15322.594934854738,10564.77196440396,26757.20465199981
559.0,518.3213628995097,26262.880769267344,15292.052616347768,10434.946952676777,26932.546146484678
560.0,516.3656381708793,26209.859123775,15347.471724417614,10048.340573753803,27084.445129926844
561.0,516.9371866394654,26115.241826345384,15395.39919861275,10011.261593246376,27186.016457631267
562.0,515.0512542365673,26103.180781355768,15636.818044767668,9136.38337451655,27301.260606708758
563.0,513.2274057988085,26050.678290198062,15641.014079220886,8886.748061653736,27449.71471018267
564.0,511.4938138304193,25958.58109913373,15698.154798657708,8801.78026121028,27554.753914993635
565.0,510.409570735319,25865.983908069396,15919.118371712397,8395.10607808585,27632.194924637075
566.0,511.064034570123,25857.323041020925,15839.457376942431,8390.657097549089,27738.550941016234
567.0,510.49986303152514,25765.402813774588,15799.656340710457,9091.391475939721,27710.587143549717
568.0,508.8804237091838,25815.699325110854,15555.594188191366,9603.636189515324,27751.53418229363
569.0,518.5887993467222,25717.989556746375,15482.198610393669,10113.877706673258,27794.54183058617
570.0,518.4161889834836,25710.870266065507,15445.481617362122,10694.238008119562,27726.041324403966
571.0,519.322266304237,25789.71079352654,15156.711320923014,11296.853224417337,27745.40177446734
572.0,520.8412050298889,25696.562457391068,15076.193090688483,11505.283681655794,27863.463801192607
573.0,519.8396632872558,25606.445799770903,15166.700981538777,11031.462888753196,28038.805295677477
574.0,519.094578283192,25515.98911565765,15152.074262996903,10904.049568932765,28198.608100455545
575.0,528.008364317162,25557.273468102285,14939.627160168198,10967.541451317644,28326.825091573064
576.0,527.2077589216256,25465.175467480334,15146.115582597215,10345.99757148287,28460.836396949802
577.0,526.2839640707163,25373.391140290132,15065.277367939068,10786.812657741133,28519.076766690625
578.0,524.8214637416997,25281.8177510953,15139.854998759221,10397.925957648811,28682.69899424232
579.0,530.2263730658269,25225.389774192434,15010.876896877566,10592.962048353302,28803.037951522387
580.0,528.8202723668212,25133.3636885856,15052.551348239953,10548.267591874475,28902.900327293017
581.0,529.6370002567639,25120.242121368763,14936.092354902847,10804.559210971427,28965.853899284677
582.0,528.37537702132,25027.8146855106,14882.950148804097,11027.129587820518,29060.280341359423
583.0,528.5886388863393,24933.942858346963,14862.6001563009,11193.67976076134,29148.00142450413
584.0,526.4670171676812,24882.93584946984,14729.886074534339,11313.481209657957,29288.685777338702
585.0,525.4131116477507,24789.478356347092,14812.18688482236,10992.568122293857,29432.956444135856
586.0,524.6055396975687,24695.58332263349,14733.76082108104,10049.444155184483,29469.699131302063
587.0,525.5437583578258,24600.039745176782,15023.584726052331,9533.714780467079,29567.363838838886
588.0,524.3737931344698,24505.793052455425,14978.80909027871,9931.9226697052,29581.053667959415
589.0,521.7313433090703,24412.588766043704,14974.208271931257,9795.346984160311,29750.98039737528
590.0,519.2068338443868,24319.384479631983,14930.893944463502,9818.016549032625,29893.483882749948
591.0,516.8674318623165,24226.180193220258,15334.414735231894,9402.005799934639,29884.451517815833
592.0,514.7739833583688,24132.975906808533,15265.229785629219,9492.994268403383,30020.758521018943
593.0,512.870160626257,24039.77162039681,15198.597312170594,9581.002601347158,30160.02096298315
594.0,511.1192302500399,23946.567333985087,15485.698502573468,9056.10560818568,30270.52674738803
595.0,509.547310634493,23853.363047573363,15678.21203451612,9108.196542385946,30249.66221659601
596.0,508.0748515077206,23760.158761161638,16000.614838557234,8481.50687886379,30368.32790333237
597.0,506.6023923809484,23667.76485313941,16001.132341570556,8411.269635484363,30515.419549262802
598.0,505.1299332541761,23575.370945117185,18429.943567723134,7704.743436609456,30621.482127851094
599.0,503.65747412740376,23564.82574305024,18397.08004105678,7853.129987705714,30640.593480502892
600.0,502.1850150006315,23475.134852344992,18515.267176214882,8134.446892891176,30582.08354484627
601.0,500.77325682692054,26077.29987306014,18337.42353926394,8320.788800053046,30667.895459221818
602.0,499.4146181606066,26199.033474995347,18147.168187206917,8238.127711842164,30781.0862643402
603.0,504.15191076823874,26105.13251318732,18073.819674835526,8422.183622893994,30867.53073185546
604.0,508.31210679397986,26011.81656877168,18003.522236973655,8428.1328873713,31028.270308856372
605.0,509.7800170156015,25920.17035043634,17934.709006573154,8529.845873476546,31149.10833517898
606.0,526.703396554933,25891.801418980493,18071.809469932443,8095.666502322461,31316.04915503763
607.0,528.9451642240778,25796.30332338903,18148.865891452948,7856.107799896123,31491.390649522495
608.0,530.7321462648825,25700.51303907961,18114.871550251733,7961.425767909551,31587.366370667187
609.0,529.6196696315008,25606.558763532576,18045.672321745886,7982.553905307008,31741.44315526489
610.0,533.0959211662667,25508.106812954276,17976.47309324004,8096.285603166327,31858.304192498348
611.0,530.6463582835835,25413.906807589436,18123.783475799537,8128.751341312371,31885.39118625545
612.0,528.0136869718256,25319.7068022246,18054.58424729369,8435.680622798272,31923.82573125381
613.0,526.3008364801387,25224.6369311328,17988.270491622927,9055.874650362854,31832.92591594957
614.0,523.5968628382234,25130.29774725165,17925.014369306133,9256.667074781923,31916.776768622636
615.0,520.9799199057383,25035.9585633705,18150.72366709234,9120.143897184358,31972.856540089335
616.0,518.5135529079109,24941.61937948935,18442.707886493372,8603.786702045596,32148.1980345742
617.0,516.2681043149548,24847.280195608197,18425.911109460816,8518.329204764415,32323.53952905907
618.0,514.277961448245,24754.2895007771,18551.76173629136,8386.488456060164,32435.863917114995
619.0,512.529909167919,24661.298805946004,18740.80885682679,8120.00074777518,32567.17477611557
620.0,510.9517071857637,24703.15701612035,18756.561860495865,7797.198218837434,32722.255185771406
621.0,509.5665571160802,24610.16632128925,18758.730246774034,7874.7483663671555,32818.691189420126
622.0,508.25593283993476,24518.064515347043,18701.801479748323,8342.90005237647,32787.965641618495
623.0,515.190728545258,24418.61596750409,19686.63980826566,7866.3293108971875,32861.27576872797
624.0,513.9272575990396,24414.22757174665,19531.621000696796,8201.410488488,32883.96763046788
625.0,512.73145005204,24322.039742576377,19474.03856890626,8248.548962674211,33027.430470309395
626.0,516.2614212747342,24226.938723732856,19521.44783817055,8318.351723542113,33092.08061762304
627.0,521.6069871347463,24239.17763840523,19379.07482836131,8421.906927794702,33187.936943804394
628.0,519.9889391610541,24280.783592098876,19207.418257917085,8421.435998775058,33326.46135598882
629.0,518.232331713701,24274.191309068316,19047.037031508316,8705.901822974347,33372.97764105044
630.0,516.335723448893,24230.22142550608,18931.119679909447,8778.205407557463,33508.17197919972
631.0,521.6352786913745,24135.301700594064,18864.57882441578,9071.825586987488,33551.90145427025
632.0,522.2319185658911,24324.556285135463,18710.594683956064,8754.483681392889,33699.53095732995
633.0,520.1277269523545,24236.23268194854,18733.33960230715,8754.781641430805,33799.83397440253
634.0,522.6383208957737,25865.3625638354,18521.736024588226,8805.931906544192,33923.61182680772
635.0,521.7929026230235,25775.87205449994,18622.83527514671,8541.449037669656,34080.852334930016
636.0,527.116571240141,25681.298633034217,18847.605608614445,8151.987563298118,34208.569413651974
637.0,529.2365537765784,25588.707498503114,18804.936519929575,8194.592957714962,34333.48469088356
638.0,534.0686119768746,25493.7424793359,18934.27949718162,8067.0575333960805,34417.142610582145
639.0,536.3315509757444,25441.490199354343,18815.50990569813,8355.255375568162,34462.04829257172
640.0,537.1114294998931,25391.06485877173,18940.708750790505,8209.639275803947,34524.5182329155
641.0,535.8185826951426,26787.784264045098,18916.778949284224,8337.528507639092,34468.847646519636
642.0,534.4845280502025,26739.636918667627,18787.307700922123,8591.39020872209,34528.00465720882
643.0,532.9053212325699,26768.154651200217,18701.131186135415,8636.057449295951,34576.370704972374
644.0,536.9858471831252,26675.28123370229,18900.123728577884,8524.550432933787,34604.60110738648
645.0,542.3945627951382,26581.13038573024,19092.885915112493,8252.877634702487,34702.858411784146
646.0,542.5528119818962,26489.772642543656,19018.322761536863,8671.872690131664,34692.15476388143
647.0,544.1517528445256,26451.423317134344,19000.42277977428,8579.814487995583,34808.01662247342
648.0,541.1639405008034,26361.738919182706,19160.929962150847,8473.4391771398,34859.736870060355
649.0,542.0163612448985,26269.20205287927,19188.97292702402,8474.654519118698,34955.19037234916
650.0,540.1531778645544,26217.888492382503,19170.207048365868,8452.01446383024,35058.718962118684
651.0,537.1378373718172,26130.974931885736,19124.42367526084,8840.636875074431,35041.307562752336
652.0,534.2231592850491,26381.33006505059,18681.21218267009,8771.336889061493,35171.98463773373
653.0,540.3415845510602,26287.916147528897,18594.7817735626,8958.880600033965,35258.62821987041
654.0,537.6381304155501,26199.962529908145,18601.995888789847,9052.564627983122,35322.74295094551
655.0,543.4279923682313,26105.91463488181,18659.02028794568,8934.95228424291,35441.8201437597
656.0,544.5545206558255,26014.470740878707,18650.79076214208,8864.6452898747,35586.559645352
657.0,543.445964108822,25924.33985253387,18633.37468239489,8855.149153821287,35714.764874977634
658.0,557.3173624600536,25823.15696943803,18947.55937981793,8303.412811411812,35849.2226815318
659.0,556.7718401148028,25730.54105361491,19325.917670069142,7622.172515549518,35993.87998039202
660.0,561.2766350168981,25635.029299951435,19375.27623486035,7641.896458416774,36064.72518621426
661.0,565.1053981665993,25539.067916353517,19490.684361196323,7616.8824412310505,36111.70742437804
662.0,563.0066669204144,25560.76033975927,19460.2573000798,7601.353242573638,36150.27150640836
663.0,560.1408987919749,25470.831905819705,19414.083444838583,10202.727005050456,36109.55581564187
664.0,557.3914620489417,25595.905413573157,19176.65669787459,10449.118658862039,36107.10352167668
665.0,554.6639774792892,25506.71932989327,19123.027201298624,10526.357970228235,36229.35769273155
666.0,562.8383753717222,25483.822558717773,18938.65815540537,11157.141990405373,36187.12490239089
667.0,568.3492615190744,25387.33213282388,18973.20761867065,11038.576079519411,36315.07091165981
668.0,567.3619804746407,25294.631595183637,18958.774473187383,11078.775408872187,36422.61825199784
669.0,568.4565712406294,25202.806639698563,18874.081148763682,11146.296054631468,36568.82765103267
670.0,652.5128719803722,25109.614071929474,18789.9875855879,11373.191323282677,36662.17358037018
671.0,656.4640270069539,25268.279969344007,18419.844386925193,11564.383596644771,36728.38771629321
672.0,654.0416260247335,25177.494906023592,18388.75007754853,11505.598467983247,36877.5887507788
673.0,661.7735448721736,25080.28018994357,19050.032263100406,11407.48584599932,36949.81036314161
674.0,664.7794712782169,24985.09501933563,19109.388267819737,11087.941806248504,37119.296997269914
675.0,664.7579129524579,24891.306756545888,19087.00711964884,11148.03422986464,37223.834708307244
676.0,668.0005495902649,26062.272485171852,19441.37008678009,10265.361051873117,37361.38997363078
677.0,667.9523650454541,25969.452282121114,19507.074150299108,10070.136559740107,37484.00046614902
678.0,670.1196919308596,25875.12841638221,19542.293359246436,10078.3121935871,37561.34087499853
679.0,667.8267542343576,25887.136443199804,19327.400943088356,10526.108679710589,37578.33013824946
680.0,665.5525361867103,25795.00648885785,19247.7423527597,10790.621814960397,37657.699315361504
681.0,663.2826882284273,25703.764720772146,19525.996889351594,10420.628354630644,37681.03399623623
682.0,661.0419879388309,25613.720552041657,19494.57307361366,10674.693540595259,37727.829133733576
683.0,660.2748870715691,25611.98694152527,19344.893693758993,10713.058733646963,37847.330853794716
684.0,658.1580443841342,25642.240578427714,19268.68898861572,10685.003948703896,37900.33451885337
685.0,656.1910140209163,25586.615777847892,19246.72155360278,10585.378036684739,38020.62666284881
686.0,656.6364377369313,25529.9067863655,19117.33758952928,10685.864621619663,38153.655447658675
687.0,656.8997213662968,25475.21885567879,19123.351687157927,10905.86719209087,38144.650007999386
688.0,663.4828276241075,25382.804519697027,19064.48031533739,11060.76927201654,38239.34124987904
689.0,663.3637092005416,25477.92522887675,18732.5855354254,11199.233769155902,38361.42044830411
690.0,670.6685340100706,25384.131872011116,18739.31638862932,11221.254794602926,38448.96579293726
691.0,676.605498536825,25290.23276681592,18647.991993627063,11731.588209531348,38447.70515909541
692.0,675.8045350681399,25199.494071202487,18610.815245210764,11965.987638030365,38498.13968456458
693.0,674.919066474017,25108.665725304803,18661.42449521321,11706.606858202562,38647.858756542526
694.0,674.6506682446575,26169.83586747341,18572.321454368368,11783.037975008028,38790.41037362493
695.0,677.8180455249985,26076.838624395743,18599.319624979966,11554.18639031979,38949.544814488334
696.0,678.3367377647545,25984.727671477744,18621.456844732973,11420.133821365665,39081.86218395189
697.0,675.8740993907401,25893.909026252048,18779.31110712288,10871.376373112977,39250.56537492801
698.0,676.1944743322179,25801.551919487894,18725.191464673375,11348.95773434957,39234.814721116876
699.0,676.9953511034523,25708.64628840145,18638.852548354324,11599.012435787665,39319.35572160046
700.0,678.3941038513304,25615.105283430577,18553.03585425749,11837.480300753065,39408.61572715135
701.0,677.157328359007,25522.627652822892,18469.227311101917,11990.11443542056,39526.66763411888
702.0,674.5021910700865,25430.79617606136,18438.399957692658,12112.518091755635,39616.33650429817
703.0,671.8889587079772,25338.964699299835,18593.16776608703,11616.220883550675,39773.61220038117
704.0,669.3666870826532,25247.1332225383,18588.17690123547,11640.25223704141,39878.27331810522
705.0,666.9324779126199,25156.259986521378,18570.174512554157,11700.225491665224,39981.00815961007
706.0,664.6413497835101,25065.729197662065,18678.055958700745,11807.490878464472,39974.40379231495
707.0,662.5478495043186,25071.022483263492,18577.431221484545,11633.414232416424,40116.10513918105
708.0,660.7067183020481,25014.73641016497,18627.136773625698,11236.835859018835,40283.6530164819
709.0,659.1081333080033,24925.342592842208,19074.554036617195,10107.477668496627,40433.08735086607
710.0,658.3418070785241,24837.202140002923,19182.171890528938,9775.258362205048,40569.010958836705
711.0,657.0180688489536,24863.081917742187,19140.470875315445,9296.81823908304,37626.05537714326
712.0,655.7628985030736,24939.062528635113,18934.043363802775,9473.457047097261,37665.09957769599
713.0,668.9370541243276,24844.219581087385,19077.741059729586,9590.313635705808,37639.737610391596
714.0,674.362023898399,24752.232158144336,19357.18822484657,9231.186673230848,37666.78833061929
715.0,677.377714294781,24737.821976494393,19164.607941511254,9669.838116061426,37697.44595871838
716.0,675.7433507298313,24648.544236481404,19079.876115863066,10220.902897140206,37695.78834830204
717.0,682.3724791977877,24554.74416158723,18995.14429021488,10902.412209714545,37654.524189918106
718.0,685.0727505763034,24462.18040785999,18911.95957619327,11611.217410787676,37604.91366435049
719.0,691.6811872455476,24366.92387383585,18828.774862171653,11757.921584768883,37729.628137924825
720.0,689.9429152242335,24275.275270892667,18900.30131080749,11401.478080771918,37902.12893300957
721.0,688.3052730288755,24183.42112413394,18817.116596785876,11819.544872654022,37942.78280601212
722.0,686.844646393873,24091.29643444748,18734.971470444198,11818.470623242425,38112.582439309874
723.0,689.9906067523394,23996.457605665863,18652.82634410252,11997.82905082104,38227.081270369075
724.0,689.7111622707988,23902.90296141648,18695.331457559903,11750.938857468864,38386.89023425541
725.0,686.5433063803763,23810.640624859407,18614.261650743927,11796.239199510928,38542.933350475265
726.0,687.4224024938515,23718.592593644913,18534.029772419643,11922.70236933951,38675.36783314558
727.0,684.3359866272451,23628.367455454452,18561.329846665463,11943.973106763457,38766.02299566904
728.0,681.361049643112,23776.58392581087,18221.104557063183,12180.095233877531,38807.30614156305
729.0,678.5276523103835,23686.358787620404,18131.98282959967,12261.056971575577,36186.195339061946
730.0,675.8535475028913,23596.13364942994,18106.74021478971,12491.22315334287,36254.450572795715
731.0,673.5006665427535,25469.686271724804,18078.61689762091,12829.907868003329,36294.14089436505
732.0,671.4395993207061,25379.96764199039,18088.390071353762,12782.45273595271,36422.07932326106
733.0,678.385885788986,25285.06487216467,18030.998832283505,13024.90122494755,36510.49585281393
734.0,682.0975506506653,25191.587177800055,18340.252499338,12248.892272077479,36655.60561674578
735.0,683.8458202072385,25099.07597922342,18313.296292632163,12284.586665067665,36783.55535892965
736.0,681.9359827430603,25042.807768672043,18430.594901610108,11799.173780969462,36940.453658052626
737.0,680.0299640146911,24988.29164801821,18426.470658112165,11832.810986208016,37026.0772136738
738.0,678.1356455546056,24934.77931400778,18466.439997826685,11952.3114019909,37058.50270769776
739.0,676.3615564223808,24916.253002117985,18649.809335769107,11286.632753218504,37193.46197887281
740.0,674.5774997068145,24827.618610319016,18844.29972325306,11008.636433385895,37267.46871018524
741.0,683.1053106819787,24801.618150984035,18732.332434583874,11392.488226576661,37289.12615690788
742.0,681.2494207365249,24745.35190985363,18607.585897708115,11740.164799088292,37360.44058085863
743.0,688.2450403663618,24650.45379567605,18527.6298882341,11960.172146496872,37469.04632791529
744.0,691.5666989907376,24556.76402527281,18672.830244876106,11975.74607745857,37491.90680720359
745.0,690.3668386771446,24465.183868584558,18762.257525695073,11863.842520038981,37589.06829004844
746.0,688.1418293397884,24374.119494691095,18687.476444256412,12042.602048813245,37708.81364839763
747.0,689.6844290614587,24281.51824642966,19047.318430781226,11406.053865072587,37783.73036648206
748.0,692.9817506795172,24187.501344836783,18975.231726275953,15369.637703753242,37942.02973665604
749.0,692.3269980150411,24162.847857410503,18870.173213483235,15418.473156589733,40690.19989869588
750.0,689.8974679359007,24073.246986501224,18895.78854891364,15213.489400826495,40840.77541279564
751.0,687.5136242967744,24051.61130525827,18762.245735310793,15132.57644834488,41012.98559175066
752.0,685.3155432161348,24077.2704260096,18703.77052727124,14747.707017697707,41158.7421516078
753.0,683.2759619259991,23987.669555100325,18932.750739955347,14502.944270098544,41176.65227066414
754.0,689.9987215650356,23893.003412852202,18895.59319845263,12439.536153011193,41271.33574857681
755.0,688.8619286297366,23803.182327718827,18875.107606652986,12695.303166407228,41325.8257583415
756.0,690.2335909062404,23711.83886246819,18885.232562495832,12785.298647976728,41413.27778787308
757.0,693.0473394632572,23720.011346513522,18770.15602740761,12788.881132660177,41520.59174939303
758.0,696.2325511870066,23626.767433656245,18951.79146409223,12835.670497682855,41499.70947238162
759.0,698.4986867997311,23534.57294084987,18876.495898199093,12883.327873250204,41655.55892760206
760.0,699.6563846473459,23443.46812648116,18828.021017260086,13107.73331412993,41739.9359296625
761.0,699.0476084817084,23463.7491218701,18676.717396916298,13179.814994937069,41841.20357584088
762.0,700.7235222653572,23467.731183628184,18550.933706380005,13301.88187051301,41920.09214352459
763.0,697.8831999432047,23448.242141312083,18407.943692211848,13395.846643124987,42042.452877697826
764.0,699.5888630084573,23392.42333906113,18279.98263336675,13489.471384075207,42186.784742646225
765.0,700.759973278491,23300.557541890335,18458.503134901413,13119.339151356191,42294.54403216487
766.0,701.9850905619616,23208.257617768864,18632.2051858499,13092.622651253645,42298.09312386915
767.0,703.2331590074301,23115.592272848495,18577.554281250705,13209.258759695691,42415.440644498514
768.0,700.4448909064596,23026.83671271804,18498.4137084799,13277.227215478044,42566.830810041414
769.0,703.4873748817872,22935.081152587576,18474.558237977595,13645.612694286869,42589.3519110387
770.0,717.1130177267338,23018.481717866354,18346.909805896725,13594.086714686267,42646.44507050705
771.0,714.6668657683628,22962.0261737958,18547.522084757198,12949.256385121515,42791.00658134914
772.0,712.2017999037107,22906.014054674448,18539.20225753788,12865.725641374673,42905.14996214813
773.0,716.2018341331303,22847.077560283647,18498.863067563267,13075.421193910439,42951.942685320704
774.0,713.8284596673734,22757.09112884392,18448.585129692394,13477.626455202077,42978.383216456365
775.0,717.4853510598307,22703.804637276546,18575.807699447847,13285.447603268964,43029.28832016444
776.0,725.6739549322926,22607.71454728319,18717.902597181266,12954.581900795238,43150.67053323173
777.0,725.1355895946449,23860.699760885258,18774.989260699633,12943.62857853169,43233.19424683428
778.0,727.9663818927357,23831.47622266624,19135.92175153097,12055.077646286132,43313.04733874372
779.0,738.0602326131554,23734.38998383897,19263.47631231024,11953.051618720228,43370.65791115189
780.0,738.1735535435291,23720.292521507108,19252.766365354022,11864.322401149842,43441.533894118125
781.0,742.1867762629297,23626.799992804165,19228.04570539755,11901.56471331751,43557.742206274634
782.0,741.0132270381478,23695.55049154776,18918.077472936024,12043.296753641556,43679.079925942126
783.0,738.923074425105,23637.808465602524,18785.80349898161,12284.149223524191,40664.49046523704
784.0,740.779830205877,23544.351533635647,18702.651110258474,12375.8361734104,40812.92504337407
785.0,738.8210290316161,23454.237402601535,18766.74757199735,12262.65201163794,40925.69109844777
786.0,739.8821101465312,23362.461733105887,18907.701951236813,11891.788345035693,41063.89804039436
787.0,747.9068010693393,23435.251280341992,18617.661427170333,11858.281819195206,41226.35127847881
788.0,748.7168826002775,23342.34186848873,18588.653094510817,12381.880372318996,41214.85957585774
789.0,747.2062775344295,23250.429435427883,18530.79094072156,12888.372563828667,41228.74523636006
790.0,756.1241840499663,23152.86138731266,18473.52675463184,13169.703285357806,41307.285286838785
791.0,756.2539997541722,23059.04836353542,18386.028994618104,13988.842767012131,38512.04890696467
792.0,757.7024166781973,22964.87483782412,18299.965139538457,14300.582565054288,38606.43201250054
793.0,754.889375239546,22872.920172314825,18338.29978837326,14214.390856343798,38732.98229666694
794.0,752.0935624497714,22843.14768677419,18308.10447858987,14056.464525568284,38866.02907773696
795.0,749.3616886079104,22782.895423811064,18266.4196157876,13921.923666094874,39025.29415816832
796.0,752.4875625496268,22719.260026589363,18261.939099663512,13669.302647934128,39197.14818854505
797.0,758.4734838968011,22655.430584723126,18343.557465725564,13293.059201748303,39349.68355153638
798.0,768.5593679440169,22557.02961038115,18867.08301764278,12329.632845431863,39421.75987878792
799.0,765.874214913819,22532.629630759708,18892.493804365247,16109.152703877377,39566.36367789356
800.0,768.3364220713205,22474.606884505658,19055.775667379257,15661.225403297982,39657.0397335968
801.0,771.2259886410924,22410.680632254785,19022.97586141511,15531.100326793234,39804.2077402611
802.0,768.5002152312668,22426.024972210376,18848.039072338826,15997.783041038547,39850.24623663952
803.0,773.6338058188618,22331.791828948793,18761.13050470678,16415.690159323094,39944.011898719735
804.0,771.7463484706293,23572.336533287315,18578.336687713614,16554.829834938042,40093.840760752006
805.0,770.4150515966445,23622.410106518862,18273.89277106071,17209.51405052926,40140.89180151205
806.0,771.6824721778714,23596.525609649674,18212.63901529977,16946.321526689608,40292.355839850024
807.0,769.0061750036417,23506.48555853745,18358.25357585771,16369.988803729084,40441.68234769749
808.0,777.8780464343189,23410.70668566719,18319.314048524993,16510.75648364718,40557.735778233815
809.0,778.9985174033818,23317.940687454604,18257.70202788494,16647.131982662533,40690.32219145915
810.0,781.3960913477607,23224.300563496807,18268.30151584014,16589.309963766365,40819.52513591859
811.0,785.6062778757749,23129.404923924772,18467.84140531021,16065.101538076999,40930.75548039826
812.0,788.6986615370332,23034.54893574963,18519.853795620314,15863.07264085914,41065.728650210825
813.0,786.3049420296561,22941.963649835383,18491.9694168071,16920.84988110395,40999.065966017464
814.0,783.8449959229833,22849.37836392114,18529.018408726977,17043.40354515082,41081.36473618996
815.0,781.3382007632358,22756.793078006896,18785.89567813068,16691.539467762097,41128.225695511785
816.0,778.7595994150477,22665.960187838955,18795.399961228555,16768.202886278024,41236.893215437085
817.0,776.1262782956082,22575.127297671013,18907.683309696487,16812.18512611047,41291.08732901528
818.0,773.4933857637193,22659.984909177467,18617.252818976704,17181.122150174713,41358.93396166082
819.0,770.9530916282905,22569.602946053335,18611.523693023584,17326.124343350235,41459.170894482864
820.0,768.556225268367,22524.599401596253,18665.145630980558,17047.13382261602,41570.01685105016
821.0,769.5679405845428,23604.266950210644,18584.019807251112,17070.21043827811,41742.33413368234
822.0,769.940439096626,23540.2475583642,18919.434356932004,16335.429636291521,41792.09321639457
823.0,768.0001277878504,23477.196979231998,19021.178831138554,15769.121190624424,41945.11261760805
824.0,766.2847997572826,23414.146400099806,19091.88191563392,15785.144170961184,41998.9844081939
825.0,772.0591379825938,23320.988212764492,19046.42698782053,15946.685388515596,42120.169618356194
826.0,781.8477990842173,23225.97881787074,19032.225977809117,16067.24796060907,42232.3578657908
827.0,780.2229152714453,23135.403605563642,19197.07799075678,15688.278036613867,42337.52849619628
828.0,783.8712472389907,24152.48371159369,19027.90428539867,16553.75936464159,42339.557683919375
829.0,781.9006601281282,24062.374986778697,18945.89342085326,17007.657529804826,42424.43977857373
830.0,780.8545680047239,23971.849981911077,18866.544626138046,17374.645082670006,42526.84664317549
831.0,780.7458488202269,23932.883966762034,18721.181679858008,17538.671049422097,42655.65438749029
832.0,781.5407019868877,23843.13264611802,18910.18362571838,16774.088405382263,42823.82481886019
833.0,784.9121614924343,23752.045287757865,18887.00614729736,17307.934390487237,42858.7370833011
834.0,788.6341438180523,23835.315461057784,18559.68179333453,17199.587347659563,43020.48366526069
835.0,786.5262301734501,23746.57279161145,18572.2149271358,17176.432288632463,43142.8898237636
836.0,784.3512477812326,23736.87203167447,18537.98935964566,17150.793134454252,43210.091629188915
837.0,786.8424000559843,23646.044034887545,18537.718038346888,17468.255995659645,43270.39882393509
838.0,786.4841102374304,23556.069866566253,18543.639168996997,17609.299965750568,43363.75953923315
839.0,786.6608281264172,23465.67783975697,18507.80075922184,18149.261752696235,43402.971703407646
840.0,786.5247722751886,23375.45595134547,18632.12391714524,17919.149225264824,43500.04064420344
841.0,793.355192897041,23281.966216615736,18545.07452036341,18521.597938566894,43557.37864684164
842.0,797.1498138110753,23216.96732997087,18411.258355157646,18657.517308783175,43708.61364109715
843.0,798.5214732943359,23125.33937064768,18433.001684465726,18759.953276523585,43802.57226210179
844.0,795.8608752549325,23035.234080287075,18641.14323216993,18153.399084383756,43925.895142234825
845.0,804.8592770367205,23002.213025176105,20794.31237550235,18198.912546685413,44071.974546592704
846.0,808.5358649158951,22909.044836675122,20706.082872406325,18258.007878802848,44237.23751956793
847.0,813.703874013308,22814.727555433103,20937.615047150655,17674.220048823336,44361.97004834637
848.0,812.3323780231826,22775.925336781795,21025.392103341524,17248.301332289215,44477.153836080084
849.0,809.5484379763186,22687.150744402694,21147.877871310295,16827.325164607057,44625.361358887974
850.0,813.3294993251404,22839.49822309425,20694.96810389886,16929.956613221944,44716.63451990446
851.0,812.6747205846037,22779.507244758635,20566.25595270699,17571.703044435028,44748.0344649743
852.0,809.9823444315257,22743.20660044862,20488.594410532496,17896.354661077625,44792.7712970561
853.0,812.8428055484582,22652.46893839371,20384.64340631239,18463.534022084856,44857.45968425267
854.0,824.1615490069897,22585.79346639464,20401.078835844943,18725.650431504982,44891.98697354878
855.0,828.658755702231,24019.64691126178,20253.59653993197,15850.413963928073,44962.36945033702
856.0,833.8138960399414,23925.555171223896,20497.402665248388,15642.968811113758,45014.78262248734
857.0,833.7712363828551,23834.078003359726,20905.793899557535,14753.891360551968,45159.87265232919
858.0,835.3216079217935,23741.54911184435,21004.456325496074,14666.433588747099,45254.98143721203
859.0,836.8836455382685,23732.70311728315,20815.462151186955,14711.637135941724,45384.61483724704
860.0,836.5646195616114,23640.422541995205,20901.12395957433,14633.419534623434,45483.355388069416
861.0,832.8997084990144,23576.049545305632,20958.949264304898,14392.567801734287,45614.77133778199
862.0,839.9004809605085,23480.76588428209,21041.915726724677,14283.040564645184,45724.9137409275
863.0,837.5069312240339,23389.60375383444,21084.208409989566,14574.573310534624,45750.69032510702
864.0,836.0486775737216,23375.58448874265,21263.405732744104,13844.943949802291,45899.00759406404
865.0,844.3073457656205,23332.51199826453,21111.78476728515,14388.124945192549,45904.400041418055
866.0,842.7522231533877,23239.812115597277,21110.937250367646,14667.70606253106,45953.538441876146
867.0,843.2908062177023,23146.02665891575,21014.00347701914,14876.511898461862,46073.43225591417
868.0,844.5583635809464,23051.643474794073,20946.444703670633,15623.896892679832,46034.570429600084
869.0,844.9359235694533,22957.38885666685,20849.51093032213,16068.406716630865,46092.346364364974
870.0,847.3570445303268,22863.292096178662,20754.814224407506,16247.526687213087,46221.56802540234
871.0,844.1997772536961,22773.112629464606,23616.86332485098,16379.157053048531,46364.898304773735
872.0,843.3109301180921,22819.506459098233,23511.667540697395,16133.250960892177,46479.82361417985
873.0,844.1466223280403,22894.654180629987,23307.788282831938,16220.796515663777,46517.78642083957
874.0,841.53979140111,22804.036305479785,23467.98409163388,15890.459323483703,46660.33757512894
875.0,843.769063609249,22711.28884028971,23509.337008840314,15839.821032653308,46784.443267381524
876.0,847.2662496722794,22617.64701043598,23681.296832007632,15718.268823165326,46866.88624356263
877.0,845.3190649313963,22526.7974180072,23952.10938038453,15210.677538104583,47006.22590775892
878.0,843.5282283891191,22435.947825578423,23855.267212910727,15616.027532742146,47072.527705933426
879.0,863.7691719956995,22388.58554388567,23933.248920891016,15171.43654655102,47230.88494944631
880.0,869.980368652155,22293.67325396091,23833.01814337595,13497.073401683481,47324.79956091887
881.0,867.6531594083955,22202.05845774341,23734.690173421415,13721.078798781888,47425.011754637584
882.0,865.0984177841591,22262.267515385865,23312.821090477737,13787.595908635047,47578.9008695358
883.0,862.4672190703324,22170.652719168367,23410.276428916604,14026.033444069712,47582.757630794615
884.0,861.2440168026876,22078.351314143078,23500.486232312596,14094.554176589994,47647.11026783729
885.0,860.639388355215,21985.626660516336,23606.76980846094,14175.174942905789,47700.10912119375
886.0,861.0188847888065,21893.09212667881,23721.182710502682,14047.580841979356,47820.88817970152
887.0,861.6069792766407,21800.17897567049,23717.403211960413,14153.421146207236,47919.86714638992
888.0,867.4922923298947,21784.968881030385,24027.36833831893,13546.29999240566,48030.428843091315
889.0,864.5468528963866,21693.272540390026,24219.46765631126,13318.43278659974,48144.977141708616
890.0,872.4855415005627,21597.044890026464,24306.926464444114,13175.134017970544,48280.16660086431
891.0,871.5453850133689,21557.68776121632,24142.923142724518,13211.884218043248,48422.549696935006
892.0,872.7107553478771,21522.98092233821,24038.21103531922,13355.47706269634,48496.59149008181
893.0,871.0684801836795,21543.800922991133,24276.810383789547,12770.294054382706,48598.5008828558
894.0,869.481201036115,21481.59827578537,24339.352109516916,12848.936917124774,48640.081798946696
895.0,873.0632453723421,21388.368583221494,24289.431393125436,13293.161866063696,48640.60087513711
896.0,873.5759667134128,22561.823424787213,23972.697314298413,13669.706338456434,48689.70884541567
897.0,872.5757987132791,22471.78664472788,23871.209043843974,14206.634720238813,48685.95546694167
898.0,870.807061755041,22381.984715418344,24495.3864059269,13649.748666674113,48709.27881198443
899.0,875.9876824321478,22419.833800112043,24096.058770194548,17267.16062293214,48831.718554403895
900.0,876.1931177162866,22328.59962247845,23990.330411338404,17550.68278752498,48934.35129347028
901.0,875.0369524506109,22237.78062541493,23922.788760569445,17787.664472624157,49034.22595364819
902.0,882.0089620130568,22143.34670134983,24093.031522521927,17378.992088114137,49157.57157601598
903.0,882.4568937965197,22051.140315966062,24408.078371137006,16738.892055556607,49290.22743151074
904.0,904.4442879764728,21949.179078770703,24659.693052633163,16098.259115217259,49455.04384859923
905.0,917.9960044179928,21849.040420051617,24824.308272354916,15788.50894162123,49580.02022346291
906.0,916.1194300950195,22828.17716011776,24874.90729086819,15514.906412661832,49756.790875316656
907.0,862.6825576889241,22734.321176452584,25278.862754799437,15147.478250425665,49770.49683843625
908.0,861.9408499064991,22693.43335295769,25355.306248411525,14862.065143329644,49875.73393537153
909.0,858.6713199964271,22603.188107362355,25365.74868324237,14915.572807483202,49985.18805899764
910.0,857.8782398108921,22512.01028475728,25502.553460826723,14934.391352029477,50037.55581336542
911.0,856.1640952490749,22737.724265026947,24976.61074806528,14840.578847701541,50114.93293476232
912.0,853.9622128148807,22671.70072632918,24918.23093563033,15059.212916242106,50180.72468521668
913.0,855.9397023788895,22608.135555724468,24995.132686792047,14628.839456538964,50343.56242235925
914.0,861.980508343046,23925.53226545903,24899.24482525343,15401.9909415476,50309.829364343
915.0,866.1888458768801,23831.515091750854,24892.19936885059,15930.134984612294,50294.15872558852
916.0,869.3753490673844,23737.489332570607,24945.719407828085,16073.495923139944,50349.648706691965
917.0,872.8685637585079,23642.837793442144,24851.236925906647,16076.762528987845,50521.11213859269
918.0,872.8114169335602,23549.48186076937,28400.23795564192,16221.281760011821,50608.752484009594
919.0,870.4242800309718,23457.175928096585,28374.166375371584,16197.625803136618,50756.7299239391
920.0,870.5840436066147,23363.61999542381,28431.30495110194,16218.917593527032,50854.737081111634
921.0,884.0308569321988,23263.99130835646,28494.909188923142,16161.28121678984,50972.20866267579
922.0,883.9189685545377,23170.054289102784,28548.20940481017,16091.158927932325,51098.437053757996
923.0,881.2692502472805,23162.637017451758,28601.20342504265,15909.45465442318,51166.11302627049
924.0,880.4555395434189,23096.309202529013,28599.808417737248,15905.38669657502,51271.043438223605
925.0,879.0739279687317,23191.179492507552,28181.855463090105,16149.440331599886,51332.71853318785
926.0,878.6902857889194,24640.272633936922,28187.859047523176,16427.126916016823,51381.48043107577
927.0,882.3824592520782,24609.81939190952,28055.044353733356,16573.175458030964,51467.749384919654
928.0,880.4751362079242,24546.563891375972,27922.072387539287,17112.06891890239,51484.307374858625
929.0,886.3259282944964,24452.17893123282,27812.527632534384,17475.389892512194,51563.74722858427
930.0,883.9248157954239,24416.37645173083,27655.008746893192,17817.712732177428,51617.78667939203
931.0,890.4882111133111,24320.886349802862,27637.671385564423,17858.237056331694,51741.968474519126
932.0,895.100315394797,24225.620918406603,27774.768342672687,17539.21747388521,51891.060851645205
933.0,895.6615931804312,24131.85281365949,27978.605334104228,17265.950206247675,51996.45469999131
934.0,894.9572880376245,24038.474979162962,28056.473998694295,17204.52786698612,52103.50945300243
935.0,892.2787552039266,23945.98609264626,28028.401773724505,17294.634463329152,52220.518859616575
936.0,891.3136893477986,23852.60120862901,28015.770697520195,17370.017299497038,52335.191727288795
937.0,888.7740338339527,23759.96896251222,28165.403443838633,17199.522613074092,52440.11491520275
938.0,886.4457993982028,23667.336716395428,28247.1398549265,17071.548651109348,52569.2710533147
939.0,884.2768936690261,23574.704470278633,28248.453106454515,17055.439379184987,52706.35647985048
940.0,882.3135619248259,23482.072224161842,28670.196618831134,17213.69237907262,52601.864979715094
941.0,880.5607422798681,23389.439978045048,28714.94925641663,17179.99384924293,52725.776135989894
942.0,879.0145289368695,23296.80773192826,28628.051680905213,17774.295090921692,52744.05170236838
943.0,877.5293530457215,23204.17548581147,28983.066799724227,17770.001459017636,52717.7816377436
944.0,876.0441771545735,23111.543239694674,29038.286605306028,17738.276436512228,52838.4010323606
945.0,874.5590012634256,23018.91099357788,29083.065982653803,18113.22630306423,52854.98341218316
946.0,873.0738253722776,22927.11324868111,29310.364676921636,17815.31492103667,52967.81113533059
947.0,871.5886494811296,22836.412279068812,29267.39983470995,17783.121074705654,53135.32125212402
948.0,870.1034735899816,22829.760958660205,29453.25808368063,17256.890557109175,53249.27426660081
949.0,868.6245476988336,22849.337044697164,29379.429893438763,16925.526625770042,53404.09758797054
950.0,867.151964207384,22819.188322474907,30141.39007319932,15474.26303046483,53513.42368024708
951.0,866.3043807159346,22729.92857132336,30385.22047850558,15322.5747950785,53573.6182834437
952.0,865.4660371943326,22641.68051078082,30309.44243569005,20800.17859224036,53726.23525611714
953.0,864.0432352867786,22671.21904896468,29981.873408831907,21775.786363406587,53709.3082034663
954.0,862.69053125902,22691.601859615635,29995.06377647809,21254.737294209233,53840.3106038782
955.0,866.3511098782162,23689.68855609184,29905.88913756458,21574.84327826423,53954.05702385105
956.0,872.0862216340374,23726.35787306047,29531.323613691646,21836.49979900946,54080.14181340861
957.0,875.7720995061561,23636.75257059531,29548.60380309682,21972.426748772228,54180.55068402291
958.0,886.7819333521583,23582.90445905779,29788.18463595561,21294.05164825374,54298.13817189581
959.0,885.6877760418813,23494.097361970817,29773.270858786967,21388.55401353993,54419.651506595765
960.0,896.4666354827518,23399.087442792912,29809.566627773977,21400.01692689904,54537.16191637031
961.0,896.881122238733,23310.725692201595,29757.658311309682,21633.94483995991,54651.67183061563
962.0,893.9854499179103,23223.599647851483,30534.853158909933,19750.966112887912,54803.55978936624
963.0,893.7111153658446,23403.847255774137,29984.287188089853,19560.189018060177,54947.011421089956
964.0,890.3163796055953,23316.486965567135,30020.531573690743,19436.59704883236,55082.90299391356
965.0,888.3513352787604,23228.338277108942,30144.355548090927,19428.71201884093,55157.06612279245
966.0,890.3227830595076,23138.058534892614,30149.939909197245,20025.034998980947,55166.756270968865
967.0,892.3702552526942,23047.27693723069,30443.549835975908,19819.826777801758,55202.94277115393
968.0,896.3610005698381,22955.08337719208,30348.25276719688,30526.994337468415,55287.891338448295
969.0,898.8368795853094,22863.263902268376,30252.95569841785,31196.80348001527,51921.76460714321
970.0,906.8999029563893,22768.54697107069,30158.089712587236,31511.160058513473,52056.38367131087
971.0,910.2132724685343,22700.97736628508,30006.08086961377,32678.435712931503,52084.48855587808
972.0,915.832699403611,22649.848204222882,29854.739080697516,33172.719887028215,52177.857496492215
973.0,914.6576550128168,22639.727883354564,29571.482658898254,33239.83624616003,52343.25757951837
974.0,912.931315374309,22548.15113964984,29575.033512410966,32866.26166189372,52518.72815149722
975.0,915.7224530510192,22479.397359654373,29559.08659627194,32379.87587504111,52694.198723476075
976.0,912.2999700312587,22388.269406468866,29729.283852934117,31638.659369064662,52845.42002821873
977.0,916.7247586977735,22318.64222079377,30144.327650913743,29982.71729296561,52977.61395437265
978.0,913.1739372400169,22227.385916274194,30316.843118112993,29512.322436068473,53091.36664418804
979.0,916.7779678501511,22132.70900424102,30286.623420821306,29438.945171233492,53244.9857195597
980.0,913.6089038101821,22067.22276460587,30373.10522962638,29402.086124110156,53316.83281625897
981.0,917.9573998678652,21971.66916288412,30520.40853774597,29561.15726139158,53363.873878613915
982.0,918.423510957364,21878.504474781545,30429.369848207454,29910.99289337416,53491.38841981282
983.0,917.8561470754662,21785.600875244836,30439.045444383217,30805.62877105495,53507.5504533533
984.0,915.5264764785877,21797.217633562177,30112.54361835881,31815.751002355064,53554.33724955036
985.0,915.7606813318663,24209.7576001465,30018.510792795198,32450.245936668325,53648.805516145796
986.0,919.11613924066,24115.53381266402,30129.650135324526,32942.15329338578,53671.97040222493
987.0,916.2501315825612,24023.935025181527,30259.57466784529,32730.239180038112,54560.10322656802
988.0,913.4663968324837,23932.33623769904,30270.70381704896,32513.27320369715,54707.51477691868
989.0,915.7845211022554,23840.46869265086,30286.113919236792,32420.12716968714,54837.433050686355
990.0,914.4729344764579,23750.07614760267,30442.716410998913,32158.790998893215,54924.45636039078
991.0,913.2092700128271,23883.05974351793,30162.421234061036,31108.3425523742,55082.14831485995
992.0,912.028245696321,23792.819096002833,30148.70876079089,31335.310546154567,55175.8262806453
993.0,909.7660293945142,23738.293201796012,30039.410116784784,31510.776929257147,55284.60858640169
994.0,914.0928139984478,23645.585923712086,30206.313269550916,30724.592445001457,55429.01462876699
995.0,925.0083970363434,25122.981548978885,30106.65715214293,31911.91785108159,55434.16080703113
996.0,926.5344854615561,25057.201289647935,29950.081987115904,32062.573457057744,55577.89693037076
997.0,933.680894049087,24961.784709695745,29849.342453820806,32753.674650496418,55649.887332957645
998.0,938.88732566003,24867.72685455525,28996.90255546,32882.48995087669,55781.40793179706
999.0,946.2258850526885,24800.003943368087,28884.67349570459,32962.48388689953,55918.28994590984
1000.0,947.3923672581227,24815.823939258476,28588.102091048437,33108.15043257174,56063.99999977353
