"tick","Money avg. 1 Producers","Money avg. 2 Internationals","Money avg. 3 Wholesalers","Money avg. 4 Retailers","Money avg. 5 Consumers"
1.0,498.93768708564266,39914.77471951861,23449.830492878405,5588.08979111328,153.29696027860044
2.0,497.8753741712853,39829.54943903722,23399.66098575681,5576.1795822265585,306.5939205572009
3.0,496.8130612569279,39744.32415855583,23349.49147863522,5564.269373339839,459.89088083580134
4.0,495.7507483425705,39659.09887807444,23299.321971513626,5552.359164453117,613.1878411144017
5.0,494.68843542821315,39573.87359759305,23249.15246439203,5540.448955566397,766.4848013930023
6.0,493.62612251385576,39488.648317111656,23198.98295727044,5528.661178551779,919.7817616716027
7.0,492.5638095994984,39403.423036630265,23148.813450148846,5516.87340153716,1073.078721950203
8.0,491.501496685141,39318.197756148875,23098.64394302725,5517.328811732754,1214.1324950185913
9.0,490.43918377078364,39232.972475667484,23048.474435905657,5505.541034718135,1367.429455297192
10.0,489.37687085642625,39147.74719518609,23000.193414686,5493.753257703517,1520.7264155757923
11.0,488.3145579420689,39062.5219147047,22951.912393466344,5481.965480688898,1674.0233758543927
12.0,487.2522450277115,38977.29663422331,23092.479962440204,5344.278643545267,1827.3203361329934
13.0,486.18993211335413,38892.07135374192,23045.00671150941,5331.457459289395,1980.6172964115938
14.0,485.12761919899674,38807.84607326053,22997.533460578612,5318.636275033522,2133.914256690194
15.0,484.0653062846394,38725.04256473365,23030.837238534186,5298.630404853406,2240.5445503021283
16.0,483.00299337028207,38742.239056206774,22883.363987603396,5285.260920793614,2393.8415105807285
17.0,481.9406804559247,38802.61274313112,22690.776041221376,5272.264770067155,2547.1384708593296
18.0,480.8867008749006,38720.80923460424,22636.1888351742,5268.736796638864,2691.1020978045963
19.0,479.8410546272099,38739.00572607736,22481.60162912703,5293.775563785159,2807.065724749864
20.0,479.6141583795192,38655.95221755048,22425.434044063717,5294.965394081561,2946.878288545025
21.0,479.3438246318285,38572.69870902361,22370.655809599848,5339.344885353206,3043.501191364943
22.0,478.17640563768333,38490.49520049673,22452.387321328835,5236.575586908822,3196.7981516435434
23.0,476.94292514803215,38408.29169196984,22537.341794615866,5130.786588169453,3350.095111922144
24.0,475.61946292677226,38326.08818344296,22563.12598864298,5063.340844630756,3503.392072200744
25.0,475.19380950018166,38242.341875204045,22509.145401985945,5069.1317843224,3635.995277120943
26.0,474.6411137804,38158.304680303045,22458.37845821441,5054.983817166375,3789.2922373995434
27.0,472.8777874112199,38075.60042967501,22408.332457059325,5041.12198292232,3942.5891976781436
28.0,470.981364356463,37992.89617904697,22679.650744453782,4888.69377876172,4020.401306883342
29.0,469.0056005150903,37910.191928418935,22703.65915829507,4854.530026039986,4145.084975965062
30.0,467.81716574252266,37826.17457797435,22655.573310491418,4858.406963887739,4279.218131935327
31.0,470.086093481989,37736.62653604627,22803.502797830715,4864.8103334024345,4281.647666956707
32.0,469.918747583251,37649.434187855695,22755.416950027055,4849.889692462202,4434.944627235307
33.0,473.9628109092175,37555.13063985243,22707.331102223397,4985.592049741747,4438.271506177685
34.0,472.32481298820016,37470.44248411801,22659.245254419744,5014.314059125812,4549.215871388606
35.0,475.0756043247052,37378.67812870434,22611.159406616087,5066.99265578201,4637.2211433116245
36.0,473.8473897597435,37578.36154272502,22276.13673593741,5118.310397384454,4726.804266284214
37.0,470.9421052531598,37493.19919740173,22220.8330551639,5207.663700104187,4778.351828139512
38.0,472.455371625505,37403.46480468886,22165.5293743904,5216.967203982263,4909.949188836472
39.0,475.72439322098387,37309.91600586301,22237.525881615205,5124.135626256644,5063.246149115072
40.0,474.3359835169559,37442.67606407647,21969.000646315882,5111.071250269695,5216.543109393672
41.0,474.0380906363535,37353.98585285402,22535.74454544994,4713.5955002582605,5340.4802578433955
42.0,476.0644746015797,37401.438719333935,22342.438906571224,4695.756025043822,5493.777218121996
43.0,473.2112584289806,37315.00299360676,22448.23863126976,4569.254254317138,5647.074178400597
44.0,471.6443469759967,37226.93672615215,22474.890206053242,4511.287006000105,5784.87709530481
45.0,475.5966566443246,37130.485584482194,22426.642590346444,4493.173763532253,5938.17405558341
46.0,481.8819787253793,37029.31557186331,22379.062141116952,4632.162054029259,5934.49647088482
47.0,485.3160737703189,36934.42508316019,23226.091978190867,4029.6236687787596,6076.0742156547285
48.0,496.9186073160131,36828.13068330781,23245.228176692308,3972.8878349077727,6216.672377166776
49.0,499.20832470580643,37138.21501430409,22793.718512053376,3961.6244125763483,6356.418211785521
50.0,498.29290096004496,37289.65549600248,22494.442860577266,3936.8098645850687,6509.71517206412
51.0,498.7827618842875,37406.53277281129,22222.265516510924,3982.257331408743,6595.785399098919
52.0,498.59211649110483,37523.32821836362,21948.343663441632,3960.8960839261417,6749.082359377519
53.0,499.16176432990756,37664.801046015855,21644.398579676337,4243.812451990665,6598.851162540974
54.0,497.74790482895514,37578.113846105174,21978.198731991466,3989.5163835577214,6710.346229066871
55.0,500.2606284165004,37647.83424679311,21825.094801460735,3986.758439021324,6788.697346147587
56.0,504.6767920084366,37553.57772850903,21742.77059433399,4026.2056692039023,6882.297557565786
57.0,509.719049713886,37703.00877716884,21415.073456586884,4380.718197603715,6660.83247076675
58.0,519.0725093838951,37597.60403063178,21596.4764878208,4180.445246021212,6814.1294310453495
59.0,519.4670877543763,37502.49571289391,21600.559768602063,4097.769361384306,6967.42639132395
60.0,519.0720716361936,37407.67056140566,21518.278817317496,4076.805804502485,7120.72335160255
61.0,518.7129972888334,37311.99526419878,21435.997866032925,4208.855993501282,7121.134309002076
62.0,523.3110627348142,37207.9834526231,21991.675734394783,3828.461513243416,7210.578813089401
63.0,525.7395917502845,37105.090959511384,21923.23518101036,3815.7555462286764,7351.101473213655
64.0,522.2005615519267,37009.594447542775,22139.008206938735,3602.6777004783016,7504.398433492255
65.0,518.6304756262422,36915.09793557416,23511.10061141774,2656.989243449111,7617.650874484568
66.0,515.1776526129731,36822.92576656374,23442.66005803332,4039.219771330056,7583.133738706249
67.0,513.4799207363691,36828.200285201136,23274.219504648903,4075.0388318910304,7688.226881317882
68.0,523.2608708463684,36948.443279962135,22970.407155445482,4077.008135419412,7822.24656894629
69.0,520.1806921699056,36853.204884643965,22892.201344621382,4163.306912200062,7887.383338607653
70.0,520.612355110675,36754.63938214313,22813.99553379728,4230.315382557721,7968.838883258153
71.0,520.8973074542536,36659.10055551177,22735.78972297318,4378.403992451421,7982.9715358854855
72.0,520.1346333007639,36722.80785835447,22502.404834265115,4388.717789560984,8111.916532499598
73.0,519.1009751431711,36956.147821691404,22098.096597929212,4399.076141097037,8240.82440042497
74.0,516.8864673251635,36863.59462429679,22301.200810907383,4149.032455291749,8394.12136070357
75.0,533.4549244025118,36742.78532879284,22519.34687559531,3886.272596946066,8547.418320982171
76.0,538.3220642187046,36634.899437178436,22434.075891894194,3921.472723517078,8652.643290802554
77.0,537.7542540646544,36533.2846202577,22479.280776480133,3907.0144648053347,8717.081960804991
78.0,536.3767597139976,36432.29508627203,22398.006528624235,3930.0186617976187,8834.370326240529
79.0,533.836165919995,36332.76359313209,22716.40586529023,3850.2477779635547,8772.55387908759
80.0,531.3427929623238,36233.232099992165,22635.131617434334,3919.1921592137614,8850.486456321849
81.0,528.9519536339587,36133.700606852224,22553.857369578436,4103.83474754264,8833.94910951751
82.0,526.7049742741688,36034.16911371228,22476.66638669931,4135.010672382527,8946.839292772576
83.0,524.5722177611054,35934.63762057234,22400.07087214932,4351.740815321686,8905.611400354632
84.0,522.5882787260498,35835.10612743242,22731.801855276328,4193.160575852887,8905.043978775746
85.0,520.6798172347645,35735.574634292476,22714.7531736401,4187.724405938347,9007.296998082642
86.0,522.1353249454796,35631.06942529103,22638.15765909011,4182.44345189613,9148.645563318845
87.0,523.9441724028093,35525.35158194615,22561.56214454012,4302.52444693073,9185.5258376577
88.0,524.8627206316166,35420.2272239493,22486.839947021926,4284.426958609333,9338.8227979363
89.0,524.8855899448366,35315.94277202873,22412.117749503734,4267.205864951679,9492.1197582149
90.0,523.2899220739243,35213.729039648635,22525.92418070625,4252.2733859200425,9518.621737518746
91.0,521.7280118901962,35111.51530726853,22452.39890872916,4321.5294643450825,9598.885809152118
92.0,520.2604538667455,35019.782511891935,22499.153690862247,4208.3287175892665,9752.182769430718
93.0,518.85615717328,34928.04971651535,22426.818212066843,4253.388414986999,9853.535099709004
94.0,522.7239983372046,35877.47041608133,21365.139032920353,4282.783004540795,9928.77501985724
95.0,522.8400188830178,35785.22173770369,21323.599259220486,4348.56817191366,9972.5933047854
96.0,523.0058915951394,35792.38279614707,21121.830167352036,4330.588282665981,10125.890265064001
97.0,525.1543464787424,35908.64744776026,20953.433552079536,4247.806209235308,10243.514717855342
98.0,525.2094532961121,35814.39607839071,20856.006616544702,4230.082449131898,10396.811678133943
99.0,528.3565841403021,35715.03974040902,22111.14479982458,3202.7505161497934,10489.945570599823
100.0,534.2483770720561,35611.26707305424,22024.723176012194,3255.8537266266217,10574.498659382252
101.0,538.7244272562211,35507.52235592638,21938.693218866476,3252.9400690334055,10707.10888651036
102.0,537.3751132533163,35510.68122239167,22858.935882257494,2439.4594091249214,10778.854214485084
103.0,537.4751542778071,35411.14008885696,22829.509272950203,3251.3665975423382,10912.734359278973
104.0,536.5226434664921,35312.248955322255,22859.959839406783,3179.684552073313,11018.164677589575
105.0,533.7441662439945,35215.45782178754,22776.102032712257,3370.8289410955294,11029.389178742644
106.0,530.7840366709652,35118.66668825283,22692.83172601773,3422.0924202312644,11133.86761982003
107.0,532.7195683474604,35014.37555471812,23041.4416805997,3400.337528906937,11000.23370207349
108.0,529.567624223175,34916.38442118341,23020.528189387645,3321.284445521338,9573.562620704086
109.0,529.7174733845125,34818.66130539874,22940.864698175596,3470.6437273044153,9621.590492171306
110.0,526.56163840108,34725.13818961407,23228.072719286312,3597.9801087887645,9474.171592907118
111.0,523.5226830448977,35161.100456588094,22623.706643021447,3678.634883328865,9560.270633868455
112.0,520.7650052310369,35070.2609485577,22782.380889317203,3478.543427534148,9664.057321796514
113.0,518.3500507597627,35247.78221595454,22420.981010488766,3611.309156766267,9720.351655309714
114.0,524.0327751967288,35145.1921354382,22320.05880930939,3781.584549472672,9755.399585442095
115.0,528.1148529022454,35043.5613834062,22219.136608130015,3863.600805795214,9841.256010797473
116.0,531.0755196398827,34942.332137296675,22118.21440695064,3876.232273889086,9967.277883561146
117.0,533.9516633596833,34840.29480638425,22017.292205771264,3921.826153592047,10074.59845926649
118.0,532.4146400159327,34743.93463980172,21916.370004591885,3992.6321085029285,10167.689636144647
119.0,538.4176548989101,34636.25546005803,21815.44780341251,3996.95340113668,10299.043840385222
120.0,539.6919614320444,35626.94694667459,21714.525602233134,4010.5196795041998,10426.084587292087
121.0,543.9470322025768,35523.55081903964,21614.783983696278,4041.6355472622954,10543.696285813205
122.0,542.1273022500291,35426.22399502055,21515.645253571136,4195.09245148708,10591.547996181414
123.0,540.363358883755,35328.897171001445,21534.564787698262,4168.166151025642,10676.410031364458
124.0,538.588035917134,35231.57034698235,21496.30239874382,4120.262444059189,10806.283353199686
125.0,545.9215844674751,35123.23565655531,21403.770045092635,4351.013351498193,10811.466915439967
126.0,544.044454843068,35024.147573910945,21370.616029047884,4421.6588311263395,10874.567865000741
127.0,542.1544222994769,34925.05949126658,21884.187939009505,3894.2916128290385,10969.242794073594
128.0,540.208267932069,34825.97140862221,21861.30780983131,3813.3790684379564,11114.03367014326
129.0,538.2327228004077,34726.88332597784,22134.421781016266,3544.5740669745787,11197.143768098333
130.0,536.2319814358917,34627.79524333347,22310.090815939267,3490.5760571637534,11211.927690697263
131.0,534.2209415688853,34533.08056457106,22227.4227878406,3557.2604695903697,11304.779185970092
132.0,532.2313975033899,34438.365885808635,22264.571102136862,3501.746529376468,11399.942582947891
133.0,530.2955184823209,34780.99159524125,21819.997418681298,3318.1479206599415,11532.391353409334
134.0,528.4527135449059,34686.276916478826,21721.270798203597,3462.9344273456054,11582.10693015874
135.0,526.6986330837142,34591.56223771641,21622.544177725897,3798.3326756429797,11524.279431432877
136.0,525.945108150247,35413.20629912833,21527.8470589906,3883.6017014434724,11610.001199732287
137.0,524.5104181586605,35319.900351098215,21433.750189922823,4106.971199025565,11617.000102659485
138.0,533.7115781734364,35215.98348243436,21742.603495095267,3796.33706125905,11699.96270459532
139.0,534.2438228416054,35119.01785866524,21708.531592779542,3751.0260819900213,11825.58458750881
140.0,534.5540817470918,35021.98893356873,21618.869714163615,3921.536512266523,11862.774768908434
141.0,533.1164470130575,34926.397518292804,21532.18291501353,4089.0258447953347,11901.691291878165
142.0,539.3399442685101,34822.99632920903,21897.690744374308,3796.1294442096196,11946.130382952135
143.0,538.8121675083719,34724.92954694315,22166.71127552103,3419.0872060737547,12090.9212590218
144.0,536.8919578096542,34629.999284017606,22141.80794407419,3439.786170851938,12174.575742811776
145.0,534.8252613007751,34535.78644029,22056.823379938116,3453.7005042315955,12298.479122924444
146.0,532.6383626518787,34652.25806341654,21783.995802225018,3323.8459662229734,12431.412671734404
147.0,530.36474174315,34629.787139483415,21648.74123239558,3619.798666927863,12356.393040683311
148.0,528.0436952097076,34535.57429575581,21551.899755597802,3620.4711597988853,12488.749028971766
149.0,525.7384228205643,34441.361452028206,21456.82694562011,3785.4187086207007,12527.314730063334
150.0,523.5003999928294,34350.94999552636,21420.50413564241,3886.153700773888,12569.544961578247
151.0,523.2382104012211,34258.75215454733,21502.298007672835,3703.5464921431503,12706.218503005583
152.0,523.5200781256835,34546.000197019035,20838.9124462498,3776.8278201057724,12796.702432090962
153.0,527.6069766941343,34449.11773249974,20732.948661536175,3833.9584970953883,12898.620532678822
154.0,525.9239186803957,34357.13603140101,20817.832870117534,3656.8485445583865,13026.418226614705
155.0,528.4440727943147,34261.11491784123,21109.53936772873,4021.6087533891587,12950.686293750794
156.0,528.3536047142647,34167.155678331445,21138.975313255585,3942.0554920896548,13062.225701471694
157.0,536.887206067105,34064.30446394137,21037.615029223038,3934.663613283395,13196.955991315419
158.0,539.4605413458358,33965.78580825738,21199.776691395073,3782.6504032213406,13286.18211936402
159.0,540.5150742515897,33868.018658248686,21168.8461428382,3775.0039249183747,13380.850650031645
160.0,546.3438355846461,33764.890675713,21323.862072314438,3594.677243066193,13492.806060855324
161.0,545.6212051370067,33666.928918525125,21225.040166633462,3570.8723637618086,13637.596936924989
162.0,543.5299551021038,33569.994047575354,21126.218260952486,3642.4309328395984,13716.263117718301
163.0,541.3835032681052,33473.05917662559,21027.396355271507,3807.3758629912645,13729.572107509146
164.0,539.2459306009918,33376.124305675825,20928.574449590527,4068.6128440132175,13675.157626773105
165.0,537.1627923199336,33279.18943472605,20832.97171107575,4240.398793880104,13685.213240669784
166.0,535.1801259730969,33182.25456377628,20737.99133894955,4371.597500537017,13724.34753583606
167.0,533.3061110709938,33085.31969282652,20969.673441865867,4178.516541398964,13811.48831685265
168.0,531.5169693679496,32988.384821876745,20944.2415222988,4122.784136589071,13947.499866675173
169.0,529.8309202274817,32891.44995092698,21335.87515290415,3771.3354405276505,14059.234479070094
170.0,528.2319529214479,32795.18174664388,21553.819432668737,3618.213054292409,14126.021698536515
171.0,526.7209876388564,32698.913542360773,21984.86754210652,3258.6020414157756,14216.484473704846
172.0,525.3133831582521,32669.31200474434,21932.45165377973,3157.178849112216,14341.234963859333
173.0,523.9669451698469,32573.043800461237,21847.436354867044,3132.2289324893454,14486.025839928998
174.0,522.6223732665183,32479.83504884482,21762.421055954357,3538.450345467071,14322.924156702595
175.0,521.3118334016335,32387.31185425136,21677.405757041666,3718.119974850263,14322.271190639196
176.0,520.0305491639219,32600.733926326157,21133.47255812658,3706.878117478051,14458.365881987424
177.0,522.1924550511195,32573.3632301839,20932.142992457957,3771.980514811176,14540.555298508929
178.0,523.8726978614684,32477.369960257995,20830.6262446003,3805.221037887534,14647.11520165903
179.0,526.6300096919904,32379.835534960996,20729.10949674264,3873.23421398675,14729.27251002015
180.0,525.3324926152382,32285.659957229072,20627.592748884985,4080.952012476735,14712.862884427368
181.0,527.8122417882178,32187.66780753167,20526.076001027326,4124.043617308921,14814.152309191197
182.0,526.3957122583781,32092.881578285273,20426.37995054596,4277.963039663667,14836.734981310403
183.0,527.9302493678041,31995.08576633514,20326.683900064596,4276.48921363627,14970.634654418944
184.0,526.3206989940118,31899.818003856144,20410.36326736438,4177.948295368699,15069.828114767972
185.0,532.5857685220208,31796.41723849859,20321.81356658979,4205.1408235233,15182.436633485984
186.0,531.3551784306717,31698.962210013542,20363.83188099407,4083.673096517986,15327.227509555649
187.0,529.0806163425148,31602.2514093867,21264.05603386418,3338.8563434561124,15429.574722836283
188.0,527.7217014446879,31504.501889575575,21182.12370015717,3398.384888843716,15513.690079227748
189.0,525.255210085509,31408.619176723776,21602.204340443826,3099.2000114307884,15567.512276522626
190.0,522.8301175640771,31312.736463871985,21713.12948890487,3012.69132308217,15644.647661489767
191.0,520.505990320478,31316.28203547326,21544.682025968366,2935.29336332651,15789.438537559432
192.0,518.4549515207275,31222.646374097876,21580.42152132435,2992.670356657937,15805.11027724053
193.0,516.61795437114,31129.01071272249,21497.25130199575,3112.773910625702,15845.23607627534
194.0,526.1507745454754,31248.772821577346,21077.02336120538,3301.674107325125,15838.003085245762
195.0,524.51476344688,31153.32797981621,21173.96601389079,3318.50719088695,15846.040758108324
196.0,522.9986184492685,31057.88313805507,21080.89472399425,3545.0300435848567,15812.664731212493
197.0,522.3994995607145,30961.604962960602,20987.82343409771,3655.395678414766,15862.957723213947
198.0,528.0294185828101,30858.936900882145,20898.042911680423,3785.146489049277,15899.846303707394
199.0,529.3299929919942,30759.382143890067,20809.437389263134,3862.1608347715874,15974.679423476831
200.0,527.7013353178459,30662.21483488133,21049.908614771128,3639.8728926721433,16075.256035733075
201.0,525.9989675277207,30565.047525872596,21081.008244511548,3560.3986554383014,16192.483335074985
202.0,524.2207370814375,30467.88021686386,21000.755891552188,3535.2154107856018,16337.27421114465
203.0,523.3516127268651,30369.72269596088,21141.018754363482,3335.2927441340357,16482.065087214316
204.0,521.4289789014528,30272.396953049065,21678.183068746355,2818.9523958846758,16626.855963283982
205.0,519.525375721664,30175.071210137252,21600.545653107165,2956.7420861178925,16652.164652378262
206.0,517.6710556484794,30077.745467225435,21787.07033332571,2830.430352511587,16717.422523247118
207.0,515.8474471608306,29980.419724313622,21712.101281527255,2887.735736046918,16799.796937430547
208.0,514.0751407507745,29883.093981401806,21903.9686138024,2749.005403794195,16871.558080751744
209.0,512.3804453503781,29785.768238489993,21828.999562003948,2809.3095376474726,16953.64694487569
210.0,510.7871642744812,29688.44249557818,21754.03051020549,3040.989273901373,16914.52265925278
211.0,509.28248697900597,29591.116752666367,21679.061458407035,3273.307402022456,16875.9114157164
212.0,507.8331141629158,29493.79100975455,21604.092406608583,3417.5296606123043,16900.902809284133
213.0,506.44782826732677,29396.465266842737,21530.32315626379,3530.1713504880445,16948.79005761672
214.0,505.086586107698,29299.13952393092,21457.141405918992,3602.168974586506,17025.879332648467
215.0,503.72534394806917,29201.813781019107,21508.246679540414,3530.7630366071444,17136.839640383812
216.0,502.3641017884404,29104.48803810729,21499.56607920852,3484.3560373867867,17264.575402057126
217.0,501.0028596288116,29007.162295195478,21887.864099501778,3096.5966053567854,17409.36627812679
218.0,499.6416174691828,28912.521625025598,21966.047025532473,3019.5625190520773,17508.150117487658
219.0,498.280375309554,28819.93409290993,21900.42622469628,3059.248910333103,17605.25357603055
220.0,496.91913314992524,28997.242161943363,21551.228183664396,3099.2018366881543,17634.453218335257
221.0,495.55789099029647,30666.877224746662,21231.877776099267,3043.3271975614357,15559.936177093172
222.0,494.19664883066764,30695.57184233652,21005.540947237594,2976.867938788884,15695.406953517357
223.0,492.9185293898395,30605.26700657806,21257.51847548692,2859.313437988056,15725.159373458864
224.0,491.6970537461732,30514.962170819595,21170.658794370287,2930.6844021494744,15806.985084893917
225.0,498.83425045733344,30417.532530592503,21084.387937181884,3037.4523555228916,15867.079904275472
226.0,503.2590926608065,30321.232543505183,21203.87124040765,3130.6792632357956,15834.444020660507
227.0,509.8636556759299,30222.240926550476,21181.475375690046,3120.34824857333,15937.69217668437
228.0,509.99995152824414,30127.612573854898,21421.478031766477,2850.989320452641,16072.481042642303
229.0,512.3118557881894,30031.302108463122,21518.17882541795,2767.366378665668,16161.202993732946
230.0,511.699559509001,29936.75937568115,21438.799411260254,2930.989789557657,16183.842455867005
231.0,509.665394908164,29900.24915996314,21264.331328562577,2948.213103232414,16298.19729906509
232.0,507.4694752385932,29806.596087102276,21376.810084126915,2852.998774012904,16388.942415251506
233.0,505.22442849358464,29712.94301424141,21792.929056540008,2470.1356150481142,16509.88116135014
234.0,502.9758549321373,29619.289941380546,21720.594862443606,2611.466303504646,16546.4604067321
235.0,500.7751625537369,29525.63686851968,21893.477873049567,3276.403349718535,16547.45359235303
236.0,498.67364531166675,29432.55522423024,22123.360011285986,3080.1563802940873,16627.82631740228
237.0,496.7202088023679,29339.473579940808,22221.564867930174,3187.488422324498,16621.352019049275
238.0,494.92033954127464,29304.38006082841,22294.20329959748,3029.6537578531506,16709.551471278734
239.0,493.27253234393675,29212.14368457316,22224.428052730178,3178.5828596235306,16763.834509814522
240.0,491.7470632573828,29206.769147186315,22006.730899880447,3213.498764694663,16876.229257037656
241.0,490.2739851161788,29116.867806380935,22191.2615340415,2990.6706797574097,16989.06769354389
242.0,488.8637475205711,29261.04143913464,21708.509877457574,3185.4800447679722,17021.027436195403
243.0,487.5924946400727,29171.71152690069,21625.001553086397,3340.951119216653,17073.77443390002
244.0,486.34171578360446,29140.681018791533,21441.493228715215,3352.2974453103247,17200.706439948197
245.0,492.84206835090464,29045.82220212881,21619.690830402025,3295.1482031708642,15327.723056552768
246.0,493.5267063615039,29070.478946498868,21334.642904685155,3698.180487570594,15276.63822036116
247.0,492.0962768629979,28980.955122405867,21553.686993468385,3422.498565299642,15390.808533395979
248.0,490.5808756553009,28891.43129831287,21536.809797516828,3409.612018975896,15491.683113598601
249.0,489.8329906534032,28801.193188505586,21450.35735162167,3461.5233661331467,14061.455684226858
250.0,488.22223531937016,28711.555078698304,21364.48870431655,3500.8595772542176,12913.018593075394
251.0,488.58411439484837,28620.216399505072,21520.367232149732,3376.4636091156544,13014.84546494788
252.0,493.21004273956066,28525.804105737912,21525.251383317038,3282.3594665823784,13161.658729540679
253.0,499.7022387500622,28426.81801707967,21503.35899570827,3229.6851916440964,13303.708043738177
254.0,497.6489404261298,29792.994268744304,21682.2676047368,3276.8516532901585,13336.723260114477
255.0,495.42549899504996,29703.412113631624,21807.706376407114,3104.3532187092483,13469.204316923448
256.0,493.09942763131454,29613.829958518945,21731.82918258116,3230.8687627227487,13567.308501101454
257.0,490.67328002129966,29671.499548685646,21537.856416266124,3208.4531531204084,13656.87815355054
258.0,491.8094699427612,29579.20584679294,21755.01822237861,3146.553247143187,13715.376811718152
259.0,489.21662128523633,29489.609844195453,21750.208266465266,3367.337446840319,13750.95197388529
260.0,487.46918533108214,29449.38884159797,21568.746714953704,3591.876289259077,13814.616001202608
261.0,485.2941787412988,29359.692839000487,21485.53353069597,3699.209826008207,13921.448699543087
262.0,489.11918433329663,29264.92647310494,21712.972729163645,3673.8899639914034,13964.552880074512
263.0,500.1053433963654,29163.14359649506,21748.969568236927,3687.755279744508,14062.272503134842
264.0,507.76090476869035,29062.448115690982,21730.12951214915,3822.2649876324044,14137.674948281818
265.0,506.870342676009,28967.836593909196,21649.75602503926,3969.4912936359933,14231.005144097506
266.0,505.8410493991017,28873.09935868214,21711.386081431665,4257.49495248412,14222.556372603764
267.0,504.77667588583427,28778.13320351504,21713.231823239985,4206.922122712222,14359.467599388428
268.0,503.74020500511966,28682.913898741474,21635.441188553443,4483.73717806452,14406.998255110053
269.0,501.3872580770849,28588.620587209734,21818.890938149903,4262.852851250027,14541.81761969233
270.0,499.0622571622822,28494.327275678002,21748.55518557263,4539.964872877369,14588.800605811368
271.0,496.81889860687124,28400.033964146267,21976.071039347455,4295.5556107157445,14718.474051017616
272.0,494.71102500453003,28306.240652614535,22455.4322951414,3860.1874636052917,14826.013060476464
273.0,492.788389518591,28212.4473410828,22711.144816241478,3661.534091148497,14927.982361672302
274.0,491.09417553625036,28168.654029551068,22859.26610377098,3376.7637076037418,15064.66847458461
275.0,489.5340338885233,28074.860718019336,22928.455909951703,3555.5866360025434,15095.783418296798
276.0,488.07585774006276,27981.0674064876,23169.103960255285,3584.8800862314874,15119.800614344436
277.0,486.6825907939858,27887.274094955865,23104.591635943652,3662.0617249289585,15236.984290378485
278.0,487.90270991490064,27793.533755263703,23040.07931163202,4044.456890383126,15243.826329465634
279.0,486.55176797045374,27701.68314545458,23035.662370898142,4187.394974966821,15316.962404470083
280.0,485.23176096120955,27840.09756282183,22511.96537581153,4347.606853261133,15405.028009034311
281.0,483.9260396662509,27750.176266190738,22569.80872250625,4358.465473906299,15499.366604530034
282.0,485.7138118915539,27657.548162729418,22494.40549120197,4371.1331715901915,15641.760396465965
283.0,485.8456261268618,27758.875094808787,22330.81737626072,4601.002310047898,15705.760545213492
284.0,484.5637540080044,27668.320709084863,22412.385529213014,4496.84866803162,15821.044530080646
285.0,484.137890225628,28957.31730174455,22774.015841802724,4106.231819783361,15914.750249082226
286.0,485.8924128271139,28864.794291383965,22861.56334901098,3972.957329345198,16039.153666958515
287.0,484.464992816125,28774.34052590363,23248.385955719816,3483.314390421634,16157.259732491488
288.0,482.9306239161291,28684.808046875896,23558.835724262794,3093.380065196383,16274.865529198632
289.0,490.6129078745046,28588.038100384896,23636.27739129864,3007.400196090266,16387.504252385887
290.0,489.59871307684625,28588.90706861163,24039.945323136755,2435.407734236761,16452.913667578046
291.0,491.2702337926032,28495.336933066406,24035.56370694734,2716.089627939081,16466.348860750662
292.0,490.49523105032824,28404.019246744338,23976.218446226583,2806.72648289808,16575.59797953069
293.0,490.09567557782015,28313.39270811815,24196.69158617824,2940.341645011203,16543.65692778164
294.0,493.60712982709947,29478.216544723662,24100.10017366647,3189.665160502851,16539.148376290963
295.0,491.93930755877824,29504.033458809794,23961.122869890743,3225.572422442724,16598.912269305834
296.0,490.40537256739566,29413.958554226283,23894.882612118803,3306.6581243945366,16711.918256580968
297.0,488.45998021127826,29324.06563810297,23995.58187313813,3487.8694779655602,16714.587344812815
298.0,488.9991073793955,29275.20588166883,24014.121683189784,3382.3064633778354,16820.35037881201
299.0,493.3345708583067,29182.06637629139,24058.930092623985,3639.1718641550033,16819.04448539416
300.0,490.6402100517647,29213.833636269992,23750.383223052522,3686.528312244733,16945.194764074487
301.0,498.3652002880655,29159.265877509853,23593.41416168436,3878.271003542715,17019.312346816765
302.0,497.03473588584734,29068.186924826918,23632.41065190059,3908.5698501774395,17101.274529010738
303.0,507.0992867064458,28968.891404693244,23607.525487197337,3955.0498346467084,17206.710888997197
304.0,507.8568054319401,28874.598297651202,23531.483676420095,4328.52902143665,17216.498132905584
305.0,507.71106988119226,28781.637090230946,23455.44186564285,4570.98314159703,17274.6593971223
306.0,504.84317627991965,28690.321570564716,23379.400054865608,4635.6074340090345,17398.86289785003
307.0,502.066020362185,28714.225777061216,23073.86379990708,4822.55734743413,17478.584354573
308.0,505.1646487800358,28618.83352376061,22992.503648427657,5187.790604711979,17493.475504440416
309.0,502.5851336523704,28526.86572671288,23010.82313710364,5056.9940587140245,17646.051114558166
310.0,500.16463561435586,28434.89792966515,22986.039931231797,4980.813049274366,17798.626724675916
311.0,500.9338387106824,28340.723651548287,23454.239892938334,4363.697678524495,17924.7121371258
312.0,500.6916496064843,28246.892047968828,23484.868763600676,4335.268218385034,18036.442813258516
313.0,502.3051077553464,28151.486072737564,23626.304708385724,4136.779326317674,18159.7940706351
314.0,499.8428414390781,28059.774871742065,24247.639511869238,3536.898772424812,18211.919077935156
315.0,497.3842040324921,27968.063670746564,24235.681692324593,3588.9243768518286,18312.64695977745
316.0,498.32208567562066,28004.601497081774,24154.869488428933,3551.2554989421897,18360.175734743636
317.0,496.0537521393207,27912.509291719387,24085.167191306355,3945.9326802793194,18361.216384665815
318.0,493.95302127739234,28927.651896688174,24208.37022263897,4055.1947119443234,18379.269461398802
319.0,504.9246569956326,28827.872750913364,24287.981296913105,4171.005143807575,18415.89949191526
320.0,506.76532110411017,29671.64923953806,24270.319461996925,4275.858179842436,18500.723519591513
321.0,506.6244288422925,29578.147844455114,24255.99762374678,4726.753663688703,18458.786830708803
322.0,507.01301266435866,29484.276664284185,24190.16972918089,4931.187672185052,18531.606113863978
323.0,505.5849142812418,29392.723193063503,24268.31525626733,4799.413007341036,18662.23516446647
324.0,507.94236896769434,29298.9314689273,24345.47494097328,4984.752992070247,18678.06572597965
325.0,506.41167888362105,29344.621986699152,24099.81137142576,4880.192832302357,18797.120412944987
326.0,504.8302794489893,29252.71039501199,24084.283914301097,4960.499613462739,18890.137914775823
327.0,503.20695107127796,29162.194574915753,24377.69606831759,4608.295566555966,19001.619621468886
328.0,501.5539362564268,29073.52075245479,24430.897892264184,4563.0404801355,19108.93476955965
329.0,499.9342423716385,29124.42408908742,24356.057164135338,4283.157280549396,19209.524536788264
330.0,498.34099591136675,29220.644731379696,23843.506164577775,4317.048749951417,19340.873717846567
331.0,496.80447002645576,29132.66561014516,24103.357139844724,3902.691807927491,19425.877600777305
332.0,496.0960516271744,29113.739944886187,24013.43219460971,3762.3642158379535,19552.25543918158
333.0,497.1268837391091,29025.003759411476,24024.127248452663,3895.8710707101627,19598.167785556117
334.0,502.6164074134684,28933.434931609136,24127.209136545363,3826.8165494134832,19668.00541266134
335.0,501.98865928429603,28916.314646229683,23952.910539415818,4027.3192013084395,19713.19572069463
336.0,502.18045350719433,28829.762067982516,23874.57466010951,4343.345864089369,19741.604949777455
337.0,508.3121793021571,28811.575994454655,23652.68342329111,4451.182107876204,19847.072094481555
338.0,513.1465784878354,28909.59965117754,23666.307170102704,3821.0328750144754,19964.375789581827
339.0,514.2190708263754,28820.78808578527,23624.543195076556,4092.59673583898,19981.720528266174
340.0,520.9263142914002,28728.233590838012,23586.16852508194,4200.021084467726,20057.027373924226
341.0,518.4324930944653,28640.02254993479,23552.778936534567,4400.27053443909,20097.58125766434
342.0,520.4916726949746,28548.95214470069,23462.813545150708,4500.767226902759,20205.12298697473
343.0,519.367967592781,28459.12991097605,23537.477582688,4554.456785928506,20240.331012054186
344.0,518.6548113270331,28368.732943062227,23493.75366408515,4469.987153321281,20392.90662217194
345.0,520.9556102361247,28277.606216050674,23450.694001240667,4445.201555737365,20523.706027955046
346.0,518.0890593593036,28188.892850125878,23825.829576436867,4043.945404257684,20564.442910264002
347.0,515.7060032189459,28238.463673059105,23520.877762289474,4007.9561608799922,20690.77540568142
348.0,512.9920748580673,28149.594783725523,23526.370512552934,4085.269912072203,20753.97439353709
349.0,509.83226862467995,28979.459858937185,23607.13093874934,4020.307055319285,20831.343909033007
350.0,507.7639817370421,29684.598884647938,23522.58331482154,4266.591156609283,20885.498771535003
351.0,507.03381787756064,29596.254303761383,24038.917467068983,3661.346413936156,20922.42037906898
352.0,511.81721988758505,29533.700951168757,23888.494239803134,3870.6669442210646,20987.75857572213
353.0,509.7267715538881,29484.27000781424,23713.084052759314,4082.8559693718676,21052.975308106572
354.0,512.3405529572428,29394.0920183927,23703.84069245264,4150.283019338836,21128.191193417053
355.0,512.0120049544119,29335.51231458666,23544.456423216343,4623.490423217021,21188.604326191624
356.0,511.8923490823773,29246.28599062888,23454.020089376663,4716.050626579942,21290.44558524512
357.0,514.6371739975355,29154.403848661055,23363.583755536984,4995.684987592435,21308.486422237027
358.0,519.3582815314517,29061.558504719676,23273.147421697304,5264.0647774677645,21332.94064261467
359.0,518.5208462219251,28971.939895718548,23182.711087857628,5522.175360007582,21362.18765663767
360.0,520.4372760212013,28880.552711237277,23092.66642068461,5794.806379158437,21384.996343507966
361.0,530.6406655626432,28851.7502726913,22846.111668391444,5809.584632737347,21525.074740703556
362.0,532.3179144026492,28759.197519510606,22793.854021652,5786.098646758623,21661.463220135724
363.0,529.9923488730083,28668.55847305311,22862.852410520285,5598.564627462686,21807.64805099462
364.0,527.7134567633399,28608.900194234415,22871.20982014734,5443.479982422472,21932.13541734698
365.0,528.8517199520927,28516.355655899122,23065.313783074653,5104.864012438585,22077.08889343991
366.0,526.7830639231722,28425.411730741176,23016.546771157275,5083.732849833574,22208.93569601551
367.0,524.8830651127174,28334.467805583234,23006.957917519314,5138.392195301922,22285.79051154711
368.0,523.1552676067226,28243.523880425288,22919.336237860756,5246.991690078521,22381.08500212408
369.0,521.5473756272139,28152.57995526735,22993.692566110447,5087.702934693103,22511.54985008184
370.0,519.9248145342094,28061.636030109403,22948.986765024412,5184.290489389608,22590.151168923003
371.0,518.3013692793918,27972.693908043424,23093.547721406943,5026.570457909384,22683.428077585555
372.0,516.6914948220908,27883.75178597745,23013.42511217105,5128.534553628439,22782.027219174695
373.0,515.109656829344,27995.566126099,22772.437588861485,4954.430408638536,22841.425376896157
374.0,513.5758918929283,27907.200157023995,22938.136085086317,4851.930335850874,22893.659357192275
375.0,512.1126308501852,27876.449487046422,23184.31403309551,4359.250948714657,23005.467935533794
376.0,511.3212926160854,27788.255123477276,23182.065337351138,4582.116627102536,23000.25812804782
377.0,511.57675359747475,27700.626325902023,23187.466895434103,4588.07737318857,23091.1765668365
378.0,510.2868463991806,27666.652946147937,23537.029616333333,4285.988399216007,23069.029625111114
379.0,512.7571768953243,27697.12631972384,23478.045705292705,4022.203628924513,23162.733196783036
380.0,519.8260559204678,27605.62773745254,23491.535259874763,4286.872822764174,23123.030143397955
381.0,519.4072238875707,27517.565198313463,23396.33216854876,4433.442768351153,23197.178665747473
382.0,522.9967510565036,27479.48299022293,23185.775977645702,4570.329500734295,23277.498705708134
383.0,522.4170327347484,27390.728423403896,23094.082355669958,4898.803551811684,23271.114459040313
384.0,522.1146784809298,27301.561174013405,23713.06140855157,4415.971214125032,23246.684362762502
385.0,527.6888846970718,27208.711482041497,23621.75945324249,4471.09696049032,23361.174149627364
386.0,526.412131620175,27118.970652215314,23532.466034719684,4624.4676168434635,23431.93376325277
387.0,525.391974965824,27028.90974576248,23482.785651582482,4644.572143228817,23541.976449829024
388.0,527.9009067814579,26936.59571443336,23594.792280405753,4583.566909803967,23601.89165717136
389.0,524.9908810264154,26846.81978072821,23550.582102495744,4520.781627006827,23747.34769801356
390.0,523.1455537580908,26756.396300733013,23461.735052691874,4815.666406253413,23754.732388687273
391.0,520.1617833726382,26666.516759621456,23372.88800288801,4973.653106676956,23824.517248642795
392.0,518.5482055589023,26575.8822932863,23284.04095308414,5048.475222292701,23932.226599830716
393.0,515.7045429360685,26486.506006868767,23195.19390328027,5063.4582730572,24067.42522826992
394.0,513.0309314700405,26397.129720451227,23108.962365489137,5069.0857761293955,24207.760115502144
395.0,510.60243959518596,26370.15770701321,22877.120857412458,5111.754151317473,24331.36549373053
396.0,508.4751877866155,26280.781420595675,23048.163228017762,4972.178073516464,24395.567392377543
397.0,506.5684810293605,26191.405134178138,22959.29884120058,4974.520482621609,24537.417897612384
398.0,507.4813784762657,26100.5069989895,22876.355773226,5049.668882651871,22603.861630837633
399.0,505.8433389350753,26010.88721676858,22958.85772331438,5098.5604954951805,22644.495518148637
400.0,510.381144510274,25917.775300985177,23469.047172553535,4718.668887058706,22649.951485045614
401.0,510.07171046668304,25826.928524541196,23489.24506970733,4741.0649431393995,22731.18288610782
402.0,510.8239900073766,25735.40976554447,23413.083417242327,4958.171984725848,22782.55144110543
403.0,513.4735150132512,25642.614952614964,23545.88803805375,4904.254027891421,22843.642812067086
404.0,513.0127198555357,25551.203468643303,23842.5059150826,4879.715092351767,22810.47306777047
405.0,511.53970035386084,25461.612828801775,23895.5584634778,4859.394752875495,22895.666560492005
406.0,510.02963099480644,25372.022188960247,23960.13303246149,4805.589246437997,22990.319771551727
407.0,508.48616259683166,25417.57815872173,23657.84996525946,4747.986575021554,23113.2821627293
408.0,506.91469234947664,25327.9875188802,23935.929916148325,4416.019918384993,21446.22654545297
409.0,505.3393555857052,25238.39687903867,23948.92781033948,4617.40991958582,21473.296458156783
410.0,503.7512975792172,25149.380486647904,23966.374647005232,4553.06950452929,21600.672357276617
411.0,503.9568167535158,25059.673317939498,23945.080432415325,4633.314365118312,21690.153182159123
412.0,502.47703318377233,25028.50761200874,23733.913074024473,4776.292543342777,21781.625172390373
413.0,509.1614348982966,24964.21606751839,23585.24180676308,4845.764931301791,21902.768234179628
414.0,510.07743799613684,24902.845517344656,23433.719235560147,4993.0645292942745,21995.868008845806
415.0,513.6679336912435,24811.0330928398,23348.612409407462,5340.255353634832,22012.50086573255
416.0,519.3739140162886,24717.43669680554,23267.345766823317,5816.107722946367,21980.069579230734
417.0,519.3744045616036,24695.248522437258,23025.80611696517,5910.1331951049115,22095.23150011171
418.0,517.2184633630652,24605.052002253124,23324.763445936078,5546.249306326215,22209.719111791765
419.0,514.9416382482261,24515.44897577379,23324.707573631804,5622.757683008345,22292.642497259843
420.0,514.7224873973776,24425.64753593425,23290.391464226508,5666.244189703228,22404.64198570103
421.0,513.5673263349884,24395.48254690248,23266.091483642587,5707.209556030135,22450.44682611278
422.0,511.0685593053152,24409.246105187536,23040.835669411834,5721.943406026081,22550.00699555999
423.0,508.61491838913196,24321.537195306206,23213.128385208005,5512.430180795911,21054.108266494222
424.0,508.3514796568707,24232.89836622571,23181.49942354664,5508.046386248683,21184.961587357888
425.0,514.0579593637835,24258.88989810918,23226.531635503812,5349.939695363101,21220.20697143722
426.0,516.6966479857302,24198.161444214536,23609.2441503454,4899.702311043865,21290.280526924496
427.0,518.2653845913228,24107.148201056494,23623.4879204492,4858.128394316357,21404.632380148138
428.0,519.037781399963,24016.245143650038,23575.199384714844,4965.260932185116,21497.136050167686
429.0,528.7588895629001,23919.876354442138,23807.976860818453,4866.366702874897,21524.133087803682
430.0,534.6662044631827,23824.485889717023,23729.178031292693,5000.919071979963,21623.368487189553
431.0,534.4448980888216,23731.715411838828,23934.57101274041,4703.767782016253,21736.10876570241
432.0,534.5119077854132,23640.78426484021,23951.105635497028,4929.493912773808,21755.488501367272
433.0,532.2826257720342,23550.8760720781,23872.306805971268,5307.631627766285,21769.397746543036
434.0,529.452461689346,23691.08438253224,23335.641597666112,5472.446992225059,21860.870491641614
435.0,528.7289320404028,23600.389268314444,23247.661693090744,5979.947894831471,21830.526774693724
436.0,528.9977520575881,23509.341112054215,23331.61362809833,6111.756577018111,21848.83204127827
437.0,532.1763722881584,23416.4395929103,23503.627364431297,5892.437046856319,21947.708909028177
438.0,531.2113109716784,23357.300972332014,23353.392668131866,5998.5189260732,22059.79776000438
439.0,537.5371565824925,23262.06278348471,23270.960629676203,6045.321432751652,22193.413279118344
440.0,540.3282702497723,23169.25503918299,23333.189161905982,6105.057778765409,22251.528149560363
441.0,543.8513664070607,23075.893979424032,23854.92586440131,5348.669163477159,22371.981666246033
442.0,546.559110942787,23098.291317641706,23820.110518686317,4964.439114088703,22519.981548907588
443.0,546.8411688842322,23038.214494426433,23827.940402873446,4924.215486718231,22605.718838645393
444.0,544.5961249245333,22947.486247736335,23873.41099785063,4993.974895780123,22664.974062526468
445.0,548.6124236831259,22910.98011889396,23955.37676507117,5025.626853047302,22662.813268915717
446.0,547.607352946867,22820.681981984068,24061.860178073,4924.008961869967,22751.47260739757
447.0,550.595050535162,22785.757649609597,23968.48916581429,4949.535128818535,22839.428412025358
448.0,551.3146074829132,22808.14126328637,23656.09411544448,5375.270421873085,22836.30935423908
449.0,550.1474664357312,22746.239962463416,23715.399042465528,5648.013067030428,22769.076776876445
450.0,548.707967283922,22655.30405247184,23629.905199966695,5961.569522684908,22806.167792583346
451.0,552.0135004872293,22561.516695892846,23544.41135746787,6166.120284353378,22882.814858893264
452.0,550.0243948863484,22472.168816113353,23645.19324417226,6072.162635210537,22961.107947285815
453.0,550.6845208275943,22381.261000383438,23561.778907044194,6227.611016149698,23054.56326914562
454.0,549.3853953421017,22486.380508703387,23351.46333313852,5978.423967035043,23170.286634474418
455.0,549.4344956617821,22395.431958844765,23288.38912283485,5944.141888422004,23313.85040581508
456.0,548.1976442548389,22305.01971074659,23195.93991253119,6040.007927707219,23427.88418849761
457.0,545.7510226449222,22215.49317693413,23203.34678643595,5910.0736617407,23566.368461528655
458.0,553.3360458133018,22120.23704262784,23111.495403083347,5993.553975243291,23685.79157078044
459.0,554.5315578991961,22056.259846410176,22969.644019730746,6221.396006392556,23754.977079956603
460.0,554.7809635813903,21963.91336750096,22939.314886295444,6328.642497446487,23833.21890739355
461.0,554.8934620478178,21871.363224799752,22849.513683446687,6684.401710536404,23857.20316738065
462.0,559.2084858743772,21776.118381361535,23082.310455612715,6200.831984694903,23998.400792730878
463.0,557.7571022867851,21683.494889234324,23027.68848297098,6343.710122931271,24080.153956452097
464.0,556.2189083020081,21590.757111392824,23118.7533308236,6266.468096882817,24157.680486514608
465.0,553.4235329121534,21498.61933355133,23271.123336652716,6123.470191219036,24224.717146328396
466.0,550.6304832998976,21406.481555709837,23188.57663828915,6277.0407816677225,24318.70467916826
467.0,551.6392750089814,21312.20092072548,23460.008699264636,5825.049240296226,24427.9293097198
468.0,548.9985568762119,22471.73893335839,23382.677789430432,5866.128639946135,24560.97826595113
469.0,546.5538040076761,22379.736287195192,23390.670254824476,5982.026515853248,24630.94391857134
470.0,544.2760560991483,22287.733641032002,23727.165295576167,5356.513286343691,24743.82195824235
471.0,547.0304290387287,23778.94957923044,24109.763741531104,4807.605929938004,24754.641357552795
472.0,544.8232935398414,23685.985708142067,24140.087365060743,4868.253683202871,24811.65427131597
473.0,544.6260190197427,23592.77501276504,24076.065860536724,5289.420974631781,24808.28624826872
474.0,543.9278132599043,23499.682859391833,24263.876715089507,5274.476232120529,24781.230424482135
475.0,542.804921518578,23494.268350821352,24080.222013797633,5750.528225018164,24758.270188727733
476.0,540.7585881673377,23402.06235975391,24015.39728218274,5852.303116894747,24870.45428055751
477.0,538.7983904850777,23340.760417121535,24229.167895631468,5676.166696025348,23203.16059275536
478.0,537.0191303417864,23250.887045917727,24188.522873454538,6012.953157989231,23216.355825863156
479.0,535.3721074596306,23394.847089649753,23797.845978808386,7721.49679199177,23304.249478627476
480.0,541.0671477402909,23301.500066526107,23764.90002519574,7698.678004279569,23431.111239984886
481.0,541.654521235428,23267.559030002445,23771.839330621187,7360.602764286227,23562.272439023458
482.0,564.2195675865594,23163.623076217773,27123.20421862978,6096.090798180556,23618.213752073552
483.0,567.6041891976589,23069.8029726061,27085.24625064891,6104.966531755342,23737.960276007543
484.0,569.9961908743843,22977.133727289907,27017.42442888265,6313.594090400432,23822.802822544407
485.0,573.9700285305597,23026.111140961544,26789.92945290259,6796.2886029438905,23797.535628763886
486.0,576.6645602018149,23045.66637218384,26538.903579883983,7007.778823074834,23882.462222205857
487.0,574.8079939570933,22953.663075499382,26459.356217189004,7226.675706091353,23966.183007802287
488.0,572.0567597825136,22861.97230246109,26380.06996560514,7431.932658890771,24054.33082353201
489.0,573.6367950345693,22767.77147393753,26301.877304412694,7692.749735055732,24128.16303806656
490.0,574.2826909665326,22673.62431855788,26250.09451598332,7902.47174300766,24199.953937457914
491.0,577.6623754138851,22577.47802050509,26295.38942329835,7802.652432698103,24300.67320749021
492.0,575.4669698970466,22483.880182061246,26254.966807657464,7710.826881729617,24451.435647753642
493.0,575.8112832451721,22389.643505360455,26852.09249968054,6536.146704258339,24509.271664758773
494.0,582.3132230286034,22291.547574978435,26905.171236490773,6565.082550011215,24569.070432569584
495.0,582.8161157783829,22288.356052870324,26754.983726371735,6666.383633954372,24644.942278000108
496.0,582.5814022595188,22192.83291888735,26739.261150898517,6856.924947657666,24701.99304415958
497.0,582.3787630919651,22097.97420800897,26696.061784772068,6897.461101972502,24816.748832792182
498.0,582.0849528739011,22002.926163179312,26881.518909343464,6615.366471919601,24881.183000174933
499.0,581.7278190498914,22004.851082048826,26696.020005770268,7039.186742886584,24890.60114923696
500.0,580.2369935583645,21913.06417900082,26622.3929188014,7395.515392359382,24938.24604584293
501.0,582.2456466505425,22017.00128891107,26241.29589011039,7845.845881858506,24962.304593910976
502.0,586.1980718276352,22008.98636683908,26132.96590282232,7875.414778913681,25033.541392112922
503.0,604.5929913238492,21905.511066206887,26046.325025633523,8409.759284565547,25036.222952132688
504.0,607.5532444213081,21809.18839435406,25963.54612410543,8729.879021623707,25096.565513958867
505.0,607.1181471582221,21772.823943927553,25793.28701508793,9052.093101271348,25156.519123663467
506.0,610.7055593949718,21705.42032784892,26178.432965355703,8082.539929252467,25253.841879119715
507.0,610.1405244803216,21749.894524871048,26049.236285745443,7738.35159290844,25387.65039582027
508.0,618.3791936260129,21650.80213736188,26022.899548567573,7852.031086490499,25464.596078659528
509.0,619.7622570149225,21555.07604636932,25907.05598670606,7472.309512911555,25567.116087494374
510.0,620.8905299718053,21519.205317654865,25896.996301443018,7558.94560245428,25583.27924778878
511.0,619.5919496570856,21481.47379214935,25820.69726811163,7537.642013257524,25672.766993948455
512.0,617.5842605178198,21386.628551374866,25808.972621435805,7718.774673126373,25717.36743088313
513.0,620.5538841445895,21288.810469322798,25727.59204141781,7921.990006458352,25806.239268723704
514.0,623.5540697439918,21190.422145372468,25720.615166756917,7857.391820746178,24314.603618090434
515.0,623.6444674785483,21093.18049489919,26067.692832708304,7306.903305837649,24335.95672213903
516.0,620.662366377692,20997.495638705186,26018.088015291185,7335.552019979179,24458.952120770613
517.0,618.5317365853545,20901.42913467226,26013.101898942445,7114.761349481873,24617.237524895656
518.0,615.9563300100416,20805.68321482403,26010.3042456359,7375.051512411881,24654.507065578386
519.0,613.6712112796617,20709.9372949758,26010.73031664961,7398.042680064735,24749.768776980734
520.0,611.5888588962516,20614.477089413285,25980.88441293339,7596.528854444335,23378.775622528985
521.0,614.3764207337517,20517.49538829746,25904.24376917524,8073.319486018284,23428.34871707312
522.0,614.3239199309452,20450.590105689134,25811.6376609809,8545.161708713124,23466.361106665347
523.0,613.2270595350889,20473.8381655853,25727.248235658328,9017.038927260422,23426.1509458398
524.0,611.3285043275164,20411.480651320144,25656.490309364453,9331.920781081728,23483.106197264275
525.0,609.392435590437,20408.23215529552,25475.406597459856,9448.756185231887,23603.126457593935
526.0,610.3700916612827,20343.953199555355,25465.29731557688,9326.543863293562,23727.14646730853
527.0,610.8390558170443,20248.872844538586,25480.49881200867,9408.581304110105,23813.62706123524
528.0,611.9319735335644,20153.276695827488,25637.270045223024,8985.917533465572,23936.861637590177
529.0,620.4989401171841,20053.13104545704,25757.038700702207,8638.890218524406,24064.089249151188
530.0,625.3670877884389,19955.314893326402,25939.992227745952,8146.155515510349,24188.12778916274
531.0,625.5917806467261,19859.527705869354,26038.457052996244,7961.015555756028,24289.25778807708
532.0,629.9709333662422,19877.115814967245,25857.83709002673,8126.929650085684,24376.38120561454
533.0,632.3981869054775,19779.434769069387,26037.26816806641,7639.310152108752,24499.544580944563
534.0,632.3013267080971,19711.270709366032,25946.815475116186,7875.546839316679,25769.473197346222
535.0,630.0408802692638,19615.573404125833,26029.99089820625,7893.288569004861,25819.05877855875
536.0,632.151575317868,19517.662892267548,26251.05282234897,7550.556236138831,25873.064580399434
537.0,631.4511130861293,19421.526402283187,26260.17907645972,7812.475775873577,25907.222585614545
538.0,634.8240705108475,19353.00486492078,26278.27431723804,7781.411984893602,25983.79532959578
539.0,632.4623409035316,19322.130000392764,26183.960018116715,7848.533153699988,26078.80095744325
540.0,637.1940435375218,19225.112527558682,26286.436021348214,7616.139104319035,26178.326330230488
541.0,636.0802015783929,19421.148854954296,25957.847096497968,7828.4052161477375,26183.17001090329
542.0,634.9567992539111,19327.59485436908,25872.116613216418,7947.379728176296,26305.02310180929
543.0,635.0773611813963,19290.82599877268,25706.504467941686,8693.618374731384,26271.387557884507
544.0,635.8557139549054,19226.38641905267,25577.669324559018,8861.455068216577,26383.017545037317
545.0,640.5041838018074,19128.92574226275,25565.483515016313,9180.309957145793,26410.561880095112
546.0,641.6568501476494,19032.782992207456,25602.960100607575,9113.774186801267,26504.34181422747
547.0,645.5052446242681,18934.723078178125,25516.869291695933,9350.017234870293,26599.695547474108
548.0,645.1561008938959,18838.434762104676,25432.05685890053,9921.3574669074,26611.309984728727
549.0,642.5573000449114,18743.21908219232,25474.644835516825,9658.249508864132,26753.725038198198
550.0,639.9790256331545,18648.003402279945,25519.203202350367,9330.829466882118,26910.509253341712
551.0,641.096106411863,18550.64486522473,25539.429740566848,9516.09242744216,26954.10212515707
552.0,645.568077668245,18452.158379059467,25508.095153669892,9428.709835538482,27099.15416114536
553.0,642.7471698303411,18357.139606609762,25429.111937196358,9697.209344037576,27187.038712696605
554.0,642.2004893110604,18380.864242073345,25397.155911199265,9347.875434878815,27296.2643936562
555.0,639.5948221579673,18285.639910830287,25535.690715885085,9189.880447565665,27352.463334040356
556.0,637.1633328106751,18190.41557958722,25647.62662778207,8731.064316742795,27501.717399180998
557.0,646.0975518365124,18088.73128872508,25594.2180239069,8984.634542502703,27576.162544142244
558.0,647.872747498651,17990.197144294274,25862.46220413735,8380.277828606617,27665.468445396305
559.0,646.9118969486345,17892.93011248115,25810.034616402125,8777.465174640281,27704.02560488574
560.0,648.2750418181364,17794.26641214367,25866.186175866776,8729.31901406066,27787.144816789212
561.0,646.2107134620755,17698.699555318915,25875.308320106356,8996.415884338257,27821.187271901803
562.0,647.8230608970769,17600.989841351307,25835.82966442025,9337.656182755563,27868.639780620946
563.0,647.1812564298453,17651.030562888554,25666.5569483127,9331.785850505155,27956.264736723544
564.0,644.8916410995155,17556.47085727534,25900.520988975826,8705.347977905327,28074.023527564023
565.0,642.6644610150596,17463.23903885707,25964.68300021828,8401.859312274222,28217.203093648266
566.0,640.6164000158683,17519.548487240747,26029.743450546335,7876.159177973948,28284.93179395706
567.0,639.990831252651,17558.376918664555,25965.39758742488,7777.818705184645,28336.965133186404
568.0,646.885081050654,17460.045975882007,25911.015136819165,8175.102071485771,28371.974686009107
569.0,649.733125465397,17363.27208830564,25912.78840176859,8546.023913611376,28380.606411733643
570.0,655.6505341312051,17264.33561237537,25994.046913291382,8467.776662713188,28453.970514937166
571.0,661.2890302439398,17164.80703146403,26021.382607483298,8840.79594912511,28447.406374115097
572.0,667.5148357375192,17064.161454393794,26124.756805510788,9013.821586236269,28443.503562468537
573.0,667.5330646302685,16966.830143536492,26077.839323904085,8976.093706133766,28585.52211119204
574.0,668.8826949467913,16869.270538635818,26002.186977812213,9327.057590376313,28649.297270584368
575.0,668.2746269043856,16837.67537822945,25888.311777403967,9301.934200287018,28776.32184802477
576.0,665.466931491746,16830.338617497036,25790.004846551918,9245.962132285798,28879.995996906953
577.0,662.6044844765048,16912.574395027343,25542.10394469485,9208.443451212846,28993.141208430658
578.0,659.9056869605331,16819.31358879702,25523.215181463835,9264.927150287305,29090.86010704025
579.0,657.9874889669395,16786.63373729065,25457.136952790486,9296.729462803927,29173.316251402222
580.0,667.0941906493757,16717.70680839576,25510.958622391932,9353.293613407142,29199.53792287024
581.0,668.8514731797615,16652.20419931668,25619.368198805358,9186.70818169956,29246.438086931892
582.0,676.5782084105293,16552.11081947489,25533.375444263685,9542.552722327864,29310.18040161324
583.0,678.3667512119322,16454.473192308647,25522.152963323122,9674.675336610166,29384.419109360293
584.0,685.0431656462459,16353.556933033578,25508.083408967002,9896.846209666408,29437.719820171158
585.0,683.1641956146519,16256.643542898899,25446.060654425328,10271.327317237128,29482.95828732545
586.0,681.9133048000394,16161.35231172702,25361.949291210465,10387.079944374846,29608.27282423206
587.0,685.2442499132343,16063.225014209853,25303.30784057968,10478.486292979336,29725.403223841993
588.0,682.3534732808114,16180.993464422947,25065.99698921063,10455.75940537022,29797.54247457975
589.0,679.5097825089254,17327.162286166025,25174.29823698797,10107.060711485776,29916.147382721283
590.0,676.7930935114114,17333.712680047232,25005.59222502479,10031.053240060082,30058.931597864794
591.0,674.2766293810099,17302.998178625785,25001.556072991356,9964.069832871995,30126.083762142684
592.0,672.0071100258746,17241.004101866674,24959.010936575836,10437.112018631307,30105.62580572028
593.0,673.0278517456566,17225.973375039535,24919.21694650089,10188.626230219712,30224.75243218696
594.0,676.2794123232419,17129.37389870233,24704.780856584934,10420.60742985825,30320.052848524236
595.0,676.0140979109865,17034.57632376919,24821.44641815727,10083.418423873612,30416.780599319336
596.0,682.4719999109217,16935.564765569397,24778.50057598287,9994.674816061437,30561.328400893923
597.0,686.3506851301843,16838.849438234625,24801.208450856826,9855.394683384111,30674.999101372647
598.0,686.9094901623349,16743.546091234257,24927.954100372244,9419.892915698014,30791.86056333918
599.0,686.620948199608,16805.858416552735,24892.464164529378,8911.15697893833,30912.864898806507
600.0,687.5247905077149,16710.958942616777,24863.28221331822,9180.866643084059,30958.502161409844
601.0,688.0718723227994,16678.232097110842,24929.72856831605,9310.63991202241,30924.237942188312
602.0,686.1619216822124,16647.161309830735,24899.573609591596,9405.900593445687,30962.533029860915
603.0,685.6903895529972,16588.96535930854,24844.623720527856,9684.735375374581,30996.06245104118
604.0,687.8483836917652,16496.552825876563,24851.160451680036,9693.76345792747,31081.346501107942
605.0,686.6852157426096,18190.152844435743,24405.96041917027,10104.197436504657,31069.43220181815
606.0,684.806310586586,18136.379566277486,24378.928231982398,10004.683240355796,31168.408498537126
607.0,682.1579709616267,18045.843939020426,24407.668529764538,9772.57035686614,31290.534768486617
608.0,684.6576209520485,17951.97940111619,24309.208652074558,10023.857753104048,31379.524742714348
609.0,692.1713097871254,17854.239035815368,24360.11699119588,10047.322694963234,31425.434774460668
610.0,701.7029791237635,17753.962329529113,24406.99321537894,9758.868065392648,31552.03430957775
611.0,705.7731751420231,17655.863344170564,24585.425352094004,9293.356385386887,31634.19037378132
612.0,710.7019407260669,17556.189218911764,24492.93454691956,9712.977515307626,31680.59925013377
613.0,710.4810738284986,17458.81933282111,24562.93350560192,9958.060663070495,31661.19866457579
614.0,707.2020525220263,17362.941727625992,24635.703304692892,9633.929266680778,31782.733495839457
615.0,705.1430388056372,17266.110492703312,24674.26629661189,9804.193304308781,31804.401411648356
616.0,701.1043187179016,17170.394977263557,24668.50906306823,10055.116367874944,31836.219906014558
617.0,699.5868525232725,17073.346128490466,24650.378056597092,10251.653866212939,31889.994123373766
618.0,696.9210354838171,16976.863946384045,24624.398753987047,10233.830083761568,32003.571630577313
619.0,693.1890381605517,16915.10982400707,24520.567091163768,10305.139696969838,32125.081735520846
620.0,689.6558878216856,16820.390956882013,24430.667246522313,10839.643042307793,32145.724978077917
621.0,686.4327613360587,16795.144729368447,24264.97906775922,11700.40057154388,32085.27884838659
622.0,683.6200970859481,16737.284720768406,24133.070549684748,11849.658321814473,32203.655998933486
623.0,681.221372985676,16642.565853643348,24041.55612820019,12021.569335059121,32316.522841463877
624.0,679.1557798331952,16547.846986518292,23995.15253844835,12266.13194798782,32381.973506922335
625.0,677.2362419411753,16453.128119393234,24044.444112927384,11933.675772353356,32526.956949365573
626.0,675.41842200474,16358.40925226818,24195.86711878365,11305.376018405272,32675.068879601513
627.0,673.6288755589713,16263.690385143123,24301.108513673826,10823.626682435242,32821.60272342952
628.0,671.8393291132027,16168.971518018066,24255.061616896317,10813.288557843567,32954.73954939079
629.0,670.0497826674339,16074.25265089301,24770.471929946463,9653.422454719348,32990.77574014507
630.0,668.2602362216651,15979.53378376795,24849.74260723263,9537.058095150509,33061.85371252034
631.0,666.4706897758965,15886.753392051374,24951.481443942674,9226.678212601426,33166.18044203511
632.0,664.6811433301277,15793.973000334798,24873.759868809717,9553.809104874406,33233.47950975512
633.0,662.891596884359,15895.040149466025,24584.56824911553,10107.005599994205,33245.99008850686
634.0,661.2238397728029,15802.259757749449,24500.634741423597,10251.920813703106,33362.169621335364
635.0,659.673719091261,15709.479366032869,24416.701233731656,10913.646840190377,33349.66266213465
636.0,670.3871938429195,15608.579685368788,24333.929810421476,11527.674506476913,33350.08350487351
637.0,680.6191118638106,15506.657778752988,24251.158387111293,11714.317758714014,33458.74660348093
638.0,687.4814201070758,15405.679378088305,24284.59540197696,11777.316356733667,33518.709629686215
639.0,686.4664840853064,15308.967181304237,24205.17860547144,12314.823684511774,33539.3786092079
640.0,689.1204242527804,15209.682794532584,24126.23914918239,12406.934557707265,33671.45629541263
641.0,688.5806448484623,15111.914915513806,24384.528804855985,11621.145978128745,33792.56504103746
642.0,696.83601343022,15008.297743158952,24356.51688093653,11485.619586288714,33946.889952442056
643.0,694.4613091463658,14910.564900199837,24458.241899514982,11047.097261367653,34088.49526286364
644.0,692.031424220967,14846.165390574055,24489.668054779373,10911.777048958818,34177.15960260038
645.0,689.6780766970057,14748.432547614939,24500.991183570233,10872.504991957514,34282.69842139174
646.0,687.3574642627453,14650.699704655824,24429.713225747688,10107.023825182481,34345.37669695585
647.0,695.2826900978064,14547.189526534492,24811.337935596785,9362.4998078725,34420.0549521689
648.0,693.9354006012148,14452.599694518693,24767.832604060866,9604.608013950765,34476.13679905198
649.0,691.912843454515,14463.489483806576,24585.13162890648,9937.732837750333,34523.09015102612
650.0,692.2183774954195,14744.524172219222,24212.558906754573,9886.017894330696,34616.80604895801
651.0,691.2228603597785,14785.810927344906,24131.30250211997,9840.119270961774,34683.52439376553
652.0,689.5381642262705,14749.015567358398,24152.946264614475,9613.181801046008,34790.96315896191
653.0,689.2100488953438,14656.413101785409,24571.776899799483,8633.608218448464,34903.47333335531
654.0,694.6459716209595,14559.762213797008,24491.935559493686,8631.68617948286,35050.74985642015
655.0,700.9929747164232,14540.335025645863,24773.24224319139,7839.104548806667,35141.095188652755
656.0,700.0088016294775,16413.43993042441,24729.05921229297,8125.222650817678,35172.767478940834
657.0,710.0303955577302,16377.351949163209,24759.741568828023,8207.843549889223,35166.921023252384
658.0,708.5834068809512,16379.36689835328,24632.772506616475,8374.253806921854,35216.65009268089
659.0,715.3848930106456,16376.437523861201,24357.44207188811,8624.056081592404,35287.05548169589
660.0,717.4191449576316,16282.27771674882,24271.80683428914,9444.44314428254,35180.02577608504
661.0,719.8150679960601,16187.22339609125,24186.367430023485,9872.477475812262,35196.00085484763
662.0,717.8992985060753,16254.066312078672,23928.529305588945,10120.147462568912,35269.01990696468
663.0,717.8761244827148,16160.573546686759,23859.06621109997,10171.458977707223,35389.848533526965
664.0,721.6750140093939,16064.310994825659,23852.81727899015,10164.011058512562,35482.121187385055
665.0,726.0131839221102,16062.862871043568,23726.843192068674,10340.108656212597,35528.900196075825
666.0,730.6529441399869,15964.37988393994,23676.305457457536,10331.105298333307,35652.655995490655
667.0,731.0824170887485,15867.610062270807,23674.83304635099,10126.19072179735,35801.65162297325
668.0,732.0624343673729,15770.095757197125,23584.596332732992,10293.973806314225,35900.328661211475
669.0,733.1720418977471,15672.019341324407,23551.88013607184,10368.25784160903,35985.96195597545
670.0,740.0058281388203,15569.87452744239,23462.90708610234,10458.437158019016,36109.304584406214
671.0,738.0432370829241,15472.071305019723,23393.51736946617,10619.086362256905,36196.4571634018
672.0,734.7515576608108,15375.280752579509,23411.327351013177,10403.298649457605,36337.2054357556
673.0,730.9890198843314,15280.492309861567,23323.161946559885,10546.280733159996,36445.56059979423
674.0,727.4789891374733,15221.591643455253,23220.537860354347,11015.536683626764,36452.45177279115
675.0,727.7986579191652,16565.699979240064,23044.989945767556,10989.259185610157,36553.79490796573
676.0,727.511074773505,16469.115794928624,23061.232447396706,10853.636780720652,36664.4198908913
677.0,728.5134549112123,16372.642386622656,23073.60866206071,10626.379317673513,36807.58678183373
678.0,726.7337677764527,16277.79659481635,23100.481424508595,10343.653209206876,36957.65124349531
679.0,727.3484349680622,16288.825925140705,23017.526874794203,10375.36356084521,37020.719775016274
680.0,725.3187904172325,16194.05618117031,23151.751373956773,9950.924557601187,37128.251393402956
681.0,724.5040011199279,16098.570688250209,23298.08928765681,9892.600622610187,37110.20573265922
682.0,729.3312652271024,15999.244352913882,23309.494672833633,9740.04675770229,37232.13023200511
683.0,732.5460538929702,15900.37071539131,25166.620228156564,9963.788551044408,37312.934112703246
684.0,730.9495734357029,15804.251137379562,25258.124266230014,10114.360882350886,37289.145678289744
685.0,735.5998437502786,15704.0309654998,25409.022506866786,9731.76111952067,37387.3682935866
686.0,736.0163782663601,15607.029813031255,25464.759223712976,9748.295718840693,37431.99404804176
687.0,734.4805423145375,15511.105263691159,25441.08266845548,9938.015193580399,37483.916607837906
688.0,732.9148423373,15520.7998096609,25291.536419344644,10352.277210139599,37483.416030411936
689.0,731.3213503276578,15424.875260320805,25583.31605281042,9555.020099966207,37607.85336634284
690.0,729.7035279230397,15330.067944079825,25863.572003115867,8828.468983092413,37717.62083489826
691.0,728.0661568802734,15235.260627838845,25789.64181220495,9008.07491435891,37808.1040527684
692.0,726.4151694699663,15252.176621509405,25721.20807828295,9067.215915217092,37849.956718914866
693.0,724.7892366095123,15158.057535196274,25665.82174432803,9377.281637097023,37884.886333395814
694.0,723.1734207637256,15063.93844888314,25588.609681188456,9866.744929980663,37881.272278632045
695.0,724.6984142282756,15037.196908499609,25442.574625264104,10151.429755528236,37942.267378151126
696.0,723.962645501193,14943.130918404824,25363.340886711474,10550.684821308343,37968.17026964879
697.0,722.2489308150746,14917.517487065374,25217.315572429663,10717.87493969373,38066.86616075937
698.0,722.3115242706745,14857.390622803126,25102.587943087347,10918.534729793737,38156.05117077694
699.0,720.5563107329208,14798.623211297814,25065.798671808505,10790.982819518527,38289.06503071514
700.0,718.7607059821538,14705.232635855167,24985.27915876282,11067.748019059567,38354.51011407733
701.0,725.6304850333534,14606.039471364526,24946.000916944035,11078.32480514281,38473.455879628935
702.0,724.317904303835,14511.303815007535,25036.737894435526,10751.710842928318,38600.29974587573
703.0,728.7046667443786,14414.152007021019,25041.66298406846,10717.836925463092,38698.72868872771
704.0,726.6410015258989,14321.266017336253,25033.199299655895,10519.755546324548,38859.01290387122
705.0,724.5368159968232,14378.076180394311,24832.987928138733,10455.097324033082,39010.28454678201
706.0,722.4123836515748,14356.055009161677,24742.60292975538,10536.02194742325,39091.240680683855
707.0,722.1428943952947,14298.716610511872,24667.083347230022,10792.08998439568,39131.721944401244
708.0,720.7844458668594,14385.622402533976,24407.868135705372,10971.149537697944,39228.6780130976
709.0,718.7081230987992,14407.615846622799,24155.303737956965,11299.031728768867,39280.18797806004
710.0,716.7839377388004,14387.16345195825,24204.747913148523,10930.24450952414,39343.07137778441
711.0,720.0868770149997,14363.422697815004,24101.718564855557,11132.21070185878,39397.25853604938
712.0,724.8737065402642,14269.962910548971,24018.42903093814,11133.21446598645,39549.14532992406
713.0,729.990230565843,14175.66891935531,24219.579195049177,10341.092324240568,39704.94771592644
714.0,738.80804074178,14078.146306787627,24403.283317600082,9887.852397378705,39768.515426873135
715.0,748.3013679594776,13979.30830304135,24806.483307955747,8790.999031517915,39842.12019202001
716.0,747.4235745023205,13887.863565347609,24834.621021990766,8611.92253334354,39954.17867926525
717.0,751.4063433102267,13826.989160366224,25033.233338294176,8068.35899691152,40007.674079372315
718.0,750.3038372609142,13912.084669192638,24964.301184358304,7859.59524110766,40080.97273237059
719.0,750.8094273902774,13889.212358563678,24889.372105094895,8337.530344468545,40020.4917961481
720.0,748.3712738232256,13797.964718815496,24827.35584276989,8730.384379239087,40026.896334278266
721.0,748.4119695291437,13704.9685179734,24748.144408748125,8454.510646855659,40080.11744314408
722.0,748.8049501677302,13611.39629219394,24704.751011646185,8632.484589718446,40130.43190822552
723.0,746.9919786904703,13518.888191279102,24646.04907036035,8898.377573951959,40162.546600243135
724.0,752.1612379645314,13421.54268834102,24782.672151831746,8864.700493268263,40136.386056886215
725.0,749.7790256009665,13328.279524797601,24849.12760086203,10708.0911510417,40251.61320065703
726.0,757.5353694931557,13229.4931152962,24795.100496507082,10708.695015647732,40382.46461732001
727.0,757.8474980888204,13134.448331245843,24742.636585518925,10706.874655679509,40513.96048466202
728.0,755.7436837652006,13182.166214112389,24571.921807583763,10737.79404081592,40634.33285595898
729.0,755.9747090808003,13086.610779823408,24495.447581292665,11178.523412318806,40647.93393837277
730.0,753.9393960890659,12992.231831775633,24565.71284897222,10987.62779449292,40731.40265280993
731.0,754.5316937618406,12896.38621706119,24489.23862268113,11259.125666478982,40798.28447935808
732.0,757.396557992151,12799.016797587721,24412.76439639003,11515.632179793003,40870.38068625722
733.0,760.761954770822,12734.051429320374,24310.10237948117,11825.960595982498,40926.27912835323
734.0,759.1976458919379,12673.291265619346,24206.897597412604,11972.870411835096,41033.60526689786
735.0,757.244957268633,12578.46507997089,24370.86597549018,11482.79321431457,41131.73149749705
736.0,757.0848422626119,12552.48874723935,24338.527576549277,11287.381303066511,41256.077328305764
737.0,754.1356585008307,12458.573027598903,24302.71638771383,11247.089733198864,41385.364411387105
738.0,753.7264926515757,12428.730650514579,24281.39425424963,10989.231964428438,41523.80801522108
739.0,750.9394280319741,12335.986901902408,24246.573738507726,11010.336509387022,41634.90823354703
740.0,748.3745626769984,12243.243153290234,24480.06187609552,10402.9550043544,41709.24871563212
741.0,745.968118330854,12293.758119299046,24326.151118644662,10565.73511373504,41773.20167869672
742.0,750.0145081846384,12198.012004789394,24405.534315272085,10317.959890034672,41866.83198883628
743.0,752.8456235703613,12102.455671388469,24466.506721446844,10155.169257298747,41950.67363873609
744.0,771.6493495655461,12100.798188487272,24303.469212251537,10643.806890261989,41948.05946872297
745.0,769.6658325529711,12005.72193828359,24295.770710181267,10957.097720848287,41942.26807901351
746.0,769.878098666606,11909.196420006014,24222.51696430885,11348.10591350774,41971.53977244618
747.0,769.9235186697423,11812.552738356024,24149.26321843643,11786.820665210416,41986.15937851183
748.0,769.2979129447709,11716.15522826602,24318.89735161854,11287.708897366101,42083.63196284608
749.0,767.3923090572274,11620.493297125671,24246.852225890332,11341.371265126492,42218.29494458895
750.0,769.1458966137823,11522.405123337447,24259.842309216798,11580.68221947803,42221.74470511302
751.0,767.2168941683273,11426.35499337344,24226.08428234374,11668.949495095803,42315.07185633799
752.0,768.3454697635519,11330.237722398042,24194.219305239807,11818.045031958414,42387.75449594212
753.0,766.3551559234456,11235.861875276463,24294.807216978043,11690.165217979958,42431.54062553731
754.0,764.3246046156679,11344.145605695061,24074.49624570031,11685.338607622358,42568.12451869187
755.0,766.072813709918,11249.314702029487,24020.96729019064,11831.581761169138,42659.071007871426
756.0,764.0644715590457,11362.729063448842,24122.433093582356,10901.328469091388,42797.19010505226
757.0,765.5035007243118,11268.88751884142,24248.661720159493,10407.80888297829,42924.34424596953
758.0,767.2360836473509,11174.489194002104,24263.11759907599,9535.093894828173,43020.45858761126
759.0,769.7671092511156,11199.05735892458,24065.779161992014,9626.23881372292,43116.73918580137
760.0,773.4174037443369,11103.46230741975,24008.391727001814,9704.48650293707,43218.246627796056
761.0,773.0289798814497,11113.562852356643,23931.261136761754,9869.160539145454,43228.416539295955
762.0,776.2058791710789,11017.945816686843,23853.55825129917,10016.328720932866,43321.58670315298
763.0,775.3684680291684,10924.365632279276,23776.170092183173,10126.751953620571,43429.56730199486
764.0,784.5066028188219,10876.63441997004,23656.53320795714,10455.337899971033,43456.97814662263
765.0,784.2097493009775,11767.958275827537,23609.376627199905,10628.284272871115,43514.15445451948
766.0,781.4085029437472,11672.504077081583,23530.7474117838,10936.744310962877,43550.312328720254
767.0,788.3091424533183,11569.905900134745,23452.90435550011,11157.990930322369,43619.97472207749
768.0,786.5673873814653,11472.33259451735,23375.871449376213,11310.322280609764,43715.743758862605
769.0,787.6039216224696,11372.508372455943,23377.94573945422,11310.978096279623,43796.079260822
770.0,784.3775626012878,12406.939016170825,23382.917716224547,11161.326736253346,43930.02172338008
771.0,781.206445634307,12308.381883234788,23357.63217293418,11390.720559512341,43951.25010292352
772.0,778.1836593097571,12209.824750298754,23334.959714612916,11345.794242185782,44074.625817266584
773.0,775.3996667321048,12111.267617362713,23428.70883579986,11036.650376681979,44191.0084524595
774.0,772.9034181015247,12012.710484426678,23537.086495334705,10735.38226952502,44289.7912897122
775.0,770.7226086757423,11917.035399499222,23817.025590155616,9941.392551336901,44412.64940025924
776.0,768.7600883109124,11821.36031457176,23789.54631235412,9946.617120342762,44521.2458524414
777.0,766.9992767363724,12013.890030502158,23688.87914782585,9695.850168392262,44616.43033395999
778.0,765.402135710189,11918.6149455747,23634.79785168104,9874.622860700212,44681.02162920743
779.0,763.8928430783573,11824.555215775787,23740.223279402944,9690.06964924846,44732.85718147714
780.0,767.3731689216202,11767.691445339828,23642.59425051731,9941.23887976874,44785.66203496454
781.0,771.3353460866632,11791.354974727548,23490.48494123229,10104.593821766466,44873.45506639042
782.0,779.543106351274,11798.21926532483,23360.528515211572,10257.861353995668,44951.056478475715
783.0,778.1918678274676,11702.714782000767,23351.856396804586,10615.633346782437,44905.558719364046
784.0,781.6985916213052,12896.106210311058,23316.594079626702,10686.176708654524,44994.532734887944
785.0,785.9577477616576,12795.984137471474,23298.163145325012,10782.269431049,45058.990202553156
786.0,790.3776800779277,14549.287115691546,23245.343492108357,10646.11197745386,45111.658288273306
787.0,788.2793106367365,14451.286715423037,23238.758230619038,10627.634339153454,45207.12713110259
788.0,785.9607046528556,14355.413589022137,23295.772918532275,10408.857409843276,45318.71601321632
789.0,793.7042456027849,14249.675591095023,23498.187977942565,10002.320679322605,45364.46662239942
790.0,794.2356487691139,14363.679113692766,23314.961995509195,10334.79957019204,45387.81536466148
791.0,792.0904721813396,14319.194310952893,23263.03575395715,10469.014579058543,45441.85994391839
792.0,789.8941823913541,14395.320213587154,23327.13880170097,10000.963945858613,45553.66884458507
793.0,789.3939068009663,14297.51321456221,23378.928507626093,9992.532824877486,45586.509835771045
794.0,787.2597127173946,14305.623047201776,23339.28212726879,10014.152793517693,45641.78190607692
795.0,796.2220306944618,14197.974953490699,23264.4176717486,10208.20529494767,45715.84476313749
796.0,801.8477147054706,14091.784498951187,23276.966201994543,10186.529176838223,45789.3952579303
797.0,809.8085073449002,13986.413005715285,23250.56862472263,10098.522831449933,45925.24426532253
798.0,812.1706503449129,13884.838070307163,23178.381507079877,10207.606294968054,46031.620524398175
799.0,816.5438053062372,14241.99957534728,23008.53478445693,9945.279392960765,46140.51225317662
800.0,814.7261957321355,14146.12991481267,23094.815543500277,9739.99607243319,46210.95346598928
801.0,813.9848505296649,14368.752166760238,22866.11047992623,9856.25383349359,46295.595840549686
802.0,819.3085236485967,14316.320401050561,22890.095673249576,9736.785828762622,46362.63727918116
803.0,819.4919799569109,14332.740737930293,22746.58231781808,9873.405273779175,46458.03998890763
804.0,824.4277344614206,14231.157531889523,22745.228578672108,9876.047468285635,43794.84103379322
805.0,821.2868689838568,14136.970241829631,22781.029673523873,9885.841588395173,43829.385238242736
806.0,825.6610207896101,14288.28210100008,22617.58300796709,10009.261190900208,43882.706534099256
807.0,833.9157112174006,14235.111449274957,22504.757867448432,10287.02874438727,43928.69647306639
808.0,838.836131663278,14335.36797388695,22459.320796808574,10203.760160559983,43971.720407561304
809.0,840.1262594650811,14234.393381190019,22443.251072722487,10398.617819091605,43984.20047317988
810.0,841.3132205901527,14189.27284429923,22357.423874655917,10528.27558235881,44055.058495602025
811.0,842.9366092544157,14087.909375037685,22341.552047260313,10769.91296306839,44050.707541709904
812.0,849.2952549233122,14093.690175148868,23809.32559592697,10809.809419695861,44158.689256399484
813.0,851.4800292592605,14046.257023979417,23687.096779907017,11069.076313368538,44212.167324762275
814.0,855.5144585001867,13938.575507654112,23794.100768275493,10734.83622624638,44313.07855243196
815.0,854.3315356230843,13834.930759652243,23757.538291037054,10637.571464166394,44448.10577483432
816.0,853.6773104788665,13730.376784255597,23724.09237424958,10510.063270140585,44592.798790548404
817.0,864.2722655280797,13614.0467603143,23711.954787223225,10549.98111415117,44662.73600344549
818.0,860.3343279324115,15451.58979245719,23753.242422236435,10516.89352790817,44714.52461612889
819.0,856.5409061172514,15346.645297152574,23896.95174118574,10120.654415443754,44810.55777588701
820.0,852.9650376655875,15422.517126883076,23750.621003746677,10184.212672666908,44908.133761892896
821.0,849.7654217186811,15318.751917146854,23764.70300090939,10093.115336045565,44986.79680470481
822.0,846.8898818117235,15272.764331634091,23672.750986367013,10397.88883606984,45009.03681508978
823.0,859.3164466131167,15213.166075047202,23709.75064711728,10345.633032832764,45041.55866765082
824.0,856.8812347801997,15170.751778270878,23719.833132283857,9747.34888768455,45045.53119990756
825.0,854.6501249308687,15066.022028829108,23635.92372411561,9822.1328022596,45158.764020216724
826.0,855.1902795491369,14958.187934755966,23584.329150373647,10227.632788093842,45107.751920307834
827.0,854.2067861412188,14967.740485229519,23446.227823802932,10431.652826775873,45168.2135188329
828.0,852.0148807129694,14864.17004999441,23362.583062203586,10516.042551507702,45278.569985732356
829.0,849.8149174706552,14760.5996147593,23280.03382605043,10575.116730511954,45399.66308420626
830.0,847.6355042962389,14844.174824332644,23298.904187681637,10308.732401076611,45491.024296919924
831.0,845.5115779620845,14740.604389097534,23327.272373839925,10123.743599653546,45614.65990987474
832.0,843.4752655853747,14637.033953862425,23557.321476101097,9447.824389386342,45762.79126229646
833.0,842.2454078336898,14532.749232913027,23564.853360770816,9381.045881896309,45858.267430768894
834.0,841.6403189628892,14428.98322203179,23605.457268137903,9207.752233132844,45969.464968245484
835.0,848.017751726747,14322.866332471644,24092.990995884687,8219.188095595227,46022.476684751666
836.0,851.8880767697501,14332.606102984244,24077.928438297415,8223.182882933665,46058.70844427003
837.0,854.2738019730795,14803.417134339734,23736.481408398817,8588.358709585085,46046.0525991427
838.0,852.6068945619376,14710.167517093176,23652.526495195892,8906.564710177096,46053.80097233957
839.0,850.9736013059108,15255.407430988751,23270.88681484746,9207.655535752925,46070.16791216254
840.0,851.2029909894014,15219.360484641164,23150.926512577607,9433.71338282113,46118.69168733138
841.0,862.593590035711,15170.768708125623,23029.87697959817,9784.647606599763,46116.47147171166
842.0,869.1659872409815,15065.860542023242,22951.741068562817,10027.348515594362,46145.27511611172
843.0,873.7016858402774,14961.630978452911,22858.13860358876,10164.325632482585,46232.59968850796
844.0,877.0468159040428,14857.309256352435,22801.68601176065,10129.736656302339,46359.42059454594
845.0,885.0602330161372,14746.179484665246,22729.725761739533,10384.076020511257,46381.43671033786
846.0,885.3533363928314,14641.501323207443,22760.35392031051,10231.522246162678,46481.077780959415
847.0,882.0904602988204,14539.904375977248,22710.660783968375,10237.730579984564,46586.03512537342
848.0,885.9104099410383,14429.942325480752,22660.490368137904,10236.74771644671,46695.090670931415
849.0,889.1943816112025,14319.016125477507,22670.154328574143,10055.31860627358,46826.81374476548
850.0,886.6140311396341,14213.37365649606,22635.724815563874,10078.258713394041,46914.21442807467
851.0,885.6379171855001,14105.669495583637,22658.808380485727,9965.219461440745,47007.773753753165
852.0,881.9484975605935,14000.705155893236,22687.872375127128,9922.265967496216,47068.08251906394
853.0,878.449031655078,13895.740816202833,22730.729752079777,9704.011837855223,47188.779467090055
854.0,878.5769910616737,13786.867564835724,22705.709538914383,9913.700318923322,47192.792153296796
855.0,875.5819875547644,13683.691692721448,22656.77515883669,10117.734255945928,47220.511244907706
856.0,872.9466537223765,13580.515820607172,22636.9841084389,10056.802816195475,47333.101268864535
857.0,870.5652021110674,13719.93306067934,22489.894395409094,10042.726890131938,47440.13176581204
858.0,868.5106267469167,13620.399322151716,22494.1568646727,10082.030595603837,47488.9538444708
859.0,866.6363690555421,13644.045158755089,22405.95546571427,10186.252844758985,47543.294613473605
860.0,874.9460238275185,13779.572816119768,22269.342783167205,10248.235569938366,47606.85416681219
861.0,875.3665611346842,13958.90747614845,22085.134859673806,10376.223805974714,47671.63137886491
862.0,874.6706655976895,13859.07352532283,22122.726214918497,10291.382413935033,47741.09929753514
863.0,878.5468641905103,13753.953013258013,22492.706923881466,9551.6705990706,47786.70643013146
864.0,893.0722192098049,13639.185741423791,22442.798381857945,9625.589419627024,47865.80316898439
865.0,896.395791536315,13534.333111265849,22376.75613088667,9781.351139979286,47927.44502045836
866.0,909.4314809429525,13750.400126882208,24039.21221438073,9226.32112517118,48038.98679332603
867.0,907.8734396045842,13647.300397934849,24060.227479708698,9363.147629018444,48039.0938963415
868.0,906.1611703557155,13545.792912537454,24126.49357700954,9222.835043554514,48116.66698083613
869.0,908.0391941457614,13439.93223355715,24082.553592155204,9214.945928405916,48230.92668279237
870.0,905.9248867403114,13496.952592183135,23997.994117709313,9279.83144685168,48284.57778739335
871.0,903.6643970967389,13395.320024383904,24075.4883275647,9073.356692452788,48379.99649111874
872.0,901.3052706552542,13294.283707751378,24056.22649268377,9238.002315621003,48401.17775591711
873.0,900.1680529314478,16593.387911251994,23993.82247320881,9179.622587520857,48529.06006433845
874.0,900.2147419698385,16544.442129346786,23886.104592521617,9250.778161460163,48640.43392202618
875.0,899.5857734154405,16499.335075173283,23996.21691760249,9178.790269111945,48630.65845940632
876.0,897.1638509791404,16401.111877968287,23934.156334072384,9477.22646248461,48634.229357374265
877.0,900.6704398099411,16405.415133995197,23810.893261596593,9663.97755012798,48684.65257945072
878.0,901.8354590588741,16302.621626990416,23799.687097389862,9671.42287931588,48767.52557197067
879.0,902.6563076997054,16199.536607861803,23790.87924211731,9763.958737152221,48813.653396926755
880.0,901.6222328732513,16097.827638039396,23753.12888005029,9940.634446302834,48850.05331074846
881.0,899.2136622264205,15997.31457916274,23712.806886120437,9992.770687941324,48941.43872774118
882.0,903.2598911489697,15890.351067847598,23655.229306877016,10321.807754413023,48934.17633104893
883.0,902.9863366744165,15786.63990150607,23772.61772507813,10010.346816242552,49047.90054020677
884.0,902.7074193964135,15682.469944506889,23804.3904941967,9924.51511139523,49138.05496411271
885.0,900.0862017020924,15580.213726008855,23889.69325431441,9630.535351320761,49270.71969784118
886.0,897.4591229171184,15477.957507510819,23838.1650852524,9684.573623045453,46636.99133483041
887.0,894.9086135676777,15378.88942210361,23950.59825407092,9425.991918076572,46735.75487322146
888.0,892.5337859093714,15279.821336696401,23900.1335053551,9435.840906961534,46855.87067807066
889.0,890.3200461023754,15499.566560371753,23780.93158515998,9244.092282835445,46966.623620419865
890.0,888.2446974819034,15403.454516186799,23704.31531643129,9401.071035152705,47046.48466597111
891.0,886.8732315591706,15306.717472001852,23629.325836298667,9540.25671527938,47134.60299418778
892.0,885.5594567439654,15506.047211134914,23385.419714894182,9912.934896039551,47133.25976428355
893.0,884.2568324398702,15409.660798606857,23472.023721673355,9905.233428051883,47153.94082621063
894.0,882.3453787316258,15371.36690569725,23366.035703811296,10222.194815228635,47174.28924583913
895.0,880.7093341670086,15275.52464550773,23466.01181981894,9981.942649472438,47266.05828787537
896.0,880.9152537496233,15178.025055495398,23482.582092106535,9991.588384121202,47330.04476135957
897.0,902.5813961344991,15058.682243077108,23496.165221584386,9984.872569878213,47403.25906359318
898.0,907.3198243505183,14952.519479889532,23510.62604793573,10005.442740780756,47465.95910962656
899.0,908.0366452442278,14850.226115041869,23545.74949275565,9858.631325164883,47578.89546881207
900.0,915.1387252987446,14740.899935240313,23653.0763413862,9518.692908717512,47707.065270259656
901.0,915.4172466466814,14738.324108507662,25573.944403254627,8931.25797562622,47798.57437004779
902.0,915.5145214231237,14636.82441599787,25558.106406841358,9030.5395179176,47857.32826554746
903.0,915.673525297331,14584.617594389627,25620.78555009988,8910.461518566404,47919.698406138814
904.0,912.8575263906057,14749.828701398099,25435.49735434499,9031.9099685847,47986.48816119252
905.0,911.3743667450115,14650.372426489423,25413.077051434222,9333.445937851866,47970.488197095816
906.0,909.3268806400429,14718.602358254766,25371.597205708484,9419.622946733376,47979.50226848787
907.0,914.9142756358531,14611.762563305614,25296.33677219452,9546.308076363577,48071.452466763374
908.0,912.9136972757684,14511.140821424924,25237.862052966273,9777.489679165104,48110.952906468585
909.0,920.7303696730377,14400.500802114262,25181.91655904211,10038.182891741393,48139.01439092835
910.0,917.898598569581,14298.849390254472,25108.57912517814,10330.580801364087,48169.13947902113
911.0,917.7037885487208,14194.697978394688,25204.908750613205,10183.675367485075,48239.32092652483
912.0,920.392210237508,14087.227317283248,25155.101068602205,10330.810480325099,48308.624203649066
913.0,928.5157770028119,13973.275526011803,25106.80849752668,10511.68442424366,48363.844241031744
914.0,926.4620027026269,13867.60210559434,25078.35815161283,10674.244153723852,48412.77268459325
915.0,927.3581240158949,13758.689077723457,25042.515795936906,10624.792186273846,48550.597105857574
916.0,929.2312351179613,13648.083435700857,25205.62004073927,10253.20970047526,48660.8860902761
917.0,926.003789279369,13542.271996909176,25194.798933427523,10278.555723141319,46193.13207933824
918.0,924.6990286769341,13435.150985322403,25237.57879319523,10387.990983988848,46216.28731537743
919.0,921.7339779267779,13379.5660138101,25214.408645177944,10407.28858713129,46300.574191571766
920.0,919.0232846427856,13325.885676415988,25135.79075443278,10524.082867078234,46389.217229923706
921.0,916.6167949456651,13223.456496143132,25175.875201131053,10440.81603961779,46487.241081699234
922.0,914.4606312159968,13122.622642101282,25172.47160929013,10574.840991765319,46538.868176245196
923.0,912.5234387279443,13337.911069333215,24992.2456720556,10869.097229763749,46529.168961069576
924.0,910.7921040328041,13397.152995721992,25140.34627486288,10335.816995569425,46646.593623441775
925.0,909.2113701580697,16313.132458844608,25041.754846060277,10532.42292956022,46718.375700168
926.0,909.5979326426414,16214.350803490915,25296.20641506035,10055.167143360908,46802.50789005115
927.0,910.7687011887487,16214.270439378268,25301.081181695496,9993.623737038846,46870.01037820908
928.0,913.9372181794283,16166.780591681834,25469.745321955797,9466.845768286588,47011.34457531102
929.0,914.40872913262,16296.391727691607,25359.27261367092,9511.630590502917,47064.07942194131
930.0,930.826479751208,16479.73673842061,25238.693718369654,9691.258043785654,47041.73441102651
931.0,936.1723176572775,16529.627188390215,25154.312060077344,9806.4865016176,47078.767637020035
932.0,936.3208737534094,16618.557254667852,25095.18106528914,9942.85883266679,47072.837200733986
933.0,940.7698577060532,16613.222701564384,24973.719193903187,9972.854147543097,47192.13734872973
934.0,945.2357244100842,16758.271126757674,24737.451484289035,10464.502030396525,47154.805875206126
935.0,943.6762548325263,16711.504152558522,24641.499014913006,10632.892908997734,47224.692250984954
936.0,941.1825133731268,16679.270962179125,24594.407709997762,10791.067884291082,47255.78185288835
937.0,950.0096958163679,18650.972673357523,24712.262780337027,10494.283533593081,47360.69808632783
938.0,951.1321878295167,18553.15369897162,24667.949540886057,9919.535042315521,47459.53942178175
939.0,952.5952457332211,18454.031804555256,24677.609651834267,9844.609115764035,47566.724576570305
940.0,951.3008512621794,18406.585221667036,24628.348939563253,9883.86147496486,47650.01476615439
941.0,952.1278438064514,18308.097469498214,24766.860759518106,9553.711774262123,47770.931314028145
942.0,952.2436329544539,18211.234043083678,24877.615894804385,9516.23099776057,47788.51627331674
943.0,952.7854786097714,18273.31729771103,24706.80599403297,9613.388121014914,47889.39257050001
944.0,951.9408238326725,18357.077405439533,24522.713563722747,9911.374128626574,45517.21680710275
945.0,949.408073870643,18431.772430966565,24376.474821780324,9978.471256966382,45608.41909013092
946.0,945.967900693475,18338.576910265623,26320.92718264741,9439.818058745577,45679.58812219031
947.0,953.3806491046547,18234.651076267903,26310.049012155236,9408.36439009535,45786.28709966005
948.0,951.2118573278306,18138.77276773201,26332.751870914522,9387.963235763838,45867.50915654515
949.0,949.4492323462058,18042.452139034616,26401.26492925304,9324.887926976471,45937.8905999627
950.0,951.7519662827852,17942.11307835482,26499.410209105066,9207.610302568764,46015.69361564094
951.0,949.1792009991998,17847.034116789167,26438.855984606507,9254.031745061877,46123.88777262048
952.0,957.2988584272347,17741.292151628473,26488.107008023133,8969.647810565155,46161.31550554301
953.0,954.8070769661291,17744.50710948761,26498.200820555558,9003.818643416505,46185.56894021791
954.0,952.4689980481212,17647.722067346745,26467.016076124193,9119.712486379758,46241.319409320036
955.0,950.2884667632362,17552.00363190462,26413.63088622075,9257.383408054788,46302.95197100432
956.0,948.9136632758031,17455.660196462493,26336.042603472128,9621.333434732198,46280.38916955814
957.0,949.8752704505968,17463.746996825885,26198.736659238864,9716.004850360565,46379.60730871377
958.0,948.9682170481393,17366.848153325394,26157.16028297382,9786.396086728204,46466.58252888711
959.0,952.1882584116229,17265.830445890566,26206.806736740637,9709.538855529552,46558.378028819265
960.0,957.872242501486,17161.58295216402,26378.114066767368,9473.845548652382,46637.504007683856
961.0,959.7210729581775,17064.55792017183,26532.381946337606,9353.140454114067,46676.60798467414
962.0,958.1738890778212,16971.53355493952,26681.448590986416,9109.56639944199,46775.56951603849
963.0,956.5609123467428,17334.869103104313,26578.472765073773,8862.230782397937,46870.101005008546
964.0,954.8958052936662,17362.314642987592,28865.228863086253,8582.02224622283,46947.59436459488
965.0,953.1936350611695,17319.79027775528,28942.43887245027,8398.868845900573,47053.38728407582
966.0,952.7247212899748,17227.158947260483,28949.69077464102,8492.332759307754,47099.711409043884
967.0,953.2236469764032,17136.264171632884,29060.549636104828,8375.127591212697,47174.692666776034
968.0,954.9688031137382,17158.06377444431,28943.300128419734,8615.895587514193,47191.903459684734
969.0,955.5858302898783,17362.581381141892,28737.09041218034,8852.87556254445,47195.13725005812
970.0,956.3281338235662,17271.423463391948,28756.05650201166,9042.933089350096,47188.80333191682
971.0,958.8282496836068,17178.07383593023,28703.315166515076,9147.514676775518,47269.60158424539
972.0,974.2401508791374,17186.256141584578,28598.70147810773,9222.884896197887,47352.919587515506
973.0,974.2511881949868,17092.67453429355,28646.26377952377,9484.55257141727,47298.44562048352
974.0,980.4252529100306,17094.276903634884,28568.817073698203,9628.55939232742,47337.97321035843
975.0,984.1414175962071,16994.479472628067,28631.76064689993,9433.216289681312,47478.214504556716
976.0,982.809109870151,16898.743459215584,28704.194318368718,9378.29739257717,47550.365074316935
977.0,982.2720843846323,16801.46624507122,28651.947900307125,9324.836603658297,47702.71713722482
978.0,983.4785261491911,16752.16798577991,28792.50518852316,9156.743230077533,47763.79907531385
979.0,983.165117319563,16653.8958637332,28784.93686120204,9158.04879386901,47863.457088945506
980.0,982.5621189810394,16605.82467528162,28948.08832171905,9012.084052649527,47898.24801825789
981.0,978.4960699575821,16562.320255461615,28872.272611542914,9143.569876629877,47966.32753241355
982.0,978.3268503485123,16519.85908304235,28775.86994490201,9183.695419853997,48088.708925644256
983.0,978.990467734779,16526.644549228302,29288.47906453311,8595.335377210333,48078.0885867672
984.0,981.137613215421,16629.90254091985,29144.733080668055,8808.28697995948,48089.179778473714
985.0,982.5745929185525,19079.0844125357,28979.34028712914,9448.80335915204,48219.14593679711
986.0,981.037128167288,18985.77382763071,28912.536509846293,9661.487029892849,48263.3888782785
987.0,1002.1797453975333,18970.66892812353,28929.829111668463,9583.757768228028,48348.84209401473
988.0,1009.3200855473743,18862.590373685598,29368.203139116646,9062.579191496807,48396.039075767934
989.0,1013.4726223331226,18755.936036996067,29339.21945423746,9311.455812112828,48397.604522445006
990.0,1012.6676724975596,18661.270799402475,29425.404861307798,9170.081547070762,48500.46786416382
991.0,1014.2898107705942,18563.17131274559,29359.886675340545,9366.116790016893,48550.690869366816
992.0,1015.2451076473435,19246.51909599128,28873.982874697143,9522.658117566158,48619.45595255254
993.0,1013.435548321003,19150.970447252348,28925.32822343146,9553.208473114302,48662.12902306125
994.0,1015.0214555921788,19119.84856160683,28842.960930081055,9651.52401016539,48737.49948055789
995.0,1011.4494222571689,19026.65657513625,28765.46187736665,9861.673492356484,48783.392499619324
996.0,1022.1438543202167,18917.177182039813,28688.46488845798,10120.28045889925,48807.98502163439
997.0,1028.0862549394708,18960.37677836133,28661.966425699604,9943.756426872358,48944.5367320612
998.0,1030.015533813485,18858.64039065244,28641.629040649903,9949.926706340959,49046.35170378306
999.0,1033.0023705605283,18754.899018940254,28638.90158777691,10027.108340459332,49105.217451595694
1000.0,1038.5975049671981,18839.534029575,28607.210254928203,9934.900860285474,49193.42608560759
