"tick","Money avg. 1 Producers","Money avg. 2 Internationals","Money avg. 3 Wholesalers","Money avg. 4 Retailers","Money avg. 5 Consumers"
1.0,498.93768708564266,39914.77471951861,23449.830492878405,5588.089791113279,153.29696027860047
2.0,497.8753741712852,39829.54943903722,23399.66098575681,5576.179582226559,306.59392055720093
3.0,496.8130612569279,39744.32415855583,23349.49147863522,5564.269373339838,459.89088083580134
4.0,495.7507483425705,39659.09887807444,23299.321971513626,5552.359164453117,613.1878411144019
5.0,494.68843542821315,39573.87359759305,23249.15246439203,5540.448955566397,766.4848013930023
6.0,493.62612251385576,39488.648317111656,23198.98295727044,5528.638927819558,919.7817616716027
7.0,492.5638095994984,39403.423036630265,23148.813450148846,5516.82890007272,1073.078721950203
8.0,491.501496685141,39318.197756148875,23098.64394302725,5515.03698631402,1216.3575682406624
9.0,490.43918377078364,39232.972475667484,23049.64943590566,5503.3493904392835,1369.6545285192628
10.0,489.37687085642625,39147.74719518609,23001.046595450734,5491.661794564547,1522.9514887978632
11.0,488.3145579420689,39062.5219147047,23070.341393508545,5413.884052566688,1664.0052618662517
12.0,487.2522450277115,38977.29663422331,23081.473691566356,5362.096456691951,1817.302222144852
13.0,486.18993211335413,38892.07135374192,23093.501766535017,5309.245009543318,1970.5991824234527
14.0,485.1276191989968,38806.84607326053,23104.63406459283,5256.516964944181,2123.896142702053
15.0,484.0653062846394,38724.02697193925,23057.01636265064,5243.14225367838,2277.1931029806537
16.0,483.00299337028207,38641.207870617975,23009.39866070845,5230.2342090792445,2430.490063259254
17.0,481.9406804559246,38800.42845726246,22721.163042755015,5282.659497813442,2518.4536902045215
18.0,480.8783675415673,38719.031127895694,22666.477189529993,5316.418119880975,2625.083983816455
19.0,479.8327212938766,38779.81099398015,22471.69668512247,5303.510075281838,2778.380944095056
20.0,478.7870750461859,38698.413664613385,22414.91692104979,5290.602030682704,2931.677904373656
21.0,479.38726213182855,38614.51633524662,22567.945034176577,5138.857701502544,3084.9748646522567
22.0,478.26307421747117,38532.71900587985,22512.718720431825,5124.295437342444,3238.2718249308573
23.0,477.8860800748844,38449.671676513084,22615.447072745315,5006.778603096026,3391.5687852094575
24.0,476.56382680942653,38367.67434714632,22562.830392265412,4992.998293076485,3544.865745488058
25.0,475.1138400808957,38285.67701777955,22771.17703827044,4866.5458601195305,3637.28419483935
26.0,473.52574329444496,38203.67968841278,22718.560357790542,4991.8291061496975,3649.8696160114637
27.0,471.8439872997713,38121.68235904601,22669.005918466908,5018.892525596004,3760.6748637674364
28.0,470.0285988336169,38039.68502967924,22619.451479143274,5003.464232519682,3913.971824046037
29.0,472.8724026736127,37950.42887666535,22876.121155446246,4785.29505122196,4067.2687843246376
30.0,470.72708319054794,37867.27013551504,22826.566716122616,4769.204736889644,4220.565744603238
31.0,470.76851296306427,37780.63118317313,22777.012276798978,4893.966642191006,4233.01048524816
32.0,470.81222625747733,37693.221805480796,22727.457837475347,4914.366336266951,4350.119940049399
33.0,472.9641579498365,37601.76536989765,22677.903398151713,4898.578524865532,4503.4169003279985
34.0,475.6460461095191,37510.64198456281,22628.348958828083,4913.041006553863,4626.46356751685
35.0,476.5167440846022,37420.6274279574,22579.964504609154,4897.253195152444,4779.76052779545
36.0,476.39731609233223,37590.05729985182,22272.57635424626,4881.558717084359,4933.0574880740505
37.0,478.4931872499082,37498.39029000225,22336.370734153268,4787.091419489723,5086.354448352651
38.0,479.7620406415206,37406.47115424299,22280.378046360107,4780.990760647514,5230.318075297918
39.0,483.0173171593158,37517.200278908975,22018.602264808284,4874.079329161026,5275.092474887463
40.0,480.5265573480699,37430.89358109578,21956.564698635964,4871.497187788329,5415.713395378024
41.0,483.4930286994304,37444.15372067048,21787.901974969798,4856.239006627592,5569.010355656625
42.0,486.0918632169701,37536.6288944563,21536.63819254756,4858.561926947421,5704.726214454658
43.0,487.2632285970271,37444.540819790716,21628.675185957854,4737.822717919926,5858.023174733258
44.0,493.5053220537088,37344.48038970945,21682.141009408646,4642.3811389832545,6011.320135011859
45.0,500.4235443068897,37585.10599380336,21501.162689751523,4473.951582444037,6164.617095290459
46.0,497.89054818229323,37611.59342535857,21456.38722592062,4357.424864742872,6317.914055569059
47.0,497.7791471191913,37516.39696142931,21465.859346044577,4350.541660117734,6402.384601527094
48.0,499.23138209666536,37518.250920985374,21290.81747991582,4351.7257971748595,6534.751847323212
49.0,510.58942007718827,37405.07895539746,21501.982484440938,4141.010528273886,6688.048807601813
50.0,507.5698629162214,37310.02366830502,21427.191846855327,4165.053293399934,6795.526676884589
51.0,507.29875237620166,37347.51397761779,21423.36632694906,4032.1030041722315,6924.065130835612
52.0,510.16800254694454,37243.46649933398,21431.59340097998,3953.905783808822,7077.3620911142125
53.0,507.2259063439218,37147.18246165092,21352.79320524996,4170.8619896780065,6993.191747638658
54.0,505.4036467701525,37051.62628702253,21273.993009519945,4238.679517115974,7059.4359877707275
55.0,510.3492762966649,36945.9210245046,21195.19281378993,4256.187027219615,7176.810640202086
56.0,516.1371563569095,37034.90930128128,20918.606312592517,4365.924904055207,7202.51708283991
57.0,521.7733221767916,36924.13365473823,20833.996144139393,4430.111759746142,7273.774546622391
58.0,523.8561234083359,36816.535364524796,20749.385975686277,4469.250753871314,7370.8558130592155
59.0,521.0884073145014,36719.66551173319,20664.775807233153,4453.143145109945,7524.152773337816
60.0,519.0673263876477,36621.54565894158,20580.165638780036,4514.837182794946,7599.8556247584265
61.0,528.9428872873835,36968.82407321664,20036.234512117975,4595.846207145478,7656.243489513503
62.0,527.5194672274467,36870.4829515288,19940.897068153223,4600.699894810421,7788.786690954173
63.0,524.4230788148059,37205.7134591917,19416.183054643912,4585.821806019153,7942.083651232773
64.0,521.5092403933038,37109.47233750387,19591.747407389856,4386.785386082327,8095.380611511373
65.0,518.699985796588,37013.23121581604,19705.309303088863,4332.537135233397,8146.4793336178345
66.0,529.5121369424028,36896.684300950525,20107.061822692332,4006.421695392847,8280.425170067252
67.0,528.6020841537857,36794.69425235425,20516.508613115042,3663.9304276414373,8423.194643735467
68.0,526.1676082863939,36694.804203757994,20661.421388308485,3806.77706782325,8256.13207230415
69.0,527.0938322749873,36589.97249354702,20686.392209914877,3788.21691980816,8332.025897552188
70.0,534.5340464101076,36474.69060345387,20828.153136177283,3777.372147754659,8322.474917349386
71.0,532.2981258537716,36371.67370089709,21198.144995475483,3499.022981337305,8430.281528636004
72.0,533.4613697097857,36270.78666619191,21240.877844837043,3409.474874905323,8564.530926911917
73.0,531.21756552642,36174.09963148673,21593.10884477602,3189.752610212311,8624.845920285306
74.0,528.8911418719323,36790.39938194172,20801.81934688857,3225.870176052069,8713.441695443653
75.0,527.431384436756,36696.89128169581,20825.89879178962,3352.8388171764896,8628.968965689059
76.0,525.0548194245488,36604.57648140956,20791.117105551988,3290.1760298887525,8772.932592634326
77.0,524.1217657835812,36969.975113243025,20231.91744107658,3260.9596710582696,8926.229552912926
78.0,533.6147666703445,36859.30198770647,20119.15962319028,3286.449311259861,9025.147900917898
79.0,531.1717176080663,36764.22886216993,20006.40180530398,3289.743178469902,9146.929984017796
80.0,528.7777069021535,36669.15573663339,19893.64398741768,3294.8341427166943,9267.488268451649
81.0,536.0605094580867,36559.43341549402,19780.886169531375,3335.307780062932,9353.989018392862
82.0,537.1675284602034,36456.71303569334,19673.34659100012,3367.0026085593195,9449.956141600831
83.0,534.7662540583229,36358.44749758551,19566.39451246887,3473.986509527315,9470.739241198844
84.0,541.070573560468,36247.17601717619,19981.85918519929,3170.076889598282,9555.279759787012
85.0,542.667181232079,36140.90374198181,19934.249922424908,3113.244584618384,9698.071833900405
86.0,542.9765406190992,36035.636233383295,19887.17223533749,3121.9424372969884,9776.716617879021
87.0,542.3366325091946,35931.20595567045,19782.62504125722,3171.5938052532265,9854.223785818438
88.0,541.7295306644615,35826.37567795762,19678.07784717695,3367.275003855343,9787.128947926689
89.0,541.131157020734,35721.14540024477,19755.32502250794,3299.152776345798,9863.852118975958
90.0,538.8550954347971,35618.015122531935,19656.36398223563,3417.5586291083832,9874.36659778298
91.0,536.5290526333894,35514.8848448191,19618.519504555417,3436.893376380541,9945.747314375312
92.0,539.1661799256825,35404.254567106254,20031.553375017054,3170.992954658269,10003.626060968882
93.0,536.8311887858337,35299.92428939342,20196.53254985543,3068.534149166887,10060.743125092955
94.0,534.4897208417322,35199.41916592447,20226.845999216086,3115.2528986006755,10061.575097517403
95.0,537.1576438018542,35096.52807220301,20332.26136544216,2975.5955264708305,10199.059127342165
96.0,534.8503045775265,35382.45240287043,20492.265626603723,2686.6773298207027,10193.392308856588
97.0,532.648439908055,35799.10679427854,19957.29714531686,3268.068296840776,10315.909405080669
98.0,530.5210321700679,35705.55821093749,19845.939381681706,3258.531139268478,10457.185044834234
99.0,535.1907665669329,35786.26066563738,19675.492156570297,3188.3464226770184,10566.150286640099
100.0,535.5411162335514,35808.62591608553,19498.07854956187,3182.536857208594,10664.35022622782
101.0,540.5703068891839,35703.43087983486,19439.043029471595,3132.4672284366548,10798.980519839755
102.0,538.5614701077395,35712.24642955005,19214.19075106802,3108.9451397419457,10952.277480118355
103.0,539.7843561394465,35610.99598260458,19094.07444159209,3240.756919351013,10977.338518725119
104.0,537.8306960503922,35513.863488882154,18973.958132116153,3321.754106289716,11047.034595233052
105.0,535.9643488121958,36884.60077156018,19121.16486061272,3234.8391663818975,11079.434697380431
106.0,545.6311393531342,36760.27531933201,19002.818470813865,3489.89579943727,11003.777256739457
107.0,553.5235486199548,36635.45843389402,19002.574337167724,3401.5842196019307,11136.14635878354
108.0,551.2279833242121,36527.526748818666,18946.82773528042,3526.39962051695,11129.360678543468
109.0,548.8514729126671,36419.5950637433,18893.621902180304,3484.3256955219904,11260.687777875522
110.0,547.7477028580757,36308.90885032827,19031.40105865697,3348.6678729423993,11342.750056830835
111.0,551.6869505209685,36193.46559970394,19103.212279324005,3182.0510823948416,11496.047017109437
112.0,549.0654437593321,36090.28199377089,19061.09351910714,3119.8004161613662,11637.926040592158
113.0,546.4270959168712,36582.12344556005,18895.93902692912,2890.3457614864456,11704.930848307675
114.0,543.8412129694776,36613.63098000792,18811.537431946796,2770.3064335573945,11845.443056424863
115.0,541.3602354774396,36648.919219213756,18593.497961818808,2877.7068874505685,11886.882088835544
116.0,539.8614906937398,36550.21749183122,18475.16180629475,2872.1983897983255,12024.807325036018
117.0,537.7174829306244,36586.249097782034,18991.97845731418,2347.848993071126,12104.998106103292
118.0,535.8176313597762,36834.68785402653,18699.10882814248,2536.4983668891714,12018.75398285396
119.0,534.2098563244462,36737.38612664401,18572.93382959176,2506.4607277036066,12172.050943132559
120.0,535.7034324861306,36634.05385471145,18627.443309899372,2424.5111886513405,12250.47881278662
121.0,534.2521369209929,36535.787240200916,18595.743918803677,2407.017548111173,12333.367535222484
122.0,532.926980463036,36443.30785452521,18654.979639808993,2978.9591591021767,12385.481054196209
123.0,538.641878824332,36336.748359210986,18534.97106139184,3157.6469239435573,12404.744540060321
124.0,549.8604612836741,36796.913848083655,18419.55388409797,2825.8868836672827,12474.408688176954
125.0,548.380044181733,36699.547823480105,18289.24847247616,2846.96320193941,12597.622623780795
126.0,548.3425860934814,36739.32801731073,18179.2174804842,2955.906514282784,12580.859437677447
127.0,547.4679604211136,36639.79664028429,18170.144016145456,2908.8848340756313,12669.164859658093
128.0,546.8738070462341,36539.19541058279,18228.009287156157,2845.4127815907686,12723.375715050424
129.0,546.3875671655109,36437.72585002726,18167.692428669834,2875.373872347019,12792.939772207385
130.0,544.3152250709012,36342.898298535314,18036.888412187003,2930.0857825773032,12893.108747952478
131.0,542.3007574152186,36248.07074704338,17906.084395704176,2958.6112172925455,13011.152982876118
132.0,540.2721144993584,36570.2315054194,17462.539146820374,3036.9279574672664,13097.057519913622
133.0,548.263259646239,36455.162932199135,17322.548356635765,3078.515053474476,13208.593596673876
134.0,546.0234784110726,36357.09681723066,17182.55756645116,3216.638769261356,13256.43998160041
135.0,548.2285934915609,36252.493562738426,17042.566776266554,3368.3531636810694,13295.225914105058
136.0,545.9863686667487,36155.38167822868,16906.70881916403,3450.081142185313,13381.717405777265
137.0,545.6032602920166,36292.82385517581,16593.57056107429,3432.0591667720505,13535.014366055864
138.0,543.5585565170917,36195.14209130805,16868.26562277405,3159.519890568073,13583.516470609879
139.0,543.6805828273123,36093.612890490615,16862.105626351673,3053.484212586506,13706.263498082855
140.0,543.3569842947991,35992.54938619704,16850.144551739413,3068.072418783095,13754.645536293603
141.0,551.0755360878294,35875.00211375069,16895.72303636115,2885.7807463584872,13896.78511943315
142.0,549.4236120278324,35773.25300235525,17161.727603754647,2557.147915185834,13990.603772926183
143.0,547.814439516012,35671.50389095983,17154.259979353414,2569.716996740512,14039.788648696223
144.0,546.2541786901814,35569.75477956439,17403.36824925225,2173.047510150547,14193.085608974825
145.0,544.7587030801574,35469.339001502296,17583.25104910135,2087.984793910535,14182.632721457243
146.0,543.3414790712083,35368.923223440186,17711.753678808684,2046.8936651669094,14175.355489797996
147.0,541.9749755386655,35405.22476430557,17554.453751117704,2004.8282533269594,14292.316513905267
148.0,540.6223751181551,35308.1929718376,17495.394445378217,1937.330062718934,14425.666484744035
149.0,539.2881861409234,35549.559738783435,17117.47665160577,2161.1978002260194,14408.596678375001
150.0,538.8098534118138,35450.86127964881,16985.902434131585,2239.145364785389,14489.233377315872
151.0,538.7262749733693,35351.35836413735,16854.3282166574,2353.289704128834,14545.738893067362
152.0,538.8871108616717,35250.99036957776,16722.753999183216,2391.473191478099,14656.396852202626
153.0,549.2323938277714,35129.7250777655,16591.179781709026,2366.561557172064,14809.693812481228
154.0,547.9142167257636,35027.93050553421,16459.605564234844,2869.2899679695092,14611.80323399441
155.0,548.0285348816745,34923.050106185605,16328.618846760655,2932.2700248886877,14707.54152362607
156.0,546.484628415842,34820.761801615554,16197.63212928647,2995.6497083846552,14803.58935354776
157.0,544.8255751751358,34718.4734970455,16125.395411812284,2985.1480167295895,14910.556427196403
158.0,543.0616065007267,34616.185192475445,15996.242476592655,3049.595196313511,15006.257586685719
159.0,541.2418642400239,34513.89688790539,15874.296853625456,3152.39771865235,15076.388517671758
160.0,539.3693460230575,34411.608583335335,15939.380195500627,2948.6488170450493,15229.685477950357
161.0,539.538555752081,34305.11382808245,16541.816537163224,2206.173331628279,15382.982438228959
162.0,537.6010348436927,34202.15249140314,16790.43370855546,1968.6503076119022,15431.223035281226
163.0,535.6683429011591,34099.191154723834,16673.976941279834,2016.3303603155323,15530.430127163952
164.0,536.2633958913304,33991.165419385965,16744.282583139993,1829.0138715100015,15663.856030050358
165.0,529.4492406606195,33887.39377892129,16630.776594511226,1891.8192013443738,15755.239827702086
166.0,527.7189768062773,33787.65875397161,16905.092718420095,1489.2755783620344,15898.9830889623
167.0,526.0718112673037,33689.34469745307,16791.586729791332,2001.8017391675726,15689.804961119877
168.0,524.4595778419238,33994.69219243464,16375.922077537483,2073.344279765449,15775.611579155038
169.0,522.8927620825231,34038.474979029816,16147.53778801695,2294.972817449976,15763.145418800354
170.0,521.4319622599639,33942.10551697012,16084.988463481655,2359.8267223139337,15816.875805164584
171.0,520.0698353860895,33845.73605491043,15964.310689955922,2601.0637164946584,15791.717465317637
172.0,523.1461717311138,33933.522285172956,16062.724304100586,2337.7465261404946,15860.335275075975
173.0,524.0788624162972,33830.23564722431,16001.232067282164,2245.8016649235533,16013.632235354577
174.0,522.7193678927789,35298.53095940769,15942.14468985031,2191.679941842853,16140.23503872963
175.0,521.3068406967955,35203.31101714242,15889.28940705148,2843.9872270862825,16253.781037217348
176.0,519.833116575704,35108.091074877164,15769.532042744084,2892.3827408725056,16345.255758620275
177.0,518.3099574028633,35012.871132611894,16038.77202513423,2633.1298596598963,16435.089119556018
178.0,516.7193197453761,34917.65119034663,15919.014660826833,3486.4228006413323,16526.87497846041
179.0,516.6900560839132,34819.53595875038,15799.257296519438,3580.426069441375,16604.114293724484
180.0,514.9382247608851,34728.01305834223,15680.68679196431,3630.804790968344,16710.745434903376
181.0,513.1190756862867,34636.49015793408,15562.11628740918,3700.775999540071,16805.608348210142
182.0,512.5862341700878,34958.61802175397,15146.202943073686,3613.0324428709105,16928.02586854546
183.0,510.64430135863506,34866.714633221156,15015.41159207772,3790.9838179528606,16951.97981305253
184.0,508.69478373421225,34774.81124468834,14884.620241081755,4005.522327018223,16951.735404744984
185.0,506.825380750078,34682.90785615552,14754.416390085791,4062.8047592225557,17056.517461654457
186.0,506.85692408938695,34587.88483322484,14626.62293756648,4077.3432134200043,17190.507437833094
187.0,512.5442136760533,34482.48426536686,14558.188789611537,4032.7995545626527,17324.89633381164
188.0,516.7007752727334,34377.62874737207,14672.670022291448,3883.694041274942,17406.999900966708
189.0,514.9591421555715,34281.48680297905,14614.090964920626,3833.613265147209,17542.54575157385
190.0,516.4467746924646,34179.608494883694,14557.776892046335,3755.762027625581,17695.84271185245
191.0,519.7741637913058,34074.393860244745,15144.470386249146,3230.195616644565,17719.090655357966
192.0,517.7822621811295,33977.900168071756,15098.175974391674,3265.7308334463814,17792.05271496538
193.0,515.7630371441924,33981.406475898766,14888.342693946925,4381.592254814813,17924.453798684484
194.0,513.7963213439583,33987.99777782261,15479.05938629402,3690.7558949692675,17881.284267782663
195.0,511.9481299399138,33891.50408564961,15434.016159473987,3825.4498364106094,17911.27310916659
196.0,510.1619375265052,33795.01039347662,15582.921640372988,4024.369792515724,18046.27618293961
197.0,511.37739240676956,33693.32797814639,15545.082457391094,4137.149044521971,18066.206844068212
198.0,509.67101233073595,33596.004090268245,16046.87741090804,3561.0748009523854,18185.923876890603
199.0,510.72671388241906,33494.91089171057,17772.72971897836,3157.719984010775,18325.666687750174
200.0,509.996961556517,33398.256353275356,17779.68752388845,3016.7717998507696,18469.63031469544
201.0,509.326202937966,33403.02690510871,17721.723253759556,2967.062679951501,18544.01939025524
202.0,507.71681704728405,33511.64699119616,17469.794476366387,4042.732206348204,18654.805108984867
203.0,510.98525255405605,33583.367043264145,17476.652413538643,3987.241303850953,18625.612742827238
204.0,509.37134314946104,33492.54448659095,17424.92748752389,4062.5683329911362,18689.299536902327
205.0,515.5571477479941,33666.11651925636,17104.620620343598,4092.870515361704,18814.38558442776
206.0,513.8640170543378,33734.78646961075,16870.944564237478,4268.2135540734525,18867.331723493175
207.0,516.5199233563271,33636.085133728644,16856.880634917634,4124.038421445676,19001.945677218086
208.0,515.9314489573455,33537.72396951696,16748.75987246388,4175.975349128963,19117.190666439485
209.0,517.3138882026074,33638.257673419925,16480.529701593903,4210.612882515965,19241.545299919944
210.0,517.0818663487372,33540.62339930949,16367.705725267928,4436.8652777953275,19270.815359425782
211.0,518.5715718305623,33438.61043136596,16254.881748941949,4507.303622705916,19378.117608613004
212.0,519.458775167643,33336.221566633554,16142.057772615972,4632.257001081447,19459.128871735706
213.0,518.5999048843141,33235.84425554272,16032.665110411594,4638.072404014751,19599.909382314567
214.0,518.2889409812086,33133.44902256943,15923.742448207215,4813.142266072934,19656.553275797836
215.0,516.1390412271894,33033.831633616544,16159.949511570083,4263.455101152168,19789.824262572085
216.0,514.5729846102199,32932.94462423981,16102.038970020734,4258.7860534456995,19894.05997616589
217.0,511.917520863123,32834.05308104785,16197.900877464768,3939.495325700371,20028.214609646348
218.0,515.0740161058691,32723.682589812997,16298.616937832525,3598.6771824892926,20171.052851190383
219.0,513.2960767581203,32621.62050497018,16293.689413538303,3500.1737518584423,20280.930095807063
220.0,511.04292370263363,32520.67890449712,16527.02492508594,3159.5734924325966,20314.707591782837
221.0,508.91078369218417,32420.737304024056,16592.515093367667,3015.710434504705,20387.574468504044
222.0,506.80563391766543,32320.795703550997,16696.22637085273,2798.781628670396,20465.072117570373
223.0,508.5374757847442,32313.26445502724,16519.39832420542,2940.0999275770187,20531.549783447914
224.0,506.540357952346,32212.108510866066,16420.220277558106,3221.055173330541,20528.486337896473
225.0,506.95332590059013,32111.818476341192,16368.042230910794,3657.625037868768,20409.719664950095
226.0,505.1510308514876,32015.440732043273,16268.864184263479,3683.9218340749585,20535.280425782075
227.0,503.3362358023849,32471.402787917345,15727.814297478573,3909.788177806362,20561.502519652466
228.0,505.27771119708,32367.525043619426,15615.656265527217,3979.6847111897114,20665.70951869688
229.0,503.4826219096561,32269.947299321506,15503.498233575861,4043.1638833404104,20774.395798873895
230.0,503.6060527089343,32168.61546626403,15391.340201624505,4018.40113583961,20927.692759152495
231.0,504.528704215147,32065.25000418839,15279.18216967315,4247.974629169991,20953.929667804063
232.0,502.9832996728753,31966.24167551675,15168.501257930502,4321.831313773459,21058.254600498814
233.0,503.6007859916377,31863.125504048465,15057.820346187853,4320.83994501196,21200.744681921708
234.0,506.4967415584158,31754.865081298365,15094.851455315946,4100.869425716338,21331.07967422736
235.0,509.63424283347365,31644.49929856202,14984.170543573298,4226.452792699125,21410.26442994057
236.0,508.0576391669409,31541.96653677551,14876.515379532197,4494.592395083864,21418.69275608717
237.0,506.3557203451992,31439.433774989004,14771.5402565268,4473.449945500708,21571.98971636577
238.0,512.1066837827699,31321.828722179052,14969.617915491832,4052.574415410945,21673.117863207764
239.0,510.2367680086975,31216.884393828794,15134.181246936914,3625.437318835868,21803.654008680987
240.0,510.0721827478263,31108.38133347576,15079.212776890246,3537.367409784177,21945.92215840303
241.0,508.08910339124793,31002.86760800506,15084.608565374218,3426.802590010488,22051.95761202731
242.0,507.90232851576496,30896.794845306824,15082.75496315044,3319.8591208607936,22162.83490468607
243.0,508.3703495036965,30788.7679131674,15253.125675621766,3078.600765756763,22197.291109725506
244.0,507.4315188911599,30990.887906394364,15020.621610095088,3028.8389230737207,22264.996960656514
245.0,505.4492779516776,30886.726438973077,14914.108540753385,3178.4419031670805,22327.392307734364
246.0,503.5451759812618,30782.564971551794,14807.595471411682,3420.3803084175393,22346.77123723119
247.0,501.787365723893,30678.403504130503,14701.08240206998,3625.3591090919817,22387.143339218994
248.0,505.5701165537673,30563.205232164124,14594.569332728275,4236.329237566513,22225.310799745348
249.0,513.6840383942392,30437.548000889117,14488.056263386576,4720.103942663453,22127.270739727173
250.0,511.92668595383617,30328.463864720376,14381.543194044873,4860.632930588767,22201.465456146165
251.0,510.2058778933748,30219.379728551634,14276.624605057264,4882.097650795844,22335.28563975761
252.0,508.5136469935331,30110.29559238289,14172.652701407527,4989.720847689694,22427.390814900347
253.0,509.2252275581232,29996.408151791697,14229.390569339692,4727.880415295878,22571.354441845615
254.0,507.55479240753436,29886.555486915364,14221.348935649296,4825.018783243705,19381.263986569516
255.0,505.81469045374087,29776.702822039028,14267.08393096254,4562.716615178597,19532.586726529767
256.0,504.0810570709789,29666.850157162695,14165.717037053715,4542.868411685319,19683.909466490022
257.0,502.37279613520855,29556.99749228636,14265.841178431292,4455.804438465928,19720.61904230538
258.0,500.71185829431516,29454.7378997305,14164.474284522468,4454.379436048036,19863.142290696207
259.0,499.11877323523885,29354.65114417111,14063.476281496623,4550.988253146769,19964.240484379254
260.0,497.6117755382227,30013.871620659178,13355.032492832814,4605.739835401039,20084.68943502704
261.0,496.1769179127236,30131.068564747,13118.718197645021,4634.428496667542,20177.06823791041
262.0,494.80360365917534,30032.351764779953,12997.23732395731,4948.495138331377,20187.1967747302
263.0,494.0911929434716,29932.3849648129,12977.831956440688,4830.066989074344,20310.114301520964
264.0,494.056919750788,29967.96372407947,12891.380752490837,4807.986420436239,20361.28863817979
265.0,493.5026980241506,29867.233546212294,12766.680483161137,4872.168048296072,20478.095836859182
266.0,496.1134723286443,29760.06739489441,12645.12699976566,5047.8100422838625,20548.353438444938
267.0,499.420377687192,29650.15597192343,12529.209575607134,5158.398237871201,20646.789578220665
268.0,506.32337258596925,29531.2473502362,12728.45464376916,4906.778828788099,20676.199193489123
269.0,504.69912943892444,29426.351746734505,13178.312545873621,4019.4610046379285,20797.68804590023
270.0,502.8796459364963,29321.45614323281,13118.488692194134,4031.088393573062,20897.803906590492
271.0,500.90393713237006,29216.560539731112,13180.825294705808,3750.8905215893806,21037.08556107385
272.0,498.7959049319603,29116.10619707025,13628.039338152874,2955.731686661296,21120.96471517479
273.0,496.58901716510616,29015.65185440939,13721.823481958349,2663.6405636802533,21238.430865324684
274.0,494.323664405153,29359.32359583215,13263.455349250671,2687.6322389227093,21365.066296385623
275.0,492.05733386659335,29258.869253171288,13149.951120833925,2995.451947816676,21371.63507558035
276.0,489.83406761060223,29158.414910510426,13351.096791305932,3255.404814805722,21174.977974492795
277.0,488.922827825529,31244.36845427965,13239.16310498648,3590.839340747652,21168.907316009245
278.0,487.749458207518,31145.35156904991,16422.462635960877,3799.1399085605763,21219.261388069837
279.0,485.8135048660911,31022.1945316074,16511.17564372232,3713.300173310782,21284.217256568903
280.0,485.2888978781531,30918.51949237546,16403.57088932164,4139.882187834799,21241.665147643478
281.0,483.6896927462074,30816.916581133606,16295.96613492096,4283.747131069733,21320.663394323266
282.0,486.6135335487023,30706.29340336595,21627.711737202295,4554.211641937971,21346.34642418805
283.0,484.9403767237965,30603.24724947997,21539.103606437784,4622.7361335137475,21459.079516016238
284.0,483.18708816944115,30500.201095593984,21450.495475673273,4824.110485942528,21516.228181763956
285.0,481.3917020635407,30397.154941708002,21440.22067824209,4846.600557915446,21617.11698077516
286.0,479.5703575040949,30294.108787822017,21355.682203376855,5144.471434199046,21633.316863653217
287.0,477.7423932206757,30191.062633936035,21273.653010567636,5280.169132413829,21719.95258251641
288.0,475.92828588395435,30088.01648005005,21600.272780030304,4895.538722300881,21855.275322476667
289.0,474.1487862537454,29984.970326164068,21866.27277583842,4749.389271900897,21913.293524014785
290.0,472.42393853807135,29883.981290733722,22040.564262933054,4499.248743758469,22054.3077999763
291.0,470.77209188721883,29782.992255303376,22210.107715660833,4254.6108001698485,22196.99801900426
292.0,469.2089476086343,29887.715065436845,21864.66471807537,4436.874181135958,22260.069415397178
293.0,467.75759332635056,29786.726030006503,22490.82990096427,3772.53945376147,22384.827725441348
294.0,466.3520191499284,29687.295397833615,22413.22040122587,4074.5976879986365,22395.234267959437
295.0,470.3170767415941,29577.171231997865,22335.61090148747,4320.889550936672,22429.95169994158
296.0,468.9348804900616,29631.869960184893,22211.022738743486,4394.236685502032,22470.10453968233
297.0,471.47605423963785,29522.85575065937,22134.24278750962,4462.983553812532,22580.32567462846
298.0,472.68529105641556,29415.331233431265,22057.462836275754,4490.459449069525,22708.23436945466
299.0,472.5529421222052,29309.560928873307,22676.440335913583,3771.8707025791055,22859.557109414916
300.0,478.5891383380195,29190.797804215326,22602.088375926487,3739.181930430956,23010.87984937517
301.0,476.92429899225016,29084.747477424415,22770.53554061641,3660.408208836661,23080.87730975126
302.0,475.15552523818656,28978.6971506335,22696.183580629317,3718.3324850332015,23196.565986697777
303.0,473.3230503587424,28872.646823842588,22621.831620642217,4391.072743466358,23049.809175179544
304.0,471.4476658041421,28766.596497051672,24710.887392662764,4711.009411947813,23055.21887861278
305.0,469.5543201725136,28660.54617026076,24631.501588096406,4936.892614959581,23101.834083478137
306.0,467.66989968834747,28554.495843469846,25259.093011241483,4673.640566539658,23156.659183364405
307.0,465.82209174866745,28448.445516678934,25179.707206675124,4862.441037066234,23218.29458595673
308.0,464.0380974344978,28342.39518988802,25105.23342667502,4976.604905722672,23312.217807714296
309.0,462.343311515438,28239.432635484867,25039.938235051985,5182.22215346945,23367.50715803612
310.0,460.75046433685617,28137.542677705027,25584.835203840863,4828.8690394610485,23488.75949019226
311.0,459.23783420423126,28344.429958701334,25048.002662896935,4325.489441847543,23584.038841283946
312.0,457.7884780167081,28349.79966325282,24978.025994902797,4182.878471261095,23722.57780335353
313.0,456.3849313237092,28249.91336207633,24906.498862196186,4228.137272559273,23841.73531057486
314.0,454.9813846307103,28150.027060899847,24834.971729489578,4306.714756278962,20967.36721633729
315.0,453.57783793771137,28250.506420058708,24932.019451178287,3883.945744356028,21098.73088140734
316.0,452.1805412447126,28150.620118882223,24852.64466344188,4018.0722993447657,21183.521903531328
317.0,450.7832445517136,28050.73381770574,24773.269875705468,4232.59196897749,21238.567928882294
318.0,450.0711595378741,27949.597516529255,24694.678421302393,4423.292354772875,21303.278108820214
319.0,448.7515146258719,27854.628463923545,24616.08696689932,4506.140244140645,21408.913030894444
320.0,453.46053543593115,27747.617075485963,24616.61217916291,4599.921030827547,21481.597760019442
321.0,453.83304944401596,28158.95808585718,23856.50424865651,4706.515956161789,21579.469206345853
322.0,455.82973213365534,28054.612069383536,23841.25341269437,4750.265781414336,21672.88189572135
323.0,454.2822657772362,27956.055422685768,23747.669243398897,4990.218529061414,21722.05702022669
324.0,454.29860810723136,27854.247416591472,24080.735941750445,4909.445503305997,21733.00101230255
325.0,452.6032253855686,27755.170552390256,23989.681623234068,4976.001244702072,21847.524953443863
326.0,454.52380004694504,27648.759248880982,23905.022582843612,5358.653488130382,21844.324206142974
327.0,454.3464228914473,27545.079729723606,24073.348620362656,5288.239548254835,21916.153873364972
328.0,460.1231455396657,27428.64228968221,24636.92579059076,4848.190630527779,21980.8809352974
329.0,457.9319688239383,27325.341107660337,24566.146850349225,4826.550582733722,22126.757979218335
330.0,457.51867294007894,27218.20766785153,25367.925705096357,4032.5993443900184,22235.81878504574
331.0,455.16596388570997,27114.293324583745,25816.034969499455,3775.4916767628656,22272.91151038545
332.0,454.39321317495796,27007.142469911156,25922.5946542464,3603.3675885734287,22405.589411099245
333.0,459.05563536795006,29080.97071641899,25857.355101920173,3735.6181070065354,22490.15160460821
334.0,456.68493429073493,28977.886574193268,26175.897547980047,3392.5985761299344,22610.96239994107
335.0,454.426004921933,28880.54301451327,26112.300439582137,3993.4568953223093,22520.07244499823
336.0,452.3276876240028,28783.199454833273,26212.94772401595,4153.473620669435,22533.482863476325
337.0,450.3943352587987,29259.91414972581,25575.29236104551,4302.7581527089005,22613.505644364734
338.0,459.92316889723645,29162.570590045816,25494.83229141953,4432.237823627969,22701.74038419908
339.0,458.39798531332667,29074.138363839782,25414.372221793554,4870.217064382707,22674.61737477364
340.0,462.66664530958866,28973.80268160542,25333.912152167577,5056.847472877602,22741.98081611588
341.0,461.1999056891217,29775.7997333876,24362.318735145112,5123.538842800237,22854.898917177972
342.0,459.76319473618094,29829.5781468519,24112.76691436076,5166.528679653478,22977.712094074974
343.0,458.3072527675512,29740.4418512376,24001.931683075825,5302.206939177877,23065.837112470283
344.0,462.04016473842705,29639.249814986488,23891.096451790894,5555.797417341261,23111.014063002942
345.0,460.58157729552653,29548.184600870296,23780.26122050596,5562.098119860054,23249.891106923886
346.0,467.328127843901,29437.69693021244,23671.935864804887,5816.72694547357,23268.866738148507
347.0,470.4554736085697,29332.238377758153,23570.312821864467,5998.412805394088,23318.101029913272
348.0,469.4110575918261,29234.226539964937,23722.865106246227,5861.072821892035,23432.72790899456
349.0,474.17370481291186,29121.992653024492,24302.01751829206,5344.556852908092,23578.604952915503
350.0,471.9107562367953,29023.13999188008,24533.38942885805,5086.178054754442,23724.481996836446
351.0,476.950817036503,28906.700398913854,25187.136205585688,4514.232206123572,23870.359040757387
352.0,474.245177541902,28805.03382867795,25474.847254460452,4268.671695365291,23989.451846857264
353.0,473.1609623871673,28699.262537153958,25946.246337048928,4023.242280627219,24038.84525359979
354.0,470.35829029400617,28596.93921151196,26088.28663243023,4150.001898479756,24024.67232547245
355.0,467.67044554647856,28494.61588586996,26009.392917461457,4301.822212496698,24081.481111328198
356.0,465.1766672373191,28392.292560227965,25930.499202492683,4575.253359392246,24079.26902768279
357.0,462.95019703823084,28289.969234585966,25941.37282422422,4767.248786239277,24089.27505708838
358.0,460.9388675911154,28187.645908943967,25873.913112622424,5102.846066048572,24056.697407194744
359.0,459.05978523892213,28085.322583301968,26998.64862457225,4366.891318405443,24115.049148441685
360.0,457.31858604714546,27982.999257659972,26935.965979119024,4377.885683641256,24241.70147417179
361.0,455.67436034845656,27880.675932017977,27265.589837101383,4267.935217360287,24283.445554751936
362.0,454.14560391063424,27785.493279221948,27404.849640271765,4330.906285532756,24309.332976734113
363.0,452.6935706203457,27690.31062642592,27431.10394783918,4522.050783521651,24313.88685883973
364.0,451.2619224155543,28316.63502202208,26744.789452669185,4559.859017880621,24395.470371123738
365.0,449.83741706790573,28228.892133021312,26826.587752733198,4546.543564271501,24474.474440902006
366.0,448.44583369088707,28885.12562354664,26083.321998476462,4661.497769416481,24519.548236683
367.0,447.78094749388123,28795.716067879202,26063.198234938794,4589.007194261466,24657.865098247144
368.0,449.81120484329944,28702.30974452481,25962.609278073727,4664.471428380287,24752.346920342745
369.0,449.8663554353209,28612.460118744206,25862.803654541996,4690.462147756801,24872.412675200547
370.0,460.4802992045999,28726.191506777228,25545.631380846557,4730.632113477351,24985.54541887237
371.0,466.88237134363254,28616.677655225598,25531.075131309724,4816.9559866459085,25046.704923688078
372.0,476.3284346386606,28496.89475528328,26555.198884133464,3989.530892335907,25176.920769005486
373.0,474.82130791069847,28398.241232170374,26718.375986713723,3866.1354255824826,25274.92632613751
374.0,475.75469247877317,28303.005439110824,26975.525115255423,3729.6086001220006,25345.508307021417
375.0,473.8305688173788,28212.961220851437,27232.62010716605,3574.4200923789713,25426.45419820669
376.0,472.5004803577891,29080.86932058369,26276.945181956944,3890.1020264263934,25367.350435521643
377.0,470.2922825181138,28990.526653298522,26379.026559802554,4053.269249218083,25337.682005190876
378.0,468.06305203229823,28900.18398601335,26622.88485138628,3907.9298605074378,25410.572964130362
379.0,471.98629405920366,28797.297036981654,26515.07963365644,4052.276975467924,25471.2311083712
380.0,475.8947399378289,28691.784407946623,26410.526910522618,4508.6944974388425,25376.086418033028
381.0,475.8565268102718,28799.382499406554,26100.216910105355,4949.629433979271,25291.175098678217
382.0,473.2585045752874,27498.475888987665,26318.8353991874,4733.560062497865,25413.815249978838
383.0,470.6400507279468,27399.82659253996,26297.396864841823,5147.174494017749,25310.484467087823
384.0,477.3547417945014,27268.088154569665,26507.902373586247,5094.970946891741,25354.57511150766
385.0,474.582751537138,27170.247233624923,26484.480257121464,5012.649660251788,25500.452155428597
386.0,472.0123832841106,27072.40631268018,26548.719489374416,5118.173245197111,25521.27144131475
387.0,469.6184486922883,27584.82920639316,26042.760959802083,5177.984117099544,25626.07923163168
388.0,476.98757940651853,27455.899993663996,26349.975326030188,4993.182772398669,25698.510183917453
389.0,474.89916758233346,27355.39406540917,26423.810395429544,4855.737319460418,25836.703309019802
390.0,474.6981693226514,27523.791369057122,26700.259668908322,4431.0123466486975,25973.559779903517
391.0,479.5330589020153,27399.12956617672,27505.240461413283,3803.514171257022,26080.470981730094
392.0,478.5520212985495,27291.263191788996,27504.880904278085,3724.5338460402886,26212.186535330286
393.0,479.60823683096584,27175.60624240903,27945.359406573578,3418.0491221843877,26293.395007530897
394.0,479.9891323882051,27060.626190266208,28122.903313492676,3194.7014469940304,26431.88556640841
395.0,478.11895638788064,26952.169060860717,28124.218653169104,3311.3424272927055,26465.89314961531
396.0,479.03875222234467,26833.82063459277,28032.207041633617,3802.194974995352,26348.83530449293
397.0,477.121460727054,26723.780897689285,27940.195430098134,3894.6138210284507,26431.7087128895
398.0,475.32033827513567,26613.741160785794,27848.183818562648,4156.667853263491,26431.611613912057
399.0,473.6631758230964,26503.70142388231,27756.17220702716,4271.7232223758865,26506.04838941602
400.0,472.06453521882605,26393.66168697882,27664.160595491678,4613.54058353261,26467.216860640903
401.0,470.531519319083,26283.621950075336,27574.621997319646,4794.017718721024,26509.639612554027
402.0,469.0807318217905,26173.582213171845,27485.083399147617,4790.698998140758,26644.247482165687
403.0,467.7115529190172,26063.54247626836,27645.224427988385,4696.507029357258,26731.70775567908
404.0,466.3985506385482,25953.50273936487,27563.211188106045,4726.885558023139,26848.865818179704
405.0,465.0855483580791,25843.463002461387,27719.99504926641,4553.203072050597,26979.364769125674
406.0,463.7725460776101,25733.423265557896,28156.32879312088,4210.938453769203,27090.241813046614
407.0,462.4595437971411,25623.383528654413,28175.609163124187,4207.554161201267,27186.4907426854
408.0,461.146541516672,25513.34379175092,28369.504283224902,4174.0946316271,27234.48747047491
409.0,459.833539236203,25407.356167464437,28382.081267274632,4161.766038128577,27340.559136494383
410.0,458.520536955734,25301.368543177945,28730.543532455078,4028.5210917329514,27381.592557478445
411.0,457.2075346752649,25600.59218059133,28479.423446618286,4231.599385806477,27377.402982637774
412.0,455.9016752519388,25497.839898276063,28495.37047136443,4233.92577351401,27474.270823599505
413.0,454.5958158286126,25395.087615960794,28418.951042001503,4465.104636590016,27492.70622116317
414.0,454.01244996868945,25613.369530767424,28323.964329779374,4728.443552774053,27421.607141027656
415.0,452.74289678493955,25510.217248452158,28344.140978804913,4906.1591614710205,27428.716242543145
416.0,452.2761778090742,25404.19221894582,33280.90093925531,4977.586620755779,27527.956580153026
417.0,454.9668943808694,25286.527839654376,33181.89962038126,5147.746373947074,27578.238420071968
418.0,454.53154523508755,25177.38168324782,33086.564910587156,5297.485065763747,27639.356816600455
419.0,454.2040303538352,25067.050244791084,32993.69906765999,5359.719554232998,27744.46893428726
420.0,453.4570901864834,24963.21896528097,33280.24181875438,5282.8897924102785,27827.743385986516
421.0,451.79645155905035,24863.847806467697,33454.8129776796,5187.61411138423,27949.45848144539
422.0,450.0663993801749,25366.61933057055,34062.59307927647,4589.828656056256,28065.79193882248
423.0,448.28351889584695,25479.466014684906,34559.07955528372,4247.405454869888,28175.037956722368
424.0,446.46909324708315,25384.473764015187,35492.26191532689,3926.2966541127385,28213.97891189803
425.0,444.6468120954215,25731.47122564535,35936.85813430672,3565.031683980752,28283.411118303004
426.0,442.8418220345959,25640.57787292017,36228.67678443053,3454.993392057897,28371.030116257498
427.0,441.16828282623845,25959.574314648708,35848.31594830582,3473.3662148101785,28461.14357937361
428.0,439.670463363081,25868.68096192353,36171.71622799818,3531.019130978565,28456.417795207555
429.0,447.13634309836675,25748.74497542117,36072.98001251694,3948.7483101408116,28376.406039714944
430.0,456.5244449051841,25618.990637828603,36101.77768722008,4115.263776960169,28391.29076170747
431.0,459.68534848367995,25704.56079641067,35804.216471738844,4178.517669995091,28489.621382135152
432.0,461.24402084221634,25796.237701192375,35497.03097474504,4383.34378302496,28518.1890400769
433.0,459.35635906543615,25693.854334026248,35507.57159524588,4357.329506469333,28632.913365960627
434.0,458.540826289719,25587.06043599778,35401.91160770869,4532.768156435603,28676.47565872762
435.0,459.05119567573627,25474.213884010605,35543.7970270163,4406.030617831628,28811.205387725517
436.0,456.6504110586297,25369.56363192521,35570.833286459354,4423.260305361216,28903.13941722499
437.0,454.18772723820814,25264.913379839818,35602.75976915333,4655.353806712905,28886.15445030947
438.0,453.29661261798185,25155.074504204047,35640.73249126659,4731.452444023652,28946.352738574835
439.0,451.02299468849685,25049.594072350592,35537.82955451256,4731.576754003225,29079.97785913226
440.0,453.82971433495743,24926.72237458969,35434.92661775852,4929.838479857068,29115.954646800692
441.0,451.83095215464897,24818.459340191046,35335.567375147686,5037.176338244753,29197.79333754091
442.0,456.2857102150491,24710.1963057924,35236.20813253685,5301.809229468008,29201.63287664773
443.0,454.72915541103816,24601.933271393755,35502.12144908673,5185.525747665227,29307.512986697973
444.0,453.21433310423566,24493.67023699511,35417.44636369019,5293.99492522226,29388.55355218007
445.0,451.6871511175593,24385.407202596463,36424.58054907526,4765.009229814841,29516.95679506592
446.0,450.1336869184444,24277.144168197818,36728.21907200756,4551.431338444243,29662.83383898686
447.0,450.4275503334953,24166.986696581618,36821.737797824244,4877.320400143721,29687.324688407247
448.0,449.50231855347647,24060.283603431737,37638.86285492893,4566.835992548982,29795.988068746767
449.0,448.62397217753676,24525.07522207999,38866.37263456365,4122.713086936327,29743.570221159946
450.0,446.9206760849967,24424.43639768447,38927.70727983579,4040.9340338895004,29889.44726508089
451.0,447.21008610284474,24740.094487484886,38442.84096288694,4432.031019930353,29773.212633510077
452.0,446.6941477245569,24648.3606188049,38359.370798239135,4546.3765675404675,29832.46812307596
453.0,446.2362721107208,25630.43518847002,37201.10816427888,4630.573258327266,29911.669303097042
454.0,447.6988230508317,25942.845058249208,36672.58013683216,5015.1943369151095,29805.49913526945
455.0,447.3363470558561,25852.84899643252,36545.391797024175,5174.562406200579,29841.11068512776
456.0,449.8373103259403,25750.79476379142,36420.74556761446,5540.984355115347,29747.598276350513
457.0,454.5089317606628,26195.398410376256,35748.19410315768,5685.278732761668,29793.616633080128
458.0,460.3405005249718,26073.100546756017,35871.4529568762,5613.669376212673,29911.022063725206
459.0,465.2992633524859,25949.05545477463,36752.65393489648,5306.238690474689,29986.795761238332
460.0,464.0326339659616,25845.07703986121,36625.35424774166,5285.236445298938,30132.67280515928
461.0,466.4894268448371,25725.11562512777,36873.506313049955,5168.542049703616,30247.593165475235
462.0,465.4286181130171,25615.52231495286,36765.90981762981,5147.121399538376,30393.470209396175
463.0,466.3863629037421,25496.410383496048,37681.17192637167,4805.766492760359,30484.52763239607
464.0,464.9665246013462,25384.054609623352,38529.13281576095,4445.21366224388,30602.57676792619
465.0,465.4147919799077,25269.509920159144,38696.4066062605,4352.411167185731,30721.664048788345
466.0,462.74299629108987,25165.432036171034,38874.3981276163,4296.648856005812,30815.66141679222
467.0,460.1676920734126,25698.615116509038,38419.681662557756,4237.745915388878,30911.424868940645
468.0,457.70414887084917,25594.53723252093,33562.74701133459,4454.154017008192,30976.28816678331
469.0,460.3772731761619,25470.45934853282,33470.50879691222,4666.083830266727,30946.0758558992
470.0,458.2014856587575,25363.18146454471,33378.27058248984,4834.13876708053,30949.45353938054
471.0,461.7440044459319,25233.619724111857,33462.0613849736,4946.734481967121,30930.429052036226
472.0,462.01829558686217,25114.151352407527,33371.46228608978,5018.3712469476595,31007.92239276697
473.0,465.3104802488588,24981.598856883895,33450.61117908352,5104.113716871332,31013.836862509987
474.0,466.4227175842699,24854.573121558904,33366.666916545975,5242.138877863565,31041.554751063002
475.0,467.3655809587395,24726.332524511152,33876.05414016707,4993.095319357202,31140.707753426814
476.0,465.592960762301,24607.261917510623,33885.83546536366,4967.489592049884,31258.48727854569
477.0,463.8571833659071,24488.19131051009,34861.2400339112,4421.121328215642,31404.36432246663
478.0,462.1625391726529,24369.120703509558,35039.71669449771,4355.732438378214,31486.623597044694
479.0,460.4898661960152,24256.14988059088,34970.10986811875,4328.91257561265,31632.500640965638
480.0,458.8612838346179,24143.179057672205,35152.22633998165,4452.215510103839,31575.42073425043
481.0,457.2977040225628,24648.7636627894,34682.522451320125,4510.461227631638,31659.128761374
482.0,455.817894536416,24544.369859721337,35352.71019117681,4324.907838355984,31647.6877596186
483.0,454.4285108071324,25302.54048642549,34705.91184077081,4453.275859333821,28169.553912065217
484.0,453.1220622839238,25203.0091280681,34614.11814986503,4623.13858123128,28181.740148794026
485.0,451.85860772505634,25600.363054460504,34201.12124977756,4788.446474605064,28197.797397296607
486.0,453.79843321562095,25498.754125982727,34102.76504284316,5003.054739679182,28181.16390484559
487.0,453.39014511580535,26468.565637398526,33617.89285449013,4945.910971764191,28238.431185914927
488.0,454.588613041878,26367.631412519157,33499.48172076063,4949.905601120425,28361.527058121206
489.0,454.93330878490724,26268.490963233307,33459.40392036447,4903.678356617504,28492.68965929434
490.0,463.43876177873494,26135.438545679146,33343.35426281029,4957.572997585114,28583.004507258767
491.0,462.13788257032274,26035.221557422585,33228.12322711523,5040.923925570031,28654.058646940575
492.0,462.4455695469168,25928.008712494917,33357.539899531155,4917.1733855975435,28784.754826645585
493.0,469.70851658798875,25790.815712664487,33332.67114032869,4910.65561815729,28887.786410621644
494.0,469.118044286202,25678.252747146405,34075.94925320313,4507.553120968304,28999.472911294433
495.0,466.91818282284396,25570.30102233773,33974.353414395446,4483.26135992457,29140.186134829917
496.0,466.52700214390853,25454.11131569282,33873.6104752148,4554.846694183471,29216.981294830315
497.0,464.5397098679311,25346.183879855547,34287.266487713074,4516.270985254719,29197.016172084528
498.0,461.7546313054834,25240.53232404968,34272.70183216636,4448.498122450983,29337.729395620012
499.0,458.90324242740706,25540.055473740802,33993.163698673685,4524.67506718765,29381.519414680355
500.0,456.1099450594371,25437.508660471503,33897.16665702225,4577.281179495409,29470.949718700886
501.0,453.4802176091452,25334.961847202205,33962.09892150258,4557.431286207091,29555.384513390072
502.0,453.48962759220416,25533.044876812826,34679.1007401383,4125.4729403821,29629.247007570702
503.0,456.99755505413304,25405.649547627327,34663.7878574035,4065.3803983716393,29763.704845444285
504.0,458.55873866048233,25282.97885573993,34571.39525559965,4290.311754610991,29736.88495634732
505.0,456.5326074518517,25180.43204247063,34640.066330821115,4326.907970993709,29783.181063686658
506.0,458.889146520822,25060.189512142013,35347.2901384432,4047.922999611466,29826.939983805718
507.0,458.37953251626476,25718.218492411943,34746.24778378668,4210.292331645652,29842.940319976216
508.0,457.20287476011544,25610.903763567127,34641.57371782233,4271.390268394135,29927.058483939014
509.0,455.04780836351273,25789.850642569018,34622.208165101285,4580.430068772648,29756.312040341363
510.0,462.6561718636699,25646.243831884123,34511.98944112501,4649.828797753981,29836.668837027613
511.0,460.45890994475906,25535.75168325894,34401.77071714874,4898.315463499564,29798.957623182905
512.0,463.0208269841514,25406.068608899004,34302.59344545923,5040.862520701807,29831.998214681444
513.0,466.15395952172594,25270.78755674201,34204.30636742077,5220.492726630304,29840.31670702914
514.0,464.4451571049716,25151.04744699817,35214.28978178088,4668.268168591439,29968.489965796303
515.0,466.0072286219325,25017.54863668757,35215.01960728571,4599.375227338709,30109.20318933179
516.0,463.53222673483106,24897.51400201377,35542.097631214696,4369.934353545472,30249.91641286727
517.0,461.07843582807504,24777.479367339973,36045.79756194485,4167.305874870471,30313.52839492511
518.0,458.7034218803872,24657.444732666176,36246.389152000665,4172.749635782223,30338.515008463626
519.0,456.4633664852573,24537.410097992375,36357.04619530931,4146.658086064974,30414.64913442231
520.0,454.41058160748315,24417.375463318574,36275.62248695469,4326.918119344567,30416.802831518078
521.0,452.5908247656693,24297.340828644778,36410.33309825303,4279.605446383268,30500.223186647097
522.0,450.99372627686114,24177.30619397098,36328.90938989841,4302.584540304974,30608.611428062926
523.0,449.5006554001188,24068.041434216924,36247.48568154379,4518.60116386027,30589.695275901075
524.0,448.0444417317177,23961.19073564642,36166.061973189164,4593.1905607393255,30666.13881946532
525.0,446.5882280633166,24933.810049892643,35366.64660351813,4781.38375840951,30668.122758529335
526.0,445.1320143949154,25070.84799051883,35109.729383655824,4923.243754754952,30701.34818787122
527.0,443.6820507265144,25214.73189700247,34844.329246466084,5167.588147887305,30714.43514202155
528.0,442.248899890371,25110.363719274086,35393.05947342183,4915.642138808123,30819.879426085925
529.0,441.4675490481799,25003.4955415457,35376.79354829669,4878.426093316628,30946.723184235132
530.0,441.8593596724854,24900.054011922683,35283.81409483257,4948.221431528396,31017.446629856677
531.0,443.2784078491949,24791.54159635734,36143.375467940175,4539.1088342526955,31145.148646063877
532.0,453.64437715243804,25450.460783316496,35935.1429355852,4399.372033849994,31237.99235193515
533.0,455.18203238295473,25332.064405133937,36435.78549925078,4117.466495231923,31378.705575470634
534.0,453.8131279343763,25223.251211621657,36431.40322855101,4371.808705674065,31408.044945712238
535.0,459.4510456677998,25085.68882573212,36338.32519177605,4523.937102131614,31392.781131492746
536.0,459.50202592819255,24965.531707744653,37024.51610416027,4288.778916836482,31463.930400303812
537.0,457.7663729094697,24851.039594860835,37026.99765356906,4347.562060611908,31499.297709542385
538.0,460.4766584457743,24718.356231314996,36933.9196167941,4539.039572671144,31448.544924953876
539.0,459.62607914345256,24596.659411177567,36840.841580019136,4594.099309482483,31520.151177706328
540.0,457.6154513756308,24478.569641044196,36752.68604407638,4611.6408808935885,31625.18562139791
541.0,457.5051618104326,24352.52666667405,36664.530508133605,4712.8107933243855,31656.019577316987
542.0,455.35936108344015,24233.1643838628,37068.62505541002,4516.091224153354,31788.861742515797
543.0,454.09921400683527,24124.77502403564,36982.063230570566,4629.898551127873,31915.993430440787
544.0,451.9136362421046,24019.364556288565,36903.24520294173,4739.281690763647,31926.614649970325
545.0,449.7273615845077,25365.876396484382,36015.850080349184,4705.506504032507,32027.722348017272
546.0,447.59578308109934,25260.465928737307,36686.620700291984,4509.147953480126,32087.35331997402
547.0,445.5590921939951,25155.055460990232,36583.011599172154,4532.712480041936,32182.880984074174
548.0,444.9492952280474,25044.644993243153,36846.00911019943,4549.45610529459,32166.01984687772
549.0,444.14989662124935,24934.88071246493,36744.76611727206,4606.380607754539,32229.85844688523
550.0,448.77077423570756,24804.030870742587,36886.45044283961,4728.695602543006,32150.191799175725
551.0,447.42934916676893,24693.40047068808,36798.48298847109,4800.337760034205,32199.530818219388
552.0,462.6145392287632,24516.248805807438,37342.16545905525,4646.802947961374,32264.692272425284
553.0,461.0711303334798,24394.97500338075,37951.993434780896,4434.819536015221,32365.17676721873
554.0,460.69166248106086,24268.535310646992,37870.20898010437,4532.667376272304,32386.34593251153
555.0,458.9237689783439,24146.434965771175,37983.37983345904,4528.102287168196,32446.94682996838
556.0,457.0793733436691,24024.33462089536,38336.550823846286,4494.312790826344,32456.478104198864
557.0,455.2118242342053,23902.23427601954,38842.761068470274,4284.454006729171,32590.31384467885
558.0,453.3511902575907,23780.13393114372,38769.29760305858,4306.113350198506,32685.302175946937
559.0,451.56070353252363,23658.033586267902,38860.84539144517,4268.151094006813,32785.75025248436
560.0,449.83557881844126,23537.933241392086,38873.93040390351,4362.558488633278,32780.129376148376
561.0,448.18619639267416,23417.832896516265,38800.46693849181,4423.76444492649,32836.65291224313
562.0,446.6364665252229,23500.87461935395,38599.00254445255,4481.193891876799,32897.18582109219
563.0,445.206636679576,23383.91634219163,38531.018474959594,4502.818006998422,32994.177033661545
564.0,443.8699446630647,23581.164836379372,38786.80369514428,4454.061755741125,33111.60391605698
565.0,442.62302109909353,23468.87459717645,39126.330918559855,4366.855751117334,33187.01995043243
566.0,441.40405189832114,23358.698666364413,39053.99133350011,4386.78262500658,33280.167635093814
567.0,446.2891225904327,23690.891924591597,38672.981294566096,4433.940967382789,33343.59215288838
568.0,447.8314360812825,23777.055550483536,38722.73337502025,4378.111295663245,33432.01185409604
569.0,448.9914214088735,23651.291468564843,39019.45528463695,4290.968109325704,33519.32304353919
570.0,447.6136575768776,23545.36081592514,38936.365681393654,4309.825266992357,33615.12874228133
571.0,446.18156676174164,23439.43016328544,38853.27607815035,4459.35882308201,33566.99359961038
572.0,444.6796244451212,24486.12151888896,38001.771802744915,4545.272729938676,33589.97652910517
573.0,444.59282299293596,24374.183452571422,34297.08251388014,4672.43793386518,33605.1740691724
574.0,442.93634357671976,24267.29161374327,34205.42961997219,4698.699047166391,33702.92999090981
575.0,441.9424230742304,24157.899774915117,34118.78533792243,4750.114224390172,33775.65810965755
576.0,441.8351644814258,24044.54742565495,34032.795069060194,5090.592177218821,33560.68028275624
577.0,447.21617464110454,23908.16663911441,34448.88779720354,4865.40020142399,33688.76741300284
578.0,446.47398751073115,23791.56122475639,34430.15440097991,4954.260691988193,33693.79764095571
579.0,448.08979184936743,23664.703576214553,34471.378957619534,4882.26221236492,33834.51086449119
580.0,446.3071123939303,23549.170703236046,34456.483143211335,4846.769090870334,33964.208095836664
581.0,444.51760846763835,23445.247070105073,34763.419516513946,4698.701798647224,34064.33879952716
582.0,442.70479538327345,23341.3234369741,35094.752112095004,4500.156079349188,34205.05202306264
583.0,440.8971610700255,24398.323788596754,34569.01760868525,4492.976182706003,34277.255249289956
584.0,439.1286135409494,24305.76314998937,35026.13218020128,4290.286570386862,34360.02895130424
585.0,437.3846812691387,24215.296416833386,35375.893762164866,4132.727661741419,34448.32978458295
586.0,435.72422253939106,25261.129136036412,34955.52314090726,4127.175827873336,34472.981897114674
587.0,435.5532671729954,25374.446819984492,36123.54293165771,3552.4806156242144,34559.58902005246
588.0,438.78979093297767,25264.32817158074,36153.441608009,3497.3913039269587,34671.469904325386
589.0,440.1092550835209,25162.40588312342,36064.231977837146,3602.9193007831745,34676.77297324505
590.0,442.3738320208481,25055.31938425285,36033.77234766529,3629.776629894891,34735.33862343139
591.0,450.0822655373204,25209.1791611984,35801.90548555307,3774.7259026661673,34702.73113681449
592.0,454.3300146714982,25085.10245248393,35708.50529919297,3817.4350475389856,34773.14189702099
593.0,452.6700904746405,24980.266587555663,35615.10511283287,3902.5785577649194,34801.97443492462
594.0,451.9039297090163,24871.029007942823,35521.70492647277,3955.0135834515568,34864.87576596541
595.0,451.1805311069876,24760.074481036812,35428.30474011266,4015.9136268817565,34919.97468447758
596.0,449.70256535342713,24650.438843679054,35336.08767549996,4127.4625101350275,34924.65704822554
597.0,447.31374401546475,24543.515731011226,35246.44033288705,4170.663196139553,34999.109750266616
598.0,444.96192476970816,24436.5926183434,35275.700625068304,4118.605007035925,35116.59446791642
599.0,442.7048279279294,24329.669505675574,35449.92087951171,4124.679421158684,35115.09358701521
600.0,440.60246561478885,24222.74639300775,35429.211782376326,4110.689721199391,35220.17388314445
601.0,438.7099992441035,24115.823280339922,35984.65384162184,3947.8189239614876,35220.86654075855
602.0,437.05238106932114,24015.080866719618,36160.40851233743,3825.032687789466,35348.291165837654
603.0,435.63016369466874,23914.33845309931,36595.26393444445,4117.439962073796,35431.114353322795
604.0,434.3161444270855,24431.665944230965,36212.299351272406,4807.969942455574,35487.67035483568
605.0,433.0307555988221,24330.923530610657,36129.2918187503,4864.846071202427,35569.88956795415
606.0,431.74536677055886,24230.181116990352,36046.2842862282,4856.601836281803,35704.01124055803
607.0,431.1408450392764,24126.938703370048,35963.27675370609,4943.647045054803,35765.55009977487
608.0,429.9504230790912,24025.79628974974,35880.269221184,5090.781510961339,35780.93454890724
609.0,434.33166529600345,23902.307037337076,35797.26168866189,5274.182761860772,35768.5279349756
610.0,436.95965737581537,23781.94922107113,35716.699540799484,5335.824462117939,35851.073278794356
611.0,436.5567440591855,23670.820344116502,35636.746683688405,5376.4525782314695,35950.142864838206
612.0,435.0912613469654,23562.974677534825,35811.71166172946,5255.956397840255,36065.84758551031
613.0,433.5481080042722,23455.129010953155,35804.247618140915,5230.471135378921,36188.5264643758
614.0,431.91703801000216,23347.283344371477,36902.05446087176,4551.876777319471,36329.239687911286
615.0,430.8373475701078,23245.0742781181,36954.45913925191,4535.892206249175,36413.72085442266
616.0,429.06837374708437,23144.96521186472,37271.34346781227,4348.916852229894,36515.66378543559
617.0,427.2766759472562,23869.544039091743,36803.706078023206,4414.5190584454285,36589.48423099726
618.0,425.4913887875428,23782.746868344526,37032.61581831309,4390.863103407115,36599.95484514766
619.0,423.73384834076376,24798.735762694618,36650.428887108865,4448.744419081805,32928.65817699399
620.0,423.35715189896,24935.342077466397,36519.48554742566,4528.335925174458,32974.19907911178
621.0,422.5727287043293,24844.951772764947,36500.13253545454,4698.691147259014,32956.517653654584
622.0,429.4431463907799,24723.534359765465,37533.57335696346,4164.303448808339,33011.48301710219
623.0,435.0590512899951,24601.766472430176,37457.31627706349,4267.170380369543,33060.72343800988
624.0,437.2426596051085,24488.8039293174,37512.85866246977,4204.98489187716,33175.999975379695
625.0,438.173399619557,24378.08873797131,37691.68277118929,4150.299370177324,33236.44022334312
626.0,437.85162673518806,24269.975184489318,38337.43684767986,3767.8040432798357,33339.204327928186
627.0,442.0116053305755,24141.85278227979,38280.666175681,4743.148215692678,33445.89854750835
628.0,439.6235922031736,24034.85671573074,38223.895503682135,4859.906938916149,33503.576880560875
629.0,438.1778020941644,23923.303548495212,39484.75883752763,4131.806875060694,33541.36239284092
630.0,435.44703221416694,23834.48835950195,39430.490451834834,4135.19714583301,33661.54242027231
631.0,432.635950532041,23745.673170508686,39376.22206614202,4150.0629163220265,33775.731435344365
632.0,429.8347489526029,25547.859348077498,35603.04384560255,4043.352537817856,33862.98126295115
633.0,427.10899618542857,25459.044159084235,35529.0720025683,4165.7700032605435,33912.292462743586
634.0,424.553681609686,25370.22897009097,35700.39190951673,3971.4153554146824,34030.374871476575
635.0,428.2924282839871,25256.950306464296,35630.847803214034,4051.2561860871183,34105.19428666903
636.0,434.4086182003004,25131.219371140032,35706.98931200524,4010.298219273291,34180.71030847734
637.0,441.4580049219663,24996.669935956073,35938.81326322244,3865.228791916791,34241.17922227206
638.0,450.73993179614985,24846.920286132077,36025.19597296796,3773.005403230771,34342.41927448078
639.0,453.82861224567887,24713.903220542088,36118.19297807457,3689.2166583741327,34439.433064774414
640.0,456.22185310259414,24590.912058836035,36105.70649814415,3851.964609373265,34440.70788377062
641.0,454.4983634692594,24480.09301773258,36581.063347739175,3774.894106649252,34342.46652934083
642.0,451.40105067929323,25555.812318060205,36048.0603438079,3806.025581773396,34445.36403909288
643.0,448.32201282544196,25455.39473560398,35974.699567012176,3912.191350844125,34503.79123344279
644.0,445.2413478365702,25599.136579171634,35806.44063216872,4069.4631240214153,34532.28020098574
645.0,453.202441097079,25861.952733310114,35718.38483395048,4014.456229424376,34615.99405126845
646.0,450.19117866755437,25762.07207726426,35988.459006890196,3821.271367474176,31541.472915230253
647.0,451.26889859097645,26414.74114898458,35607.39619583987,3887.338599413534,31628.730678954373
648.0,454.9574531773989,26303.278640200304,35702.66537395141,3875.6299641049723,31678.597357213617
649.0,457.67189191132263,26627.95675876787,35563.0601881909,3875.02848181765,31749.34279432178
650.0,458.38763851885216,27839.683918250885,35132.76894993775,3894.7438510630227,31779.15520526015
651.0,460.03325385300826,27734.107857750216,35112.15594992274,3838.1059887296183,31899.40774236056
652.0,460.20681901279005,28415.537275581373,34703.7742691566,3820.32787918568,32032.647488890776
653.0,464.2041497153504,28296.612414876556,35300.78833496345,3459.983841774333,32034.779143116033
654.0,469.39543276798383,28170.7334827764,35250.84022583276,3485.3788141898203,32117.640020734943
655.0,475.945468431502,28036.10460604178,35149.257518270555,3598.063246047242,32178.460819526317
656.0,477.50491760254545,28117.45040084129,34969.61727120233,3725.7817706872993,32231.158955074407
657.0,477.843366811913,28208.27374853041,35106.00246610102,3650.7778558504688,32249.22955989876
658.0,482.86991376785625,28285.42540623433,35130.75065382698,3455.4786272122888,32379.785115341758
659.0,479.74161343784647,28174.156344618063,35025.60031544655,3600.519394544627,32422.20195620527
660.0,483.728645409617,28033.953417349774,34920.44997706612,3639.0297323532186,32523.51049418453
661.0,488.08906138547263,27887.337730145337,34996.98670378422,3595.236760384365,32587.232893954828
662.0,489.91415813825023,27746.18940074893,34891.83636540378,3711.656574518505,32647.144539296525
663.0,487.9384426466729,27617.46338820251,34786.68602702335,3705.631661392817,32774.857499196114
664.0,489.6738705601214,27473.621275221714,34681.53568864292,4044.9081653574544,32715.48813052704
665.0,489.6339567195224,27334.474458819142,34578.27638400029,4208.961079337597,32752.490635440594
666.0,486.94150895762635,27204.81101884325,34477.88284176079,4420.604442537619,32764.431397546403
667.0,484.4170687300382,27075.14757886736,34568.64942120027,4390.393545955974,32823.22505769525
668.0,482.0863068947722,26945.48413889147,34757.489648867624,4296.819762605254,32871.88730937056
669.0,479.8831365789896,26815.820698915577,34865.42842617802,4266.688168158647,32921.37079516771
670.0,477.7892523441999,26686.157258939686,34828.88351394203,4310.519280415503,32995.99916213036
671.0,475.7649155029866,26556.493818963794,34734.33474235831,4325.918904399759,33113.856326271154
672.0,473.8419081906284,26426.830378987903,34751.07907299975,4289.903787648809,33210.007014545685
673.0,471.98689816215085,26297.16693901201,32971.189879437305,4231.850620004212,33274.55478498891
674.0,470.1706057882025,26167.50349903612,32885.78462213774,4365.198246860587,33329.19605710134
675.0,468.4102567613048,26048.80164123442,32926.91179569353,4347.852499053878,33399.7145783974
676.0,466.7211917294965,25932.195154351433,32885.692363308895,4533.026476061086,33404.99198807355
677.0,465.08317001807836,26911.74688488736,32871.214887671005,4146.693594489588,33509.1004321104
678.0,463.53532688401964,27007.767368546105,35594.081468892335,4330.606150309975,33537.21855640196
679.0,462.10515455438235,26894.250760333212,35493.61371841258,4542.460909379092,33550.8365889255
680.0,464.9454596407734,27072.714049268732,35317.020821129016,4896.121178194981,33466.45282194933
681.0,471.5432663332532,26924.527951523996,35395.69828551602,4868.231166618604,33530.672477167966
682.0,473.7726857066297,26798.250168673596,35344.2553366902,4942.788403848351,33597.97346020945
683.0,474.1259556485634,26677.174026990062,35670.650248960774,4642.036658838247,33701.85627887635
684.0,476.65472811572255,27494.827975073404,35302.12555592168,4597.697627527092,33808.03386236363
685.0,479.98164073561503,27357.95847131184,35935.74612442095,4067.492996865111,33892.47885506134
686.0,481.93875747784296,27223.198209163405,35942.74317748936,4059.563482053931,33975.04315688798
687.0,482.3124902750072,27096.37013259359,36145.6256328916,3915.3891927222994,34045.545849045826
688.0,482.22209480462595,26976.690018236495,36389.31883364849,3790.3084521404744,34086.69040537262
689.0,480.46797324256954,27273.087425897003,36730.89558198119,4005.3171515468975,34200.40037646733
690.0,478.65968929467203,27849.171945779886,36425.2728101936,4118.60621294729,34246.371469775986
691.0,476.86451753386683,27739.853236948227,36531.9815404626,4031.326592061029,34318.291058891286
692.0,475.1155789916945,27632.544523682325,36551.054362697556,4127.383818777436,34345.98785012701
693.0,477.0894798051303,28014.102245428294,36250.19163635901,4253.1930989524235,34414.26774615066
694.0,476.10599638592765,28104.960848114733,36063.65987721872,4313.936592901706,31641.963661222977
695.0,475.86895589510425,28197.147954544576,35873.03265327807,4404.081496173223,31726.32763353045
696.0,480.2869076672211,32043.284533183163,35762.12629916308,4519.479814054264,31800.405195737712
697.0,485.7265030910987,31921.85269245369,35653.28260638103,4751.679748162971,31826.179349484384
698.0,490.8849357775497,31797.891479136826,35544.43891359898,4788.6374453158405,31934.66879854095
699.0,489.1688098072448,31688.998563329955,35641.861354111265,4652.966275520477,32030.349682880707
700.0,487.33939855404464,31580.105647523087,35534.522134492174,4963.194002065904,32025.987406150485
701.0,485.4438398908855,31471.21273171622,35427.714867278904,5237.859966020855,32037.365161176935
702.0,483.49894568940596,31362.319815909348,35471.9015648747,5272.719124311682,32086.655229213713
703.0,481.5385812391417,31253.42690010248,35425.209877424466,5426.620621533901,32126.466209249156
704.0,479.59874492821143,31144.533984295613,35387.17901555628,5521.168161061983,32190.62101300442
705.0,477.7161020022442,31035.64106848874,35934.71097325483,4952.871906700496,32287.986069765087
706.0,475.92625795702656,30926.748152681874,36566.19267273256,4330.713683070712,32371.116549660263
707.0,474.2273092912224,30817.855236875,36766.883799421965,5072.312119299338,32494.175825346127
708.0,472.6317764540951,30708.96232106813,36828.67212864018,5030.677638170662,32571.18128478142
709.0,471.1257099449939,30600.069405261263,37031.48787469714,4668.79037077093,32697.2999753865
710.0,469.7046292674644,30496.850919158853,37151.60825398653,4548.321294022034,32777.29258684718
711.0,468.3664990293586,30395.1859966818,37427.26478135752,4190.49157548505,32871.94418830942
712.0,467.0480002582107,30860.96404465083,37009.16655202295,4551.740825853502,32874.76434825713
713.0,465.76196662067156,30914.65548470931,36979.324397019125,4597.174191439157,32921.58701913174
714.0,464.50065429802044,30812.990562232255,36991.89161025378,5065.186995357885,32847.47641601171
715.0,466.534824069979,30702.66827079288,36901.519824943076,5538.578567281909,32814.60836641037
716.0,467.79461196986153,30600.712152904747,36811.14803963237,5712.677457713598,32881.82359437471
717.0,471.44712288879043,30493.78354534078,36720.77625432165,5888.781328791845,32948.37049545687
718.0,470.16001536774013,31168.255833150684,36172.65111805922,5965.335699200972,33048.53950306565
719.0,469.8186689619022,31326.17331348325,35923.450368196936,5946.323204013731,33180.613550831906
720.0,470.23198760464663,31406.25142188159,36062.03257716216,5630.6545212479505,33268.79363490635
721.0,470.3765699386622,31306.141804498115,36383.378343052726,5097.941145266796,33395.92585347103
722.0,468.575621660091,31209.9649642162,36753.85247136691,4494.434938390754,33527.99990123728
723.0,477.32945712598706,31084.93708468112,36860.41062508357,4221.964833254269,33660.073949003534
724.0,476.0232447708605,30981.40086060442,37394.819919635614,3801.473366302702,33662.64947424204
725.0,474.5478836596041,30877.139307382262,37504.80936547697,4068.091970262002,33610.488396598026
726.0,474.02850540670624,30769.39072289646,37416.62335047496,4158.571236250377,33702.161622171254
727.0,472.08847957839265,30664.047645892282,37328.43733547294,4299.348546385851,33778.81132231961
728.0,471.9160327036593,30553.347622540543,37338.16543918899,5091.241105283262,33598.00365297715
729.0,468.8664001440759,30449.025252352974,37249.979424186975,5590.814555336945,33555.82877165987
730.0,469.0329472580445,30336.369548832074,37161.79340918496,5686.320909881208,33650.04319652417
731.0,467.4787287627236,30227.38051197784,37073.607394182945,5934.919185802235,33693.953836977395
732.0,470.9405401132808,30104.827540492828,36990.10350087692,6429.596843151798,33656.00045023302
733.0,472.5768193554346,29984.90969056307,36908.081631743225,6632.789761914354,33715.388893215044
734.0,472.95569366102814,29867.220975869386,37296.317796828684,6083.754391870237,33831.21961312215
735.0,471.95217973690524,29758.886648805204,37368.23202699982,5933.718801097824,33945.268641149654
736.0,479.1155630622406,29628.35788784793,37497.165048469746,5894.470611821474,33998.55089002608
737.0,478.4331456688675,30145.0267934816,37412.660448225055,5472.869692547059,34110.09540725337
738.0,476.4798893053681,30037.921499378506,37391.76182733546,5482.29344330089,34203.02311753021
739.0,474.5870688647863,29934.9776868055,37354.406651959194,5469.185558485882,34310.92346052612
740.0,481.05222823263307,30140.755979944068,37170.44818364045,5348.800455235574,34434.740197610154
741.0,479.1890705970117,30450.372433477583,36934.14267788012,5351.965370866579,34515.54934076468
742.0,477.45395100723323,30346.56955615672,37314.18760903379,4791.277847583444,34629.113470927085
743.0,477.0687884420771,30239.455539123537,37227.31164937756,4914.352924639012,34709.59181491018
744.0,479.30503310562545,30397.754656205758,37100.48503831629,4915.258565114381,34780.02327332633
745.0,478.61389320622425,30289.380044915037,37497.05674633702,4464.045289822361,34851.337084269
746.0,477.00394646451275,30183.023014025333,37555.694635751286,4348.602175482101,34950.86337454373
747.0,478.46797424212576,30068.5613521898,37717.32544838729,4490.352376380138,34921.87638814834
748.0,476.88000101938707,29975.312564521264,37630.22609835344,4980.31323737639,34880.35252948545
749.0,480.55728595681614,29867.74743567494,37543.12674831959,5211.1937821839365,34926.453447747626
750.0,478.7725234683025,31212.7064506681,36685.728347935656,5293.304352034456,34984.16643741756
751.0,476.98742356171806,31117.167048411116,36573.710213297774,5650.160015721316,34989.773332301134
752.0,475.1996093176068,31021.627646154135,36462.653894548224,5986.213231439441,35002.972737859374
753.0,479.0091253536469,30911.032493133014,36400.57548967975,6140.082341898079,35057.48646971722
754.0,480.3107666185953,30804.98965613762,36389.22812548476,6197.721852442601,35123.724382307366
755.0,478.6111383972252,30705.74621141979,36481.09249990186,5983.74003058977,35238.83597543007
756.0,487.67337689660155,30577.632973538988,36531.13805614092,5883.952318940082,35333.579079042516
757.0,487.6439800387068,30468.92187999308,36586.43236217762,6009.604757048479,35350.838125427406
758.0,485.70057079687496,30364.283511261652,36587.768118994834,6109.767845812095,35400.3549822252
759.0,483.6383847323141,30259.64514253023,36486.852468428326,6276.694881245026,35470.54204491328
760.0,481.49803683837644,30155.006773798803,36736.11356026407,6008.471167801847,35540.92368352483
761.0,479.2812679977453,32538.77630380053,36684.4139410001,6117.079889980943,35610.2819628233
762.0,477.02245647724186,32441.01136723933,36635.222951092284,6290.601868067846,35657.95606702
763.0,474.7674883602481,32443.246430678133,36461.3065205009,6550.087373810777,35697.71487729311
764.0,472.5641382425779,32446.313898437314,36433.9755456211,6537.25206720851,35767.15379781688
765.0,470.4598941242476,32348.548961876113,36841.77490759999,5970.152539440242,35873.635033976825
766.0,468.49967743509785,32250.784025314915,36963.13630226952,5782.684124428482,35971.53104398272
767.0,466.7040918569111,32153.019088753717,37024.22369402738,5883.1599502073495,35998.315010225015
768.0,465.0183743681069,32055.25415219252,36991.8416007908,6039.283530449935,36045.48469270625
769.0,463.44953417376246,31957.48921563132,36898.000896750986,6265.862025656956,36094.96729045372
770.0,462.01426070285095,31859.72427907012,36853.85697290661,6360.110367260801,36170.54178281465
771.0,460.59623505294485,31761.959342508922,36762.71304906222,6492.782536804139,36253.09122154519
772.0,459.17820940303875,31664.194405947725,36941.24714476074,6610.845217705555,36228.64759473904
773.0,457.76018375313265,31568.498817710017,36850.10322091636,6724.564217547861,36317.43274089366
774.0,456.3421581032266,31473.83977489295,36758.95929707197,6861.3338006859785,36399.21214943954
775.0,454.9241324533204,31586.11556442519,36502.267507348144,7073.5204094550545,36455.89971264836
776.0,453.5061068034144,31595.11106367138,36328.274269824054,7263.650296876618,36520.194744762026
777.0,452.11127331470556,31502.901024083425,36243.75549957741,7264.5920993188665,36647.55247186881
778.0,450.8231571969686,31410.69098449547,41240.7876115603,6712.479036290921,36754.10367406686
779.0,451.8688055599369,31558.742835579804,42029.12282251033,5572.712858708034,36886.17772183311
780.0,461.29030402255796,33155.55773811134,42184.343772973196,5465.429746972589,36962.03089649888
781.0,461.4608717491155,33061.83616381215,42164.75230169155,5618.98041706177,37012.53211508063
782.0,464.9543578635135,32962.31172550265,42368.34150242059,5751.0725092453495,36997.64073279714
783.0,464.2274557617197,33123.98594908734,42880.45495453512,5398.553452545063,36935.57927907785
784.0,462.65202403087386,33033.377020502725,43240.4646142593,5170.111605363866,34159.81144330332
785.0,460.9401340738186,33120.59844215295,43136.34973353729,5069.805206499807,34259.22198234951
786.0,459.8935647745281,33111.780249231626,43332.38560391486,5202.270177271451,34231.353970483506
787.0,457.96271951726715,33023.14877559579,43243.39377372202,5377.781001245548,34309.33057331171
788.0,462.1889769681511,33141.26013373117,43159.61826884971,5495.0585656228695,34320.76695804193
789.0,459.91463687425227,33050.99842861268,43607.83018688096,5232.0524051208085,34365.76361894173
790.0,458.77009699540537,32958.698535887976,43585.76020879397,5239.833565332317,34471.51821925503
791.0,461.23761026645434,32860.13542115126,43491.014023990065,5292.562056396901,34586.67560007767
792.0,462.30166500966584,32762.390867138012,43544.70254568155,5411.518606886716,34636.85984701028
793.0,472.0452685916016,32649.609853533493,43449.956360877644,7606.447842485918,34681.16353970501
794.0,472.3923068908008,32551.101654902093,43355.210176073735,8047.867364065897,34715.07928563449
795.0,469.4874419131749,32456.838508791494,43261.051491269835,8045.084492176516,34851.588989873046
796.0,473.2231494109745,32608.089769414648,42849.2189705859,8153.508771321033,34962.534553281264
797.0,470.22881981845245,32514.604482638224,42805.08727812279,8088.501629109955,35095.5737261501
798.0,470.56962564954614,32582.321385119278,42560.599817884904,8023.840624336334,35227.27947826795
799.0,473.9583642712929,32562.768113876293,42350.9381495767,8066.084505734691,35354.1003333575
800.0,478.5424996429651,32455.850233807636,42620.72910658407,7626.720900685491,35477.73655261863
801.0,482.41398999704916,32743.014173924177,42488.13391343385,7821.64497231099,35547.29383570347
802.0,482.3864133394252,32638.378150824883,42458.2456086077,8430.03445400478,35520.0458281836
803.0,483.87487954157353,32529.86632177852,42351.75522262886,8690.100766958147,35598.10255287117
804.0,481.23991065917437,32737.6723165193,42103.18118992073,8507.72871284135,33189.97980350342
805.0,478.7370429094302,32636.207634346043,42197.65461203929,8655.174434849823,33241.64964476012
806.0,476.46552817232134,32534.742952172783,42382.480541000026,8465.465955245156,33340.26383282867
807.0,474.4475845179827,32433.278269999522,42415.05102089815,8338.451601841738,33469.74442946687
808.0,475.6682244077012,32325.802018013717,42502.87258954115,8380.18317046086,33547.95066169361
809.0,474.0531665678434,32223.37548467045,42825.5797775402,8099.6446739475205,33631.545625147344
810.0,476.7574257802624,32112.413133305254,43078.08081953346,7701.834436254723,33760.283418945175
811.0,480.96194419184644,31997.2018096135,44053.47817697408,6827.274092720488,33784.88524430903
812.0,479.5030900524073,31892.582495872324,44256.62546214652,6666.436326859329,33875.77417295102
813.0,480.29887699589665,31783.37034426726,44393.0769026453,6705.162353486007,33943.02643082944
814.0,483.3713499828364,31770.66842301941,44464.253886620565,7054.952495513784,33934.980730345495
815.0,481.58983708211855,31665.885978986313,44511.23291219331,7164.793907130439,34012.94641276248
816.0,479.68177841107524,31769.12309662607,44346.84241105359,7769.935203272928,33986.59564388695
817.0,477.7427549690798,31664.340652592975,44255.883971087904,8127.703294584818,34050.908569028805
818.0,475.79853072880894,31559.55820855988,40031.94042489777,8721.456898943088,34065.08636769125
819.0,473.8799087528223,31454.775764526785,39949.07728723021,9352.587003580766,34071.86941620718
820.0,472.0103451438753,31349.993320493686,39867.69899253225,9539.624260166935,34173.81521787698
821.0,470.2195281405738,31253.06682708726,39787.2849812293,9811.26919540318,34257.6308026932
822.0,468.53438145637915,31156.14033368083,39856.83821018162,9548.673676143178,34402.89637884421
823.0,466.97802970072735,31844.808902941135,39248.685182606576,9371.52849408985,34548.16195499523
824.0,465.56056553498274,31747.882409534708,39304.053895530706,9112.01469660148,34693.42753114623
825.0,464.2352628843443,31650.955916128278,39504.67176915365,8792.80107274405,34803.57098350288
826.0,464.7965015538773,31550.279422721847,39587.846806403875,9102.408533404114,34820.48819754186
827.0,468.82968682535636,33156.39501072932,40762.87730589773,7312.971042806365,34898.402137696685
828.0,468.60152321868765,33060.91699115107,40809.49433919489,7266.281762832998,35001.90472538819
829.0,467.27995170264774,33246.88035387343,40558.22486758132,7754.700779802648,34999.29137720114
830.0,465.89577298069173,33159.625434319256,40749.871629115034,7482.643254386527,35098.14114568643
831.0,475.6898753984251,33212.86013783813,40605.88968794218,8098.770491011693,35070.37935279389
832.0,473.8895496551081,33631.185615059556,40055.48880628385,8250.506073342083,35161.43652706072
833.0,472.81633114457475,33542.77067596567,39951.64504940725,9023.804308647603,35136.79061123062
834.0,471.36450947267423,33454.56991271429,39847.801292530654,9552.063064234047,35165.13607293599
835.0,474.6891801872135,33678.169526978636,39426.745061767004,9956.783475367174,35220.082380743246
836.0,478.9637467949541,33578.60033441545,39316.804296081566,10168.352622039682,35317.056197326914
837.0,477.8532061403522,33485.70285743342,39486.53163113811,9763.67852693164,35449.487401573075
838.0,477.6655625751395,33390.852882090876,39446.53676246926,9945.838131769338,35530.9577670978
839.0,481.2297926049015,33289.26699438032,40269.904283383075,8395.01438462416,35676.22334324881
840.0,486.16003520263115,33183.73407275809,40293.28022778116,8464.457127181015,35758.71765950393
841.0,484.49977844824525,33086.69798985828,40471.74486951472,8028.228623580652,35895.401579383215
842.0,483.7757662942869,32987.89735740286,40888.46739552793,7547.508994583957,35956.91449158588
843.0,483.8459632535178,32889.88669934186,41150.60014275418,7147.202933553591,36055.491124985325
844.0,481.20018365556507,32795.677350445425,41290.74259636648,7067.27235565367,36128.72351196366
845.0,480.64131795660785,32946.55692653273,38048.70408398697,7596.002892722523,36151.54102394862
846.0,483.17008018190893,32846.38556408098,38096.09640805813,7601.599493234678,36231.134501316046
847.0,482.1274464670937,32750.944365138454,38059.387570506,7802.778936725033,36305.16853698436
848.0,481.1966936567483,32911.37340184922,37762.35523429455,8320.386002570862,36332.381917109946
849.0,479.17019590759367,32818.297078636955,37671.65874235202,8746.823359570553,36379.541508287344
850.0,477.2734587190714,32824.86895968868,37497.92208018949,9078.604870121997,36448.03435890157
851.0,477.43586528139235,32728.792636476424,37404.78628324675,9243.880861840016,36552.31544800273
852.0,475.86462138561785,32635.23631326416,37311.65048630402,9714.98506434401,36592.59464722035
853.0,476.3293906715645,32538.572938272227,37218.51468936127,9753.824485057394,36727.01177824964
854.0,478.132547084738,32439.382657585604,37127.36584730742,10457.619618954035,36719.004683056664
855.0,476.66333836084345,32344.507313418257,37036.60867192024,11150.698952971772,36713.29383069489
856.0,477.7779392085358,32245.31415652857,37149.83861748383,10772.763057417425,36851.93103228889
857.0,476.08133713839777,32149.747962325644,37105.70406611884,10679.352633771616,36997.19660843991
858.0,474.30692400562486,32054.181768122722,37597.76170598761,9514.065396160244,37142.46218459092
859.0,472.4685884391962,31960.351484915147,37780.603207228305,9071.443326982313,37263.40390458317
860.0,470.5864772571163,31866.52120170757,37699.27878797155,9182.740760384886,37377.79301283479
861.0,468.68257328001414,31948.33729450623,37676.61079020632,8807.453204934956,37512.80193069564
862.0,466.78095630917016,31856.562287770357,37597.113793217344,8907.758257229578,37630.1284109338
863.0,464.91294093658337,31970.314928204985,37915.47069038135,8243.210491815213,37668.239466216284
864.0,463.10762924476245,31880.245727318117,37899.77654869252,8323.59662565467,37761.53047215674
865.0,461.9980286356272,31789.17652643124,35772.51424859919,8673.433148348715,37826.8874892789
866.0,461.38825831425294,32070.7404978463,35834.63482476851,9047.23941458869,37756.86285663676
867.0,459.8109692844986,31981.026384960394,35753.74874785292,9862.270782653606,37722.774294007904
868.0,460.3298138418657,31887.558688808735,35675.45777246004,10024.44202557137,37829.02839426739
869.0,458.978179944757,32008.47787643291,35478.212154834146,10661.152725375032,37833.75177065177
870.0,474.52490203014463,31885.223977117203,35699.201389217815,10158.439424399789,37934.61088255071
871.0,473.50638285635034,31789.291537065656,35798.107188604255,9800.055201713965,38064.246198656576
872.0,473.31945501075216,31806.863084351433,36022.34479708196,9356.455611324525,38116.32069554709
873.0,471.3400390064064,31713.681169887815,36027.101547918945,9158.648388582355,38257.42093934987
874.0,474.0215030219603,31830.85448454163,35828.55916893771,9275.012226313656,38371.06103048231
875.0,475.2046888666308,31732.13699303043,36124.9610969255,8743.022194248193,38437.62786568529
876.0,472.6874321109726,31840.503053948574,35974.71892744365,8989.15453731173,38502.74243396633
877.0,470.0983849185003,31878.664564560513,35870.24845280565,9219.974463726116,38570.88654739953
878.0,473.2461282544482,31879.730925296306,35882.457845043966,9140.941592652178,38654.78841786138
879.0,471.3644746081761,32096.476821890137,36181.8494490389,8279.812786862924,38702.818556344435
880.0,474.52358205426617,32102.79465882085,36168.99909359863,8322.691821661874,38765.14467895811
881.0,474.83028783307014,32005.94552354386,36123.12677381462,8614.446200472254,38820.94417420457
882.0,481.68333093997205,31894.964088379373,36042.77963138869,8831.68531136451,38911.556918189795
883.0,487.378556756506,31783.14769016662,35962.432488962746,9425.732277668112,38922.21556239751
884.0,487.8099788405917,31678.96758601309,36241.52954445848,8769.673118122186,39021.239967707676
885.0,497.4496652998241,31691.318683103596,36161.18240203254,9101.297142993622,39087.461477081364
886.0,498.3503379782321,31575.754672329203,36082.193619967446,9164.68103136049,39211.92945796577
887.0,498.0697040069318,31862.51171087706,35831.59794578148,9723.37739912376,39230.91788878506
888.0,494.83636661765956,31756.292578024437,35883.74028688579,9735.309198672792,39299.539238964455
889.0,493.2965177033382,31654.568772738352,35835.87869676201,9935.34730834458,39378.92097741728
890.0,492.4451612017606,31728.79049769511,35678.86883520784,10093.306302616045,39485.47641794467
891.0,493.71989618152827,32515.65989151811,35292.64691926795,10642.892128657937,39469.447592966375
892.0,490.853061408955,32417.273755303562,35475.288691866444,10322.692032320234,39543.28939667045
893.0,488.1617553673794,32318.887619089008,35605.79208924855,10167.086805566138,39606.83347475345
894.0,489.1163259306322,32450.44027120341,35587.24349645258,10168.127214298245,39661.378070094586
895.0,502.5270859045037,32307.805001127195,35576.29612320477,10025.411895366911,39792.821167510134
896.0,506.9890727827273,32182.321215139273,35755.521397834025,9996.368622765556,39804.597877659064
897.0,504.55613245714915,32072.57119034799,35737.00046337912,10164.092444484208,39874.023368779446
898.0,502.2887716726385,31962.821165556707,34132.58330754265,9085.937236408794,39994.90900902119
899.0,501.17777748512253,31850.338169712824,34337.67698950773,8816.355013593231,40048.36799838664
900.0,503.9996316000046,31727.130839499616,34294.56826179636,8799.088721367389,40172.07056556233
901.0,502.0282191984542,31614.860334531357,34471.007411719635,8438.650774421114,40269.05830788542
902.0,500.0914907134811,31508.003915002093,34622.95056092212,8354.9847835576,40300.607222777624
903.0,498.11634745375386,31402.480828806158,34639.25158303776,8297.099602999995,40401.58866563076
904.0,496.11089336873226,31842.548805884424,34390.47285214951,8631.082873573141,40426.51510660877
905.0,494.12772728113873,31881.662248259567,34259.383371732125,8897.254080102317,40488.31204746851
906.0,492.22972121213706,32207.840190217765,34019.98066475779,9248.114324576884,40526.391289456406
907.0,492.97697482176443,32821.114096842706,33665.78978298324,9544.019821696824,40580.66585011894
908.0,497.175358243432,32926.74661279536,33490.309297890584,9693.97878446461,40678.01451501569
909.0,506.8887422519837,32800.47398314185,33392.93605353316,9850.86165243059,40773.8838624059
910.0,510.89905398495097,32688.458561162086,32207.84954705374,10317.819048640973,40781.63999662567
911.0,515.9886490941248,32570.923536306087,32118.3648997855,10480.928299477,40877.01146062474
912.0,513.952518243401,32883.624207656736,31960.04229539149,10483.790120624504,40974.32611826471
913.0,520.4062744120965,32759.895153349524,32060.96279218592,10316.363818558177,41039.43429861192
914.0,518.5576756430286,32811.83085815648,31978.17610782772,10182.831084314152,41180.69987476294
915.0,517.3042673963234,32704.74983291803,31916.9418765498,10192.865177240794,41301.81143617702
916.0,515.4788845721696,32731.56418032926,32170.883093329812,9428.119857290649,41413.636978237584
917.0,517.9153397234613,32612.780939150678,32387.640825749128,8945.714642472836,41496.26690756236
918.0,516.8396701766526,32500.6496686204,32383.660951147824,8825.901787919893,41618.79611761143
919.0,514.3452627894856,32394.197577769723,32518.367265517183,8817.991256913992,41623.366857545836
920.0,511.02938293980816,32289.512569658436,32752.612257828474,8751.452907532359,41579.3757045541
921.0,507.76625760394387,32493.155675131584,32867.72739567921,8747.785065946655,41528.50622202326
922.0,504.6924683241682,32398.414078562993,32788.518329038045,8828.68104063761,41641.850736441644
923.0,501.9438674166699,32573.4443791405,32773.98674128379,8947.405401871425,41646.311690028546
924.0,503.5074635184111,33192.510209247004,32684.598634506787,8693.688899703518,41706.118714950324
925.0,509.6867019500264,33074.11279108154,32659.958768353048,8862.95605101691,41753.34316477361
926.0,509.06685834694406,32973.97352776765,32690.912621906064,8735.440760653679,41851.10019816109
927.0,522.3936775279409,32837.058467457726,32645.428087140215,8863.361720757752,41924.911624119784
928.0,527.6961156509836,32988.47500516284,32612.775351283515,8903.102658388338,41957.4767302045
929.0,547.6168862919286,32827.359219400285,32571.049077142725,8937.725892728131,42053.34267413155
930.0,545.919446290916,32995.084182514984,32389.533017309288,8919.622019517354,42194.04597149476
931.0,546.6783985837465,32874.63575261437,32298.89587661294,9193.305106510106,42252.5353526575
932.0,544.4602809899546,33607.89249442113,32208.25873591659,9322.073385695101,42352.65851943592
933.0,542.0100465652764,33478.94661801276,32118.45581191079,9697.47982912256,42382.54542410347
934.0,539.3757912518741,33350.00074160439,32030.266267432773,8921.070332066087,42504.85551890721
935.0,536.6155396843814,33221.05486519602,32026.740367064936,8812.968550156631,42626.942613505205
936.0,533.79638366944,33092.108988787644,32102.259738049604,8655.511385280457,42716.98510367624
937.0,530.9912614677961,32963.163112379276,32142.82388510336,8479.764287417163,42837.15280728714
938.0,528.2757642398628,32834.21723597091,32173.77956039722,8550.533315914727,42876.769672577706
939.0,525.7143666851192,32705.27135956254,32311.09065025841,8403.166722187798,42926.74796631927
940.0,523.3494262848528,32582.68952839846,32398.906522022284,8408.614513612929,42954.167753117246
941.0,521.2427522727398,32460.10769723438,32392.08698500193,8596.57374868069,42977.28666521563
942.0,519.443958301072,32978.096203648856,32170.92004185926,9098.344369400613,42935.20297055693
943.0,517.848852651373,32859.68018563408,32207.66281780149,9020.342938789752,43024.082251070795
944.0,516.3641976028576,33164.233040949955,32057.833530754455,9062.325711829768,43130.77081382004
945.0,514.8795425543424,33052.204581335536,31972.017258025393,9452.299193351486,43130.40364369914
946.0,513.3948875058271,33578.931961756476,31800.320728894847,9570.294335068083,43194.09363856195
947.0,511.91023245731185,33466.90350214206,31741.97027124082,9685.256139997855,43275.264341668284
948.0,510.4590378020869,33359.22487852726,31951.29563618831,9441.276501182434,43313.14578885983
949.0,509.18256407478634,33251.54625491246,32040.18882702823,9112.729862387154,43458.41136501084
950.0,511.25212967651805,33572.29237684926,31924.63376603616,9092.965885410787,43563.01765379431
951.0,527.5701517170213,33408.820196905566,32103.53670165897,8692.447432974279,43675.10330577943
952.0,526.3979255663976,33986.58453931693,32079.436802113498,8424.122438035487,43772.29388824449
953.0,541.7001861540389,34760.72915726114,31858.37667469644,8438.726036219825,43854.63435067652
954.0,543.2461229258985,34637.58427167511,31911.174465032836,8261.726136947169,43959.903932553665
955.0,542.9184055004089,34948.50918083347,31726.942458561898,8508.368193419608,44007.15497695918
956.0,541.2042431009188,34849.290223782315,31634.25041368303,8657.566839643314,44090.182296066385
957.0,541.7680607934628,35200.08100720322,31628.637600297225,8693.682540033198,44092.95934352677
958.0,540.4976984606549,36101.438860227754,31309.552531335466,8943.814034077273,44140.719244106425
959.0,539.6219026684532,35997.2199031766,31207.296618477994,9212.474448973197,44182.56026739833
960.0,538.1462518837423,35894.537184754,31106.009396757334,9529.148230550709,44208.27764418287
961.0,537.6404878227183,35994.57444271342,30959.49276240853,9707.625497943258,44283.683775827296
962.0,537.7234698849663,35884.0553601813,30956.413377909863,9804.15021686487,44326.5509069452
963.0,535.6052936531653,35783.10973001098,30935.89973150346,9737.870229152084,44438.530789427496
964.0,534.3082217314616,35679.03245636547,31026.134320162506,9508.909232434082,44537.27298411707
965.0,536.5413724858291,35760.0730360534,30917.371189930604,9530.4347078363,44650.26133516915
966.0,535.8968612773348,35649.31110885099,30825.080065318558,9644.888013721105,44749.17269691329
967.0,536.4779872100385,35532.050563947596,31474.53497818412,8592.008628354763,44789.73275884741
968.0,534.6996600904089,35424.14839160888,31512.234378418783,8714.38046917287,44799.212021013685
969.0,536.3978216211618,35301.454690928935,31594.95690883154,8517.325214086282,44895.462857734914
970.0,537.6766579931631,35392.769958629935,33115.792207633436,8781.279197305368,44935.84415655798
971.0,536.3067964971513,35276.14834805409,33436.12871263962,8173.263331866114,45053.66729906661
972.0,535.0689532019794,35158.01644200912,33672.841224002535,7898.048418125888,45098.89413090371
973.0,533.1718477522963,35041.671147153356,33618.32031005577,7874.4837664946,45220.14365015221
974.0,532.4371087621737,34922.49935253406,33530.28783241867,8193.1753658473,45238.73992567284
975.0,529.8317625451491,34809.906027353674,33568.83368352036,7798.790366788444,45285.528136448724
976.0,527.4134924107299,34897.31270217328,33464.43508988549,7849.354032730153,45379.355583554265
977.0,525.1751854542717,34784.71937699289,33574.67716014775,8051.64553143959,45314.678593104276
978.0,523.1219611585959,34672.126051812505,33487.78433061606,8282.316912846733,45350.42418254254
979.0,521.2966174230979,34566.04529482985,33460.221635798305,8487.680597241735,45363.51305196074
980.0,519.7004903544532,34459.96453784719,33434.480619598595,8604.474991691273,45414.690029599005
981.0,518.1935769030458,35005.14060063744,33190.26497850111,8674.548831072156,45519.94978176823
982.0,516.758195510858,34899.05984365477,33229.718238292786,8685.193769433265,45579.53312047202
983.0,515.3228141186701,34792.979086672116,33567.03610939572,8154.36588381789,45700.64742690658
984.0,520.9852568535655,34658.28550600164,33481.81765445463,8278.667420190619,45781.229352383176
985.0,519.5156736519971,34547.62669722893,33399.98103270439,8379.341683890463,45873.00106140434
986.0,518.105681118682,34436.967888456216,33414.98065040547,8488.776684736042,45906.300565535996
987.0,521.1097982829348,34308.53698759377,33710.988317311356,8213.557027434603,45945.18518749744
988.0,528.528301933071,34159.42573009893,33670.42550383256,8242.713252789099,46044.219755670405
989.0,526.9657361127639,34050.900368307906,33590.4890254818,8679.588213166979,45992.8240922934
990.0,528.7244130585634,33942.153327425964,33540.515047131055,8776.46676270768,46070.728046483215
991.0,526.9158602288286,34912.433233800766,33329.65249026536,8886.388511020294,46083.849717692196
992.0,525.0445767513377,36174.775107090885,32964.09421905619,8874.612935065019,46191.8568587539
993.0,523.1439830657393,36079.98109809799,33055.64363513856,8728.08285998854,46286.34344215543
994.0,522.0266613453005,36219.375093254246,32936.04284162131,8881.265362722412,46339.20950109108
995.0,522.1906041366096,36120.62509486043,33032.245517636846,8855.967053013079,46378.05608164849
996.0,535.0295848788177,35971.80435172812,33032.00740171013,8876.183176291697,46452.48098437356
997.0,533.3310971140394,36288.81563552011,32837.291958878326,8902.74273409209,46577.57432381369
998.0,533.2617791018057,36404.46613519153,32752.702387731955,9018.596231059975,46630.38370934194
999.0,548.4204364090822,37339.93695458669,32385.46026957773,9198.747880149978,46691.02409528696
1000.0,547.7901409552312,37237.03315267744,32798.27037315894,8615.297714700378,46785.59994640359
