"tick","Money avg. 1 Producers","Money avg. 2 Internationals","Money avg. 3 Wholesalers","Money avg. 4 Retailers","Money avg. 5 Consumers"
1.0,498.9376870856426,39914.77471951861,23449.830492878405,5588.08979111328,153.29696027860044
2.0,497.8753741712853,39829.54943903722,23399.66098575681,5576.179582226559,306.5939205572009
3.0,496.8130612569279,39744.32415855583,23349.49147863522,5564.269373339839,459.8908808358014
4.0,495.7507483425705,39659.09887807444,23299.321971513626,5552.359164453118,613.1878411144017
5.0,494.68843542821315,39573.87359759305,23249.15246439203,5540.82228889973,766.4848013930023
6.0,493.62612251385576,39488.648317111656,23198.98295727044,5529.285413346343,919.7817616716028
7.0,492.5638095994984,39403.423036630265,23148.813450148846,5555.081871126289,1035.7453886168698
8.0,491.501496685141,39318.197756148875,23098.64394302725,5543.544995572902,1189.0423488954702
9.0,490.4391837707837,39232.972475667484,23050.628602572324,5532.008120019515,1342.3393091740706
10.0,489.37687085642625,39147.74719518609,23003.016208747442,5520.471244466127,1495.636269452671
11.0,488.3145579420689,39062.5219147047,23190.403814922563,5352.267702246073,1648.9332297312717
12.0,487.2522450277115,38977.29663422331,23203.233415604467,5299.285249554079,1802.2301900098723
13.0,486.18993211335413,38895.07135374192,23155.62102177958,5286.872740125159,1955.5271502884727
14.0,485.12761919899674,38812.84607326053,23108.008627954703,5346.3477172686125,2037.2488573087398
15.0,484.0653062846394,39030.62079277914,22760.396234129825,5409.955086832398,2115.0071294290615
16.0,483.00299337028207,38948.39551229775,22705.267355938253,5429.421699220971,2237.080758303608
17.0,481.96568045592466,38866.17023181636,22651.467979897905,5434.735487328424,2373.481966543668
18.0,480.9283675415673,38783.94495133497,22729.477726082623,5354.212439078127,2509.318968920845
19.0,482.34730462720995,38697.96967085358,22812.83712263633,5270.914237282839,2645.140420760178
20.0,481.1796792128526,38615.14439037218,22998.134240502222,5102.443746315676,2798.4373810387788
21.0,479.90440589745964,38533.31910989079,23150.54271701954,5002.403057480789,2904.6153742001516
22.0,478.5039032676571,38451.4938294094,23228.174418041177,4952.556764280747,3009.685197138603
23.0,476.9848328569088,38469.668548928006,23145.10368644908,4975.674628849134,3081.97300141468
24.0,475.34331559950505,38387.84326844661,23094.474805199796,5043.524471096947,3152.8212190082463
25.0,475.42536369929445,38303.2005725873,23044.43342395051,5100.596329755299,3235.185696729602
26.0,475.52475358860545,38217.80563495345,22994.984279422984,5159.647222751426,3315.9569900536285
27.0,475.42729561641363,38131.956274092525,23004.881988800058,5181.217184753592,3395.4262964993395
28.0,474.39834338833094,38046.7241562495,23015.854696486946,5166.965075123989,3510.1382627334942
29.0,477.5864667068329,37954.46387129881,23027.289122459508,5151.924315795936,3625.0603435729654
30.0,477.8136510133815,37868.028631460584,23039.170771436067,5118.0400589856745,3758.05367650676
31.0,478.3129226700224,37780.16771500802,22990.91980694779,5123.52689464908,3891.3800101485463
32.0,480.22635566549957,38012.31738051593,22619.39953682659,5109.137524860542,4044.6769704271455
33.0,481.5373743867112,37921.79980719428,22564.23945004942,5104.176655323259,4188.640597372413
34.0,483.99647057658814,37830.8585705746,22511.46727548198,5099.420172964494,4332.4954391638685
35.0,487.22788555883795,37849.8207249851,22629.56577065158,4907.022381846786,4476.275707650228
36.0,490.56532861106416,38016.776049728716,22598.970754213,4710.683693766455,4620.012465458216
37.0,492.9673160849038,37923.69470390302,22746.236505663284,4564.956002422741,4763.733855385154
38.0,497.8786598732886,37934.90919260095,22579.57688410722,4606.224399330419,4857.336483013731
39.0,500.5171013224914,38040.72277358957,22614.138733666783,4443.66608981086,4959.280238105937
40.0,505.80066442351176,37941.89489864955,22845.663320486223,4297.942767549042,5041.394171730416
41.0,509.08145863690186,38155.93338534997,22556.24004636584,4282.3345569956255,5131.409926324266
42.0,510.74581305818555,38173.70955387002,22456.55665888575,4288.821245254538,5199.874011886082
43.0,512.6541376420118,38076.2775485846,22467.418093331486,4299.290513558233,5264.692278731221
44.0,515.6703342859972,38179.35634205933,22280.112350196647,4310.034432443163,5327.3207023389
45.0,519.065902900478,38077.957564400276,22292.464317222537,4316.907055320478,5392.42224373016
46.0,521.8912492089665,38083.66242935097,22258.499788486617,4274.1468162534475,5466.91530487784
47.0,524.9224344773086,37980.00480021364,22331.239222473603,4215.4197651243,5555.909809769028
48.0,528.0728877031136,37874.747171076306,22464.32289500168,4076.3935704337414,5684.789508194029
49.0,531.1985930572807,37767.889541938974,22512.465233255378,4000.1934310880133,5807.286415703858
50.0,533.4576317447811,37661.87924216841,22564.91876357569,3906.1709423111906,5944.350140575269
51.0,534.1104910216814,37557.93112314354,22621.51584961763,3853.137772968932,6037.252144184839
52.0,534.0404830522075,37575.0249818084,22425.13183346524,3889.0904332469368,6129.562820551075
53.0,534.1609076527609,37575.03979111978,22244.963598974566,3926.213832773582,6221.31173603614
54.0,534.5220170668748,37578.05018165305,22059.89718126371,3964.271880347009,6312.526978684097
55.0,535.1647669797471,37822.92202054793,21631.09899255534,4001.670631760695,6404.926102215434
56.0,535.9779702453664,37829.63485420692,21510.367234544898,3967.6393469764785,6518.125541526878
57.0,536.8148727483668,37728.71796078907,21614.439334179788,3867.685192150655,6618.964029441511
58.0,539.348699182224,37744.501067371224,21706.187917049745,3692.7860574181655,6724.561491892704
59.0,542.6221535192693,37638.02928834619,21922.552592944667,3569.8089656147476,6774.07682697007
60.0,546.5873724813785,37530.20502360268,22147.450896011807,3447.4691616495634,6818.928867364173
61.0,551.1437739807467,37420.937549388,22380.052075099396,3368.210494337485,6816.830789625633
62.0,555.554869866856,37410.058508343434,22576.114280483423,3249.1410600771587,6812.436863230729
63.0,554.6204697371367,37405.41067226601,22711.57193136975,3171.187069262245,6804.676979908263
64.0,553.6512159439765,37301.38571011032,22786.34661704884,3201.420760897323,6793.881671891429
65.0,552.7148240392393,37196.96074795463,22825.694855064503,3240.1788069598783,6799.064630512541
66.0,551.8883451394477,37194.42317797282,22766.152883471856,3297.815688376702,6784.158039945799
67.0,551.2065783900996,37090.19821581713,22810.087653508042,3314.8622279558217,6808.007785236761
68.0,550.6579272563756,36986.60016759749,22856.722990161,3328.811639509209,6833.668863746596
69.0,550.1502056063963,36983.65694462738,22800.151050822846,3342.957868327723,6861.119022932323
70.0,549.680517179825,36983.00511526216,22743.00053662473,3308.9113427464117,6933.330062873016
71.0,549.2773157744087,36984.7444172444,22616.766738097034,3280.3727730091377,7042.82514069873
72.0,547.2896901718545,36883.101194274284,22596.914543614592,3254.2523392607686,7148.424881716088
73.0,547.0666394485413,36778.957971304175,22639.21334121014,3217.259189857493,7224.161641408593
74.0,547.6517845736394,36673.365977669484,22686.527127028137,3179.867551579774,7296.558997827693
75.0,549.8330546794703,36565.969909554085,22674.687900792385,3175.161540961222,7375.970245043485
76.0,550.891290063599,36460.55106715571,22590.056781490675,3208.5274338059608,7466.944927888708
77.0,552.3198504564945,36455.16452608071,22464.817526483148,3234.9524528413394,7527.228365366508
78.0,553.8873639015434,36451.89651536335,22336.9231445096,3295.7291150194333,7552.475512535023
79.0,552.2861288674691,36455.51564816924,22206.382609868007,3381.020457312549,7552.317723825003
80.0,550.6767521282403,36353.01306722774,22182.600926638588,3473.673519647979,7544.054449404473
81.0,549.1198457321287,36250.510486286235,22163.737102801228,3542.08763072072,7558.455281738497
82.0,550.1178719389013,36145.25790534474,22267.422400904718,3492.2727008180927,7611.280825034498
83.0,551.6606829726999,36038.60688196108,22375.631239509188,3435.3585716552225,7669.499637419003
84.0,553.638544818186,36031.509123526215,22387.16084157781,3396.0541626558183,7707.993244076068
85.0,554.3900799489815,35926.29712015315,22557.465042878277,3313.7151484570586,7749.141957172133
86.0,554.1454139500225,35922.924467296536,22438.278680193802,3366.021485971554,7782.307630665487
87.0,552.4110565397198,35923.389228854765,22437.833030455924,3327.5996526958784,7826.856667082081
88.0,552.3416323617569,35922.98391218613,22436.00626860099,3292.7720423238616,7866.977185540995
89.0,552.783567032848,36023.06903227947,22333.897168525564,3245.2716773778025,7917.201863406561
90.0,552.2700484703606,35921.081103992095,22491.575587395535,3162.8132399946303,7961.138879470529
91.0,554.5763082023109,35814.79746568116,22528.314274051656,3140.8550721166666,8025.299055779389
92.0,558.5408810729236,35705.20851493539,22629.036822983428,3058.965498750613,8107.609676022775
93.0,563.7390127090596,35592.48087787231,22737.13830844143,2980.1135831456286,8183.155802817328
94.0,567.4226764148407,35480.27576300308,22786.164114939853,2962.931316653572,8237.789985201392
95.0,569.381609505787,35369.24645567985,22900.58278993017,2943.30802231612,8253.233886434624
96.0,568.5140772508539,35261.45706706433,23020.176105874147,2942.0405707450936,8248.464880202935
97.0,567.765539756912,35154.16317064247,23131.349698142243,2964.947123009949,8226.4277785201
98.0,565.9382485917359,35050.19133535452,23249.73036690041,3003.470540126963,8185.9596670359615
99.0,564.1557319879105,35049.262318008026,23274.389397871895,3016.139925067425,8167.832178554558
100.0,562.4511880008855,35153.01831942469,23259.820340941016,3006.3682762249714,8129.561142223474
101.0,560.8506856119047,35361.515983869715,23080.373203775533,2952.4843731698074,8173.603189163917
102.0,559.4007740110886,35571.48796458422,22956.434471617195,2847.677394158918,8225.399332989562
103.0,558.1413081868233,35684.436489106534,22925.409253345082,2734.8800358388485,8282.816897429188
104.0,559.4989846243594,35584.902359406406,23084.271509947215,2604.6573394088405,8366.060001064208
105.0,566.9102238613496,35475.60359003642,23312.77288251731,2442.5431990301813,8434.390563208648
106.0,568.8462378505258,35373.13419807053,23431.06349027781,2333.3254245350063,8522.418240036613
107.0,567.1564123583828,35275.90294056505,23481.27810524223,2272.898939416689,8606.589821330746
108.0,565.172607600424,35278.67168305957,23432.695694399154,2214.4958815602436,8687.602480450378
109.0,562.8757606605379,35283.664598433796,23307.72165833578,2206.2255622227635,8766.243388632414
110.0,563.7774070030254,35181.20638989058,23213.467223013075,2247.5990413643126,8841.90945657299
111.0,562.7725994971582,35080.586105913506,23178.586186394437,2273.8769404664054,8895.000156685215
112.0,562.9140814232453,34977.872516090516,23145.831728820467,2314.9132784044195,8933.447696843985
113.0,563.8145208988409,34873.39132454796,23115.848340016426,2390.4132898914513,8937.172777236701
114.0,562.8949634535257,34770.884959034476,23089.18786009887,2472.886214798965,8933.431446547824
115.0,562.0700946517181,34667.978593520995,23065.12144821164,2560.1455344421224,8924.281691518821
116.0,560.5378965020672,34565.922228007505,23102.326074817902,2582.0697255702453,8940.581557768686
117.0,558.3622572934491,34464.915862494025,23073.192722939206,2633.5255629144135,8972.056985172196
118.0,557.1101725256538,34362.659496980545,23045.451754256574,2671.4500926345654,9017.009607585918
119.0,555.0690066979101,34261.45313146706,23019.786642635896,2708.9315963100235,9062.340817759652
120.0,553.1721975327905,34160.24676595358,22995.660337599205,2731.551117716524,9122.249136687285
121.0,551.455769003682,34059.04040044009,23031.91152427546,2720.0226054507375,9176.845577500611
122.0,549.810470035291,33957.834034926615,23007.56151340992,2732.9329396299036,9247.774018140706
123.0,548.2369552241262,33856.62766941314,22986.172756744054,2748.970524881173,9314.41358696189
124.0,546.7507617686983,33755.421303899646,22968.252033673714,2768.0573860279897,9377.223987260244
125.0,545.3332702970401,33655.21493838616,22953.003649115843,2780.363398378321,9445.820614769284
126.0,543.9514638975073,33556.025605018025,22999.64150486384,2785.9189452519777,9481.095534288741
127.0,542.5696574979746,33556.83627164988,22879.70098010442,2808.9325543646937,9543.935986171311
128.0,541.1878510984418,33559.35015281597,22817.424905355296,2793.036821305409,9605.590399308341
129.0,539.8393780322424,33460.16081944783,22860.329786604547,2765.0567580853867,9676.423126323376
130.0,538.5315141958577,33361.971486079696,22965.93479982979,2681.3887559323275,8383.324880618224
131.0,540.6036412225473,33258.78215271155,23136.357230097397,2557.164714961038,8470.913275731624
132.0,537.2478754748295,33253.70143487121,23082.648525545785,2524.7932550834676,8551.242989187434
133.0,540.112381867316,33147.738850526366,23132.523949868526,2545.5347025547335,8583.930252974584
134.0,543.5053178435652,33039.7805914389,23187.122651693462,2604.457274759413,8582.718499920227
135.0,547.8287672852903,33028.87854592623,23205.431458158007,2608.776980712203,8593.258865811113
136.0,550.405277444419,32919.399229398005,23326.342269498935,2613.6286070315,8601.387596962135
137.0,551.496840830166,32811.29854662017,23388.563942674125,2667.1676799326237,8602.482106323956
138.0,552.2873158444746,32702.944345309123,23457.119733116593,2746.7524787375905,8578.482108280152
139.0,553.148304755004,32593.66773301037,23530.362575682808,2819.36844102483,8558.485861706025
140.0,553.1148372783932,32486.002820978116,23606.292058823863,2804.5991414560535,8611.761451057146
141.0,552.1654008151262,32379.21580586055,23662.115214399855,2804.84140359728,8663.712208382689
142.0,550.1984877201229,32374.676902418745,23553.901084831152,2801.6032927745955,8756.14999642505
143.0,550.6289869224877,32266.783480533086,23606.135601079655,2741.710181494691,8861.823127738176
144.0,548.5038760666321,32263.639155833313,23621.982821870348,2689.512152166156,8924.835945215647
145.0,546.3688964845173,32265.05010646535,23638.481649511035,2575.55343597005,9036.931288782562
146.0,547.1740709094103,32267.32760746846,23594.986213519296,2513.755227836974,9135.635153997882
147.0,546.0499536704287,32277.04759748079,23544.115624585225,2475.275007835292,9215.744312437373
148.0,547.4333589418225,32485.828262998923,23288.74826981192,2460.524374033895,9275.272153100641
149.0,545.4862658389026,34081.72183384012,22985.813914457452,3027.556085748363,9281.779410141855
150.0,546.92873821338,34062.054225227854,22791.03677944801,3145.594964081381,9288.567415059093
151.0,547.1681196267232,33963.11622224811,22694.16679654068,3273.562352943972,9286.482233411924
152.0,551.5439414178213,33857.749369010795,22657.840032222364,3366.869960343451,9286.33024409213
153.0,554.2682673056456,33753.049490127974,22625.769209013695,3417.674858148517,9328.29323057889
154.0,555.6982129746976,33648.77985005605,22713.74412505015,3380.1441748873476,9391.30467001292
155.0,556.7871496665488,33544.678471626816,22867.234219430753,3326.326190948697,9433.527477035086
156.0,556.815069275309,33441.77930802531,23026.359935947323,3329.4631548397297,9482.72142159106
157.0,558.6419717935602,33415.511594483236,22973.261968202318,3314.88851749697,9547.613993894305
158.0,556.9573165000268,33394.84344508173,22913.731982400615,3262.109708291994,9653.57484949114
159.0,553.9901729231431,33293.87094031723,23031.7595576629,3149.8281941429796,9750.43273125802
160.0,551.2275274306786,33192.898435552735,23155.408170856732,3060.094748018693,9821.45177678863
161.0,550.1545395183048,33089.92593078823,23229.04388516496,3052.718856596878,9846.441576157371
162.0,549.9692042998282,32987.414634319335,23306.58700610058,3052.12140571768,9862.535858541452
163.0,548.1222615624575,32888.89662870856,23387.946524081213,3038.8854298901524,9889.107006494754
164.0,547.5256516516981,32950.55825795672,23255.758876337542,3065.7569671239694,9914.052491685983
165.0,545.8609965511075,33017.645471206575,23119.763083495094,3084.389433732086,9946.136506791629
166.0,545.1398143791791,33084.526516837825,22926.394697531323,3146.6186712773,9973.240510494445
167.0,544.2244771997991,33155.03654726055,22825.677915356475,3135.4688137149938,8786.647045499893
168.0,543.1927106403535,33143.46871376884,22810.43854452679,3114.8833914570964,8851.807226708459
169.0,545.314794573109,33129.04306258912,22844.835587627225,3034.1534940285196,8937.30343292116
170.0,550.6730958017414,33109.92958449063,22930.30430334632,2940.3054812953437,9001.6101979732
171.0,548.5488390038802,33004.955329317556,23106.22516424628,2821.513653775462,9083.559944062947
172.0,555.7022485638906,32894.29692505732,23288.8918044975,2727.911383539044,9139.668687846166
173.0,561.9564955112489,32783.32888430845,23474.18591536854,2621.8500992108925,9204.968744657768
174.0,561.6225184471919,33967.03117582342,23518.742888240962,2571.2859273018603,9259.28280900861
175.0,560.1262511121113,33936.50032075171,23503.305715129456,2930.31210092417,9323.42251357631
176.0,557.7834720941092,33838.44782437286,23523.94851085809,2933.919593444153,9390.70871223183
177.0,555.5014339943558,33740.39532799401,23495.844783184442,2968.624731776425,9458.62968625251
178.0,554.5886151078672,33640.6761649485,23518.689041646026,2983.7598487979913,9515.915423174805
179.0,554.4164616715034,33539.90623041132,23594.863927587532,2968.955450056304,9571.04081747872
180.0,554.9580109244994,33438.00506280435,23677.018418849973,2947.8197095439696,9629.555745397185
181.0,556.1470003501776,33334.90132202431,23704.243198876073,2993.053638523617,9656.855758887865
182.0,557.9068493977309,33230.528459898815,23627.16849870305,3520.8383540432283,9720.10633101659
183.0,557.8769105826635,33127.85112166849,23550.563798530027,3616.564380669749,9780.02228917498
184.0,556.9366759907056,33026.66205398406,23474.446289466665,3672.935528492036,9874.919999917542
185.0,556.020443567864,32925.22686628894,23445.832904255338,3681.4418676549394,9982.66394758272
186.0,554.2969581097552,32891.3358071699,23339.929192140837,3689.126128148122,10090.215612956526
187.0,552.6412792721173,32790.77808138419,23314.386912678936,3672.0039034680126,10218.437706811268
188.0,551.0938893747563,32690.220355598474,23339.003142394096,3639.930972247145,10329.328412605957
189.0,552.7917483895941,32585.495963146102,23367.37034797274,3591.2789453061405,10452.918216712056
190.0,556.1344462901488,32478.67859303571,23447.82564883664,3504.6726082638565,10578.63849196674
191.0,558.4534284120721,32372.934858760727,23478.937153653776,3488.6411849036003,10675.332526419574
192.0,559.2689819929191,32335.64831153564,23577.533778814297,3376.2711601894966,10766.374358764
193.0,558.5945710090394,32300.64225070507,23730.481913604253,3274.0200730377746,10813.909284900426
194.0,556.8481135769413,32268.295529090297,23890.7212759913,3156.752122616821,10869.225440960003
195.0,554.9588011486928,32169.358521299102,24141.071891273816,3113.7022977953966,10854.206186956502
196.0,554.2666860996238,32136.841659404363,24322.566865159817,3098.412285710687,10808.897991612217
197.0,554.1737035473722,32242.331507716364,24349.19288297127,3050.482128158563,10786.036437623665
198.0,554.6650304988755,32286.058119514673,24452.37813148577,2992.117362720533,10767.849721835191
199.0,554.4371828577155,32336.387041403486,24647.579697920097,2856.8449986970245,10753.343415796502
200.0,555.2100652657701,32390.271709217042,24688.927111894205,2835.7448080752197,10727.360932528632
201.0,558.1814677916166,32372.953378727252,24843.086247800882,2727.3639258447365,10754.713326471807
202.0,560.4113564622651,32271.842885597875,24980.91213919732,2687.1292768527937,10793.080030521336
203.0,562.6447969486231,32171.08566771398,25122.08626825038,2601.682204139904,10868.189477973536
204.0,563.582303949006,33262.58925215811,25085.163608055576,2567.6214770535003,10958.86920161949
205.0,563.3072567159406,33284.314897589706,24844.209841706805,2634.600925254452,11034.980093482462
206.0,563.1075902531841,33364.423605929136,24516.550209299363,2699.4892051727848,11113.766201398383
207.0,561.2559440959465,33329.980989915304,24344.638613770087,2763.733796609312,11194.050119990161
208.0,561.8740286898195,33292.61711700313,24170.100126891724,2832.1097418140685,11271.680767845315
209.0,562.0898051397751,33257.94815359752,23989.02542635044,2912.0852912825376,11340.397470837608
210.0,563.9523588928394,33158.87335199973,23892.107012285338,2996.9518723816436,11406.406118200264
211.0,566.2993171268029,33058.33433096619,23795.18859822024,3114.353447536865,11445.010259832361
212.0,570.7600590222889,32954.29402452466,23699.210184155145,3270.8184368725683,11450.025583535262
213.0,572.7116953342206,32851.61782735806,23605.129341096534,3369.929679774284,11505.839205101925
214.0,571.670893907987,32751.352748478526,23607.490718060908,3348.5916763510363,11608.847285649681
215.0,569.7829184829341,32651.726948487576,23708.084854027402,3261.306659710873,11709.64534066782
216.0,568.6959522080118,32551.15829135377,23866.140815716375,3127.5950063114874,11816.683524413398
217.0,567.9062402424162,32450.18979483297,24030.63442763135,3000.1272060220645,11915.405971729711
218.0,567.4103968237506,32349.39125427626,24249.79056648516,2884.6495810973397,11970.53401152651
219.0,567.2195590130799,32248.769590590247,24480.25933091935,2760.0542810598836,12027.088522195181
220.0,566.436890482085,32206.381304386032,24575.934870472876,2704.809526147489,12057.295674904155
221.0,565.7841896845969,32165.132138830748,24577.35157313608,2761.925596367139,12045.863037708335
222.0,563.9788883571885,32126.5285575943,24512.2809566332,2868.576597255747,12030.849193073864
223.0,562.2441012024185,32086.25455710437,24396.992628077875,2985.085973932292,12040.587549160082
224.0,561.829396262344,31987.983083044244,24408.928501414826,3074.3405538852967,12045.194683824804
225.0,562.0459545775765,31946.577683403208,24388.52979400163,3425.3619351387174,12064.306992337786
226.0,561.7308484661004,31905.77126691285,24369.098994519332,3459.7961461510417,12081.325798149464
227.0,562.7979239658854,31863.009356731814,24301.56506861777,3539.386923537316,12082.337812297239
228.0,561.3943516380849,31766.076017979347,24314.587639630357,3580.9963372871275,12120.25000519547
229.0,563.1590355935973,31665.514849387328,24331.973942952187,3577.7685157228943,12200.968027892384
230.0,567.411311494159,31618.66987364148,24320.44276083599,3514.5787599783694,12311.018678577731
231.0,572.2276943076083,31512.985065936395,24385.535910802122,3451.9246469308023,12422.064652409867
232.0,577.4091183386334,31406.240650009724,24550.832210468885,3328.481668291654,12532.192712770462
233.0,579.6744824745446,31302.59627954018,24674.591268773573,3254.0113774956276,12619.782656957457
234.0,578.9609893315462,31259.223770037417,24724.72732004367,3178.0212154211576,12706.085835166738
235.0,577.6680033497692,31274.655961297754,24496.78613930011,3144.404744842128,12748.018413877644
236.0,575.6922807725502,31235.82172219844,24528.716357006564,3136.6367271659183,12762.508965211422
237.0,573.6807133479192,31199.197491706243,24507.16936344897,3182.8565691375825,12760.351716844836
238.0,573.0024373502569,31219.832621861602,24329.04288281485,3289.284874594334,12763.589228522145
239.0,571.1634361805816,31180.710881140087,24219.931165325423,3381.565042405676,12781.413524833277
240.0,571.9333670297465,31080.388673759135,24217.87621185227,3460.947876939284,12783.29997530843
241.0,574.2019635058882,30977.90846355991,24219.0242541359,3545.2977615574146,12779.219970962595
242.0,577.7822769739614,30873.09672452835,24222.914649663828,3625.935536828755,12777.770208573973
243.0,579.0931107523419,30769.699258705063,24268.100983552155,3631.728376290011,12820.868576957198
244.0,577.6984450133368,30668.604685127848,24272.05877821484,3659.3288637182322,12873.188922920748
245.0,576.2330700351969,30567.35240795023,24319.11675391422,3596.048808216345,12984.874485009093
246.0,573.9944852259014,30466.83644828322,24365.1168629652,4019.612820210458,13115.10942260446
247.0,571.8545922451246,30366.320488616202,24455.384308376713,3896.9729960949285,13244.72228117102
248.0,569.8631589797145,30265.80452894919,24591.840935992055,3765.8551011164327,13347.852790679764
249.0,568.0677755433903,30165.288569282176,24733.76132254041,3638.0742383843144,13444.434612583258
250.0,566.4961426476161,30064.77260961516,24835.597627608906,3575.1157876842967,13514.728145546596
251.0,565.0778061381316,29964.82807851957,24899.96585548481,3593.18490325032,13543.416202163065
252.0,563.7602497554712,29866.038576855746,24922.036457266433,3679.1444083284064,13545.761166091836
253.0,562.44698906054,29824.391932334776,24919.761875091233,3746.9778203003134,13533.48327280628
254.0,561.1337283656087,29841.105373846844,24851.35051003365,4014.1220699743867,13543.360278667711
255.0,559.8579676706775,29742.31587218302,24866.852715768306,4083.032568940328,13554.864011692196
256.0,558.6511539587813,29643.52637051919,24920.07374489568,4125.415647138416,13566.122958760923
257.0,561.2371668252866,29540.451154569648,25017.83184979613,4114.495419114236,13598.412077006242
258.0,567.0027884310148,29433.096283416085,25124.132347619274,4067.444223944179,13661.058273801751
259.0,570.1266258883678,29327.465856530875,25232.02149432598,4013.3148916692567,13730.147543194978
260.0,572.5625414711732,29222.317122782984,25335.689043417908,3956.2628207261587,13806.222534955134
261.0,572.9926939931157,29119.246661712717,25483.917971006274,3859.501829656096,13889.368861571365
262.0,571.5139008451343,29075.653552117863,25567.589220873117,3799.068726949449,12393.098559684724
263.0,569.9175092384713,29035.48237527836,25606.320032652973,3773.6448060045223,12436.958075616833
264.0,568.3014206265912,28998.382298563647,25521.121318500176,3849.4526524896924,12470.981561789558
265.0,566.6836387885926,29021.31745346003,25490.857534597624,3873.4738900880543,12467.187350568383
266.0,565.0996472375535,28989.86625065107,25432.300969176984,3959.1417895578425,12467.350119271416
267.0,563.6133954774181,28891.022008281616,25414.11363461326,4008.9190433392932,12524.767323436921
268.0,563.5053716816476,28790.749194483593,25477.014986159313,3996.7197632697694,12584.87483035278
269.0,567.5959398998128,28685.54720168451,25584.170046845597,3956.029628924113,12642.301882133592
270.0,572.4795785468331,28578.938793518948,25700.39724624407,3900.922429416078,12707.323254966985
271.0,575.539913163703,28474.24285563578,25864.58296642766,3836.7259710993167,12748.793463666763
272.0,574.5450393837674,28431.480798574958,25932.161319206178,3784.243882797776,12800.067857107902
273.0,572.7121185540003,28449.217901527572,25891.03859412639,3743.771100941758,12866.828309340819
274.0,570.8153953581872,28469.90784911984,25533.054282672165,3704.864592249801,12913.911753167142
275.0,568.9284282531873,28491.939474699662,25472.953361952616,3713.3121634056965,12944.73364990292
276.0,567.1472592930076,28452.76753205371,25470.862298386946,3716.878286613528,12980.994309430418
277.0,569.7954954311934,28410.077247319536,25465.5821332356,3730.522548032312,13009.817959698175
278.0,572.8741900084756,28366.883072314416,25444.148288476907,3753.470758342986,13041.91875466319
279.0,573.749427598319,28323.38368923288,25426.361650863175,3790.8086875285126,13059.512843572042
280.0,574.487646494749,28222.737610729127,25463.61141021311,3820.207135947301,13084.943218703444
281.0,573.0916523304563,28124.406497184584,25469.786058381003,3901.5788142102465,13088.735073847569
282.0,574.4085904133123,28080.32344860456,25422.523857908825,3909.962235392757,11855.964611133895
283.0,575.2505855630925,28038.074114508287,25376.042239635957,3906.337134448587,11939.930883528794
284.0,576.3761411055635,29498.277082446486,25396.14830043467,3846.474900597682,12020.371768741656
285.0,576.6284433232485,29554.131055481434,25190.64905386772,3885.4375724423935,12098.042766626502
286.0,574.3994003373888,29614.476326676628,24981.563305268297,3933.5673162327284,12167.102967798033
287.0,574.5012058463419,29623.787699697787,24826.105806755688,3982.044006727857,12235.24165677266
288.0,572.7438423417846,29583.584391160282,24765.695928039368,4037.0316426620975,12271.189583455185
289.0,573.206159240688,29486.473058894142,24769.724301148806,4114.699590417024,12287.056267771748
290.0,577.1450815596684,29385.60255886531,24687.258351481756,4293.432033117987,12282.688531144518
291.0,584.1056233700376,29280.741981744966,24605.79954467185,4443.419842134928,12301.592825975513
292.0,588.7750835819909,29176.625149855558,24527.04117300312,4526.70099589792,12374.156981945687
293.0,591.645831790828,29073.079979467748,24551.782325965178,4457.713607133183,12498.343539570122
294.0,596.4991340057517,28966.53672734586,24748.378535318596,4242.747033120726,12620.70885469316
295.0,594.9470514326008,28865.082639776592,24956.055100367146,4020.4285911712263,12741.771100210613
296.0,592.2037433327357,28764.67142840573,25140.059759957323,3876.60084282009,12817.003190677451
297.0,589.6414059429333,28664.26021703487,25333.039542078204,3755.1288853054375,12868.42438558881
298.0,587.2987114504049,28563.84900566401,25494.03510843938,3676.850706895946,12907.579131323433
299.0,585.2139541310684,28463.937794293157,25585.219413683935,3690.572152075066,12922.308413256194
300.0,583.4455508628498,28365.04359187122,25364.240497759016,3736.3596879692636,12943.956355012655
301.0,581.9820365999162,28317.679583449044,25348.73359721491,3798.9983861549044,12952.66710384858
302.0,580.5928959865615,28323.033353739258,25244.465583291465,3883.0531853798857,12973.901575646407
303.0,579.2373461627384,28380.224084292324,25117.119412697342,3974.85627731736,12965.393764576776
304.0,577.9490122769408,28387.117431986415,25039.30771702125,4046.895863946238,12971.985687764276
305.0,578.6110030261902,28342.811678583123,25042.828111359177,4050.715761643366,13007.215411449635
306.0,582.4587931794994,28347.139728501705,24998.93682486647,4084.319295087087,13014.918476535186
307.0,588.0480404430789,28297.474631015466,25035.04726848018,4072.588725590206,13034.055225843163
308.0,593.9693060368326,28247.703003589326,25037.991346944957,4067.4685254649376,13072.306615058855
309.0,599.8264308058472,28143.491314378807,25065.80529982708,4052.3390205860196,13140.418426844473
310.0,600.7647877672771,28042.81529250874,25119.454908992677,3993.203927617621,13223.868833781926
311.0,601.3008047786583,27941.833556994734,25178.162465340996,3921.282118386901,13313.802759623719
312.0,600.4840251953206,27841.525331460078,25242.34698617656,3853.0376911612448,13396.885858299085
313.0,600.309754112076,27740.102654069146,25248.141078060435,3869.204620474396,13459.50384722216
314.0,598.6885502240945,27639.577880071774,25256.157359963105,3909.509630501577,13502.04172946079
315.0,597.3768291115362,27538.440506034698,25265.251135745493,3939.292857818116,13552.80206020395
316.0,596.719323155537,27436.341759609586,25264.591460835967,4001.6839256118415,13586.012860281475
317.0,593.8954163684222,27336.06412258536,25229.048422374104,4095.414955282428,13623.202291323543
318.0,592.1537840123272,27234.850358957025,25225.10919066539,4138.801708964629,13677.250344657325
319.0,589.7027997094818,27134.422941676145,25253.77205911897,4159.272960984722,13725.253569276842
320.0,587.5371293366145,27033.99552439526,25315.123515420935,4163.996138158663,13760.547171076047
321.0,585.65555326134,26933.56810711438,25379.758274897078,4179.83264646401,13784.978059040717
322.0,584.0374703349564,26833.64068983349,25413.459674171765,4188.7131678533715,13840.24735177571
323.0,582.5455138797628,26734.72446615359,25444.902223982106,4219.325617440158,13881.062850303324
324.0,581.1152048526712,26686.846235297002,25425.498261852576,4241.1136021172615,13930.700461508965
325.0,579.7487094207164,26691.146080730672,25416.878503772867,4174.847609971248,14000.815397593191
326.0,578.3822139887616,26698.125848396805,25378.17601941148,4149.969594080381,14057.872734884513
327.0,577.0344685568068,26708.177952935992,25307.073811527116,4134.583284672161,14129.66945473054
328.0,575.7181912362955,26612.858438271436,25401.600192783008,4070.7077098316363,14190.65753718222
329.0,576.2859533136603,26616.173656002095,25367.910032556134,4038.5017840524915,12966.653832260328
330.0,578.0992799734332,26567.917062588414,25380.13046214512,3989.290652466282,13046.708966739207
331.0,577.6327035615257,26522.373090269866,25395.876305399368,3983.2093865674005,13092.18025116499
332.0,576.887466871935,26425.99018785141,25466.687966130212,3966.449940605511,13142.538816434691
333.0,578.7967974602319,26327.422651839042,25542.533312751606,3973.517823075358,13172.798696401336
334.0,585.5468022420089,26223.954349071686,25622.60506470794,4012.8229970723005,13177.45671015829
335.0,592.550913584695,26176.847288388635,25614.497748375332,4081.609323819043,13183.668814143242
336.0,595.6301609255805,26128.36644867461,25642.66223086296,4095.6062710074357,13206.433594332759
337.0,596.6730428256373,26087.645405951393,25648.873500986207,4103.454788727681,13244.42892155515
338.0,596.4740251142923,26103.481216459568,25581.343841327336,4096.377867316053,13305.788729897755
339.0,594.2629244096435,26006.871058414432,25688.520209022117,4008.2989460170265,13381.159752863783
340.0,593.5482544869745,25909.145611232954,25802.55789264692,3916.7929831482616,13454.088060960892
341.0,593.4085158733395,25925.968478033086,25809.045137946036,3804.199146731187,13537.353943488024
342.0,594.560357223407,25878.536479213057,25829.869431577896,3744.9574832889825,13614.949055874607
343.0,595.7561380911525,25832.429602304983,25876.949861748944,3664.1696563144606,13687.634444904232
344.0,598.7969710399317,25786.250433220706,25865.084351123238,3657.4365211570757,13746.947831742666
345.0,601.4915986840294,25734.72072599341,25859.489988490575,3672.627268086264,13788.988486630755
346.0,599.403658785367,25687.735190179752,25807.82572764912,3736.402283464802,13828.175979147183
347.0,601.1994864625108,25637.8939662786,25750.863444720642,3803.7835949564424,13868.146757604829
348.0,602.963337461895,25536.502760063308,25746.727931515357,3858.171325677487,13916.771675096741
349.0,604.7333030542388,25484.363095356468,25723.42923726806,3878.957615912928,13968.79869848162
350.0,605.9167851970313,25432.99527647424,25696.82577915251,3943.320616189459,13991.177828664966
351.0,604.0737983399299,25333.104154905595,25753.75456835341,3942.688310762036,14037.590247398017
352.0,603.2720913481049,25232.163147888787,25815.413053902274,3970.7827307000025,14061.200980697382
353.0,600.7528550667178,25132.77591210335,25881.667927082854,4014.5827589569303,14071.350686162736
354.0,600.292063568697,25031.44973242585,25982.013653220467,4026.971579620581,14080.307232814212
355.0,598.6921082528281,24931.5555953751,26055.96413769121,4065.407774143625,14089.55540247611
356.0,597.8121861712445,24831.464563808087,26104.57175285408,4084.763288227356,14131.552710223461
357.0,597.8449753275121,24781.34467224581,26065.056242891995,4131.665530286872,14181.74926936807
358.0,597.5205248936028,24734.204562225776,26082.706910513996,4086.3286198244223,14255.91934643676
359.0,597.3497980222851,24738.982026924572,26038.84785948923,4046.1481827374487,14333.41016148746
360.0,597.2828798565841,24746.00517292218,26024.680955745953,3948.795535252386,14428.293324567321
361.0,596.3776123969528,24757.013926706866,25980.227179044577,3952.066089015892,14468.541307646465
362.0,595.5588482426058,24715.78002041487,25740.15883580556,3913.3954042414603,14515.198493377386
363.0,596.7463386938826,24668.233157101084,25750.10078578147,3936.009369676209,14536.833628777447
364.0,601.6704403366865,24667.92197458815,25715.985638839633,3940.5449148045686,14570.069177285342
365.0,609.3043965025809,24665.940724457654,25646.905681317086,3989.1238321477167,14597.316742321134
366.0,613.9619542810149,24615.135719337766,25615.752169574458,4004.813587856516,14653.249369282046
367.0,615.810257395639,24566.488357071034,25617.73928153367,3977.5471393566863,14713.254921219188
368.0,616.5837199870573,24517.341517071458,25609.331294369116,3980.7035257435227,14760.969768526309
369.0,617.7750423942817,24418.285749915223,25673.67567226137,3961.4455541307475,14801.439874073902
370.0,621.1266471183505,24416.963409645294,25651.742853148113,3935.304296396799,14845.364508581324
371.0,622.9596784087165,24418.127627024078,25576.502706927782,3958.5673701440815,14894.478742229043
372.0,627.9024665321157,24366.023714801937,25593.925409270745,3900.1609544942903,14962.46866490402
373.0,627.2328102908563,24370.369791207126,25514.065419916755,3910.328683073442,15021.554258423808
374.0,625.6963521382014,24325.661064801083,25504.17029748759,3913.8873765867784,15063.018638593681
375.0,625.533664523025,24226.654997513986,25512.988573714956,3940.8120149268825,15110.426042487265
376.0,624.7011660066016,24177.89447722581,25282.908289661915,3932.228325523577,15181.906605108948
377.0,626.1286728081176,24127.671786040988,25273.563359515312,3899.838418632795,15247.943134679808
378.0,627.3356343330206,24025.912807887267,25328.493619964,3846.861069246879,15308.225140346905
379.0,628.1697549039932,23923.949779709696,25387.706615398034,3803.617001499844,15358.3093904231
380.0,627.8216676319191,23823.196434034042,25474.01458500354,3773.8093813422397,15374.907419559875
381.0,628.1727038896404,23722.017721843542,25510.46729536342,3786.215451770175,15406.795566549015
382.0,628.0797655702361,23671.424791884365,25532.64739856584,3971.3296368835895,15437.984639408822
383.0,627.1618986891444,23623.811030318026,25530.716032428998,4012.055180634383,15441.674316487935
384.0,625.8309772720202,23579.0240785978,25469.95282848921,4048.235525785655,15500.847535437648
385.0,624.9161736380202,23580.896788450773,25443.611262600636,3993.0262054683512,15569.488731753041
386.0,623.6489889164153,23533.177176611513,25480.628945475724,3891.179738718042,15653.628821782171
387.0,625.0182365317307,23432.762665819148,25563.361022010507,3768.615010744473,15749.425663251492
388.0,628.3037405949187,23330.5858140501,25651.764254034926,3658.8681974440537,15830.253557462673
389.0,633.9499421284318,23275.85265613333,25700.36607428356,3549.9847203176846,15910.751884081757
390.0,639.4774512893016,23221.181833103743,25727.010965302175,3511.3491089392473,15952.666852087923
391.0,643.7258934576205,23169.21917249284,25699.533443380875,3579.856762159011,15954.346058349112
392.0,644.4187862457618,23118.44911541821,25647.142992906814,3693.7820361748054,15943.249092975571
393.0,643.9086526637062,23120.497408318668,25529.820153465487,3840.318101654377,15927.599781982964
394.0,643.3128024930913,23124.568146899695,25409.687801662592,3998.8141673948608,15902.252312720027
395.0,641.9261479962911,23130.137963966023,25286.891318850332,4143.104744245168,15889.220849721241
396.0,641.5226130131767,23082.848270086917,25172.00485289171,4280.429704417952,15911.204639873224
397.0,640.9563158163081,23035.490609699726,25080.38568096393,4352.863648780522,15965.401656162298
398.0,641.3485670739078,22935.353512711165,25078.714938153673,4352.857646322406,16035.048636587799
399.0,645.353361881353,22831.230371177488,25104.41206553335,4283.457468981157,16137.373963419464
400.0,649.540619662876,22725.857191279152,25181.43074614087,4147.471425905462,16248.262965195665
401.0,651.3106039273503,22621.733837460495,25239.143582774734,4033.2457026429556,16359.004078817356
402.0,650.1549669927188,22519.770208717266,25301.303477683192,3939.5314218862104,16449.128458003725
403.0,647.7094154512848,22418.85657997404,25343.45424807165,3879.5419387024795,16529.993051085254
404.0,645.3102333798838,22318.44295123081,25328.68030381178,3933.098373964018,16570.351055028026
405.0,643.0371424911481,22218.5455936511,25314.699767597715,3993.454968024378,16605.19667247258
406.0,641.0071625894226,22169.186023207865,25279.902873164403,4046.4676755187334,16629.370678637588
407.0,639.1751907149188,22122.011861749226,25220.277704655186,4082.9071493354145,16689.191250865006
408.0,637.5529021144813,22077.561048803072,25159.10377665833,4119.126177773403,16749.906984495585
409.0,636.0246686845521,22035.739909855605,25192.730934875555,4089.802296352861,16777.11235133465
410.0,634.5934896360891,21995.26462919126,25229.733824279283,4044.4410568464377,16813.235706502495
411.0,633.2509315848534,21956.52666191171,25270.254943734162,3963.096119720062,16874.739688678823
412.0,631.9833934745059,21860.90020215926,25359.728228505326,3922.9618721586794,16899.634215352922
413.0,631.3867142907127,21866.196473130818,25347.006000957517,3921.4889728847397,16913.231665600706
414.0,634.1337534271981,21872.035197612473,25308.197988160668,3959.5528802493136,16914.29315128165
415.0,637.4530576421544,21928.99260524981,25191.736371097977,4011.697412521256,16934.21738546684
416.0,637.0879216034738,21992.323553818354,25046.565901865884,4054.5335516006257,16983.097638117913
417.0,635.7900733029093,21898.208215203966,24995.73936918208,4134.446335819658,17028.931819730868
418.0,637.600062187372,21800.967876589584,25017.097834889253,4134.965407946024,17075.720470341832
419.0,640.6848818908243,21701.8687765504,25043.15332780154,4130.792035623688,17123.03862778393
420.0,642.1945404509835,21603.4686015083,25073.579249801038,4112.911141722001,17178.610588916184
421.0,644.0782353834168,21504.02091577491,25107.62059998862,4102.440084039217,17225.49133717787
422.0,646.1473935529788,21403.55541698236,25141.32357205014,4106.189669987705,17262.01590473876
423.0,648.804549949718,21301.5190234142,25153.766732909306,4119.895711326257,17310.310465336494
424.0,647.9493083591681,21201.930260103938,25190.67920281968,4122.788217663909,17345.844328839154
425.0,646.5133505944225,21102.967929575076,25193.84667634124,4152.8089526099,17390.008744340466
426.0,644.59002438472,21005.261557884965,25199.254904784448,4156.561222644254,17454.609619759394
427.0,642.7826867184544,20957.88275279208,25138.710886589128,4191.001342353707,17518.23735670593
428.0,641.1961640904784,20961.587416547714,25061.602075996336,4228.775961232673,17557.64489682714
429.0,638.846093471496,20918.805741142187,24997.71704896823,4268.379411057387,17617.60403179335
430.0,636.8590337081024,20927.888875202,24917.610963889903,4284.422474750743,17674.496373024253
431.0,638.8692323067163,20931.39158716757,24840.701775288566,4321.0065287901425,16251.71391850282
432.0,642.883938317612,20830.45545451498,24894.812323062506,4299.268455200812,16303.81144433663
433.0,643.0990659944231,20732.521425790605,24821.79569650432,4281.820143606391,16349.008733323179
434.0,645.8474854177721,20632.373318303908,24874.68791618701,4263.893466474508,16391.631534993958
435.0,649.5776844617134,20531.062024796483,24904.822308311737,4250.404233632819,16452.8871331833
436.0,653.0756148760819,20479.581540357955,24897.530083416506,4224.245564519826,16525.554524809973
437.0,652.2091669142926,20433.18846590542,24956.223612839352,4146.414016401359,16575.87330799455
438.0,651.0901623197847,20389.288243962877,24965.32494165195,4126.254073030974,16626.755352068863
439.0,649.9395684081214,20343.68480910521,24979.66661724974,4122.036342217741,16662.608037698887
440.0,649.321192380532,20350.20110030599,24936.405318450852,4155.247035250508,16687.980548557436
441.0,651.0441890033111,20357.377847930515,24912.353121308002,4153.262326162398,16718.609912418022
442.0,651.6666580235296,20260.59817325806,24942.09659435489,4188.690583363474,16740.331940671476
443.0,652.5259935486984,20213.677329735056,24867.162009639833,4274.998415744078,16787.189607577813
444.0,652.8504362863102,20218.128276960477,24799.383510352676,4280.90261003478,16854.946535760584
445.0,651.4260900548544,20175.128170343418,24790.82993331462,4257.753647184606,16922.291349103274
446.0,650.5800070601133,20132.014164638436,24850.468485641464,4147.1987041915945,16992.748895684505
447.0,649.7252259611776,20088.73896739332,24893.358831891717,4038.038522270914,17076.97310634015
448.0,650.5414118164232,20043.645316427406,24939.373738350965,3948.463689028924,17142.82727826943
449.0,650.7744209429785,19946.954795884227,25026.35730691219,3867.9526949920287,17198.506501494787
450.0,651.1062102623264,19850.38358338909,25058.32189031701,3877.45430123785,17237.430581989403
451.0,655.5031368258205,19799.899658981,25052.890547782838,3905.904918149081,17263.70644512837
452.0,659.0288876468752,19750.94651316646,25022.018777685065,3981.651843693657,17276.081165995813
453.0,659.493769696695,19706.081293809486,24938.614281240636,4126.987743645077,17282.404604462285
454.0,658.1099921640683,19608.85079451111,24868.83725920523,4305.997688029844,17286.763165963013
455.0,658.2215528404739,19510.12538218877,24799.71411771801,4442.088448427694,17324.185374814882
456.0,660.0567854676958,19409.465471282554,24774.423620268135,4484.646088141421,17393.47320791114
457.0,662.3778961538751,19307.76547546739,24772.931453827565,4504.403562391936,17459.608352448377
458.0,666.105548999494,19203.97163167882,24817.546271818723,4469.668446650024,17524.924393284986
459.0,668.325147041843,19100.729750064937,24866.690741896524,4443.922416976331,17579.86171451437
460.0,669.9882089192275,18997.804588038758,24899.077157809028,4362.901037537259,17692.195356609267
461.0,669.1193947555637,18897.28225705565,24977.554601890723,4240.322810736063,17793.75704037875
462.0,667.0374597294779,18847.80992607254,25017.20865760767,4146.991652782729,17875.80052263148
463.0,665.0570606376824,18799.562568769237,25010.206738415636,4093.5904763863796,17969.92058582864
464.0,663.2454170063838,18700.090237786124,24934.89296849746,4037.023210808477,18044.644618945604
465.0,661.6254681320816,18601.117906803018,25005.19981676482,4014.758697816923,18071.52488358261
466.0,663.9112581261785,18499.401991676863,25100.564733737578,3993.8936688808913,18073.881663554937
467.0,666.7183044534628,18447.620887693916,25144.381071882493,4034.90733419414,18048.798993347893
468.0,667.0391290399696,18449.840903819324,25155.37437090397,4073.0700867509486,18025.00553699355
469.0,666.4697441135722,18454.968225689496,25121.203564321295,4164.037129228669,18004.168465563525
470.0,666.7681544932844,18511.807983105704,25057.096655912785,4254.825437119507,17977.961737474667
471.0,666.1844321748026,18521.42137754,25003.481567860134,4303.989077162966,16637.779364834325
472.0,665.7752500760473,18581.472798631323,24912.211699779495,4352.9657877226355,16682.866146921548
473.0,666.564146807045,18594.59656029109,24888.714012692777,4323.8738463624195,16745.048150357194
474.0,665.5718485083079,18554.255458563315,24848.192286980557,4314.064884688807,16841.764846344664
475.0,667.1298893648035,18513.668606280477,24788.188179049746,4302.3194881966365,16956.549335262065
476.0,670.6145412125873,18471.703594683408,24767.573624051915,4240.20931280651,17069.013480232537
477.0,671.44093860905,18433.008499201667,24767.072685643667,4157.4999680077,17175.115935407237
478.0,672.392996290733,18335.711450959614,24783.863443215276,4106.589973398191,17277.738554930613
479.0,671.4684606665437,18239.633207040806,24760.381235249235,4095.1412458034238,17390.65529542183
480.0,671.9642091822593,18141.77941911158,24736.810617330382,4118.061967751833,17480.622205750515
481.0,672.0774738682773,18044.210678996064,24733.227936578114,4125.966538479531,17563.39586430626
482.0,671.5599092199096,17946.765054893367,24685.83835681167,4233.212599951181,17618.096508229144
483.0,670.6386588334483,17904.50692802178,24603.90324492405,4353.797118610673,17663.758759672543
484.0,669.9529240840969,17809.30748256337,24557.950059153372,4419.157426239643,17747.837237356965
485.0,669.5693008465,17869.863816608944,24449.934921184667,4453.065333934734,17817.609760173935
486.0,669.4200194932204,17878.170289479363,24396.19024558771,4460.302215500434,17886.92080528805
487.0,669.4897810937346,17942.338276754763,24346.85641131737,4424.3122051811415,17947.33345285036
488.0,669.7513772561933,17899.78917182323,24395.213973056718,4373.743565934465,17991.850711905292
489.0,673.8811019166517,17854.971454769835,24447.17035263202,4305.179217146224,18044.536505238302
490.0,678.4115033483266,17810.638792794638,24522.24902754381,4201.504513461846,18099.436339801632
491.0,683.6962469776435,17710.538313121724,24630.54569151464,4125.834910663534,18137.208830920463
492.0,688.6833165088783,17661.523168312506,24685.659482382838,4087.576479854143,18167.63094048692
493.0,689.3723705509594,17617.512746354296,24696.019401481066,4113.49419027529,18193.882800032043
494.0,690.1687661669248,17624.715260847097,24714.172056680396,4101.190576226736,18208.12175960744
495.0,687.3753061573706,17638.0083916776,24663.606309430274,4176.904964986823,18221.960350461173
496.0,685.9454505176907,17652.988493703895,24632.312712921368,4201.774512152804,18250.779523085854
497.0,685.3644838601431,17614.0423912755,24634.87354792512,4223.991809831301,18281.768491476214
498.0,683.3370234416468,17577.65388954641,24630.56554384772,4226.458841849549,18332.263110635475
499.0,684.2501816177461,17481.23975360874,24687.96633748737,4197.931875603991,18382.948549966273
500.0,685.6494997116145,17383.792157717904,24690.687380061438,4101.648226636195,18440.401803382378
501.0,686.7955843797538,17285.85364290461,24787.41350269109,4012.9365607934415,18486.541123218798
502.0,688.2152992321098,17187.37268597044,24851.84891287145,3959.773497871577,18540.328777589664
503.0,689.6099957365733,17088.639625459513,24897.79254759778,3942.553079174332,18587.93246909963
504.0,688.9627099729255,17041.181094469524,24866.850653827307,4018.851416641045,18616.867985449335
505.0,687.9084502801411,16994.672891663435,24812.16860513966,4138.819542189664,18638.439882581617
506.0,686.2304412976451,16897.7300173759,24765.678530541783,4247.210613878868,18691.385162732506
507.0,683.5620196369746,16801.837143088364,24720.730188726906,4364.738330366049,18738.099130481285
508.0,684.9565331052083,16702.19426880083,24713.431465505368,4420.242896363033,18791.28647991589
509.0,687.7656366710179,16601.279519335756,24726.340721852495,4450.184977080509,18842.74946614435
510.0,691.6918646087129,16499.605351654893,24741.020292078138,4413.228917512967,17596.580524324752
511.0,696.4788849450426,16446.67189685318,24727.839009282834,4376.628346680987,17694.353480066544
512.0,699.8247975977995,16445.885058031115,24683.54297178127,4358.393652465296,17780.034515930132
513.0,702.1399653755483,16394.620017978108,24672.15867171824,4383.321631313237,17835.275232899683
514.0,700.6969185280705,16347.6306490751,24680.574681715934,4355.735875624019,17905.203040870725
515.0,700.3302873606424,16248.1380740607,24684.986655881195,4382.5519331661535,17973.779009134418
516.0,701.2824802727613,16148.182550147403,24709.80369453788,4392.502043807077,18035.672232070072
517.0,703.7165401262162,16096.941978460782,24741.923952988163,4388.227663696215,18072.198879846135
518.0,706.0811166521139,16095.761732591796,24720.353030763265,4428.172130296049,18101.38408794486
519.0,706.9105137601888,16049.44562331025,24730.38307387408,4405.7250955640175,18168.03393722755
520.0,705.2762155681753,16008.040528260331,24759.626378351637,4385.8880212647,18214.10910801997
521.0,703.6142404110637,16069.430165251633,24764.152046188025,4283.756903273933,18277.674495092913
522.0,701.9394611121388,16027.87749639142,24826.727062889113,4198.071416054813,18334.321282489618
523.0,702.2221623708253,15988.94350732745,24879.97534564604,4122.8843152615655,18390.998969198918
524.0,705.08062622894,16051.673469523012,24825.065096392496,4171.7477250526745,18409.382582141086
525.0,710.0045504429252,16166.883491878634,24715.70413152635,4243.930908489112,18431.269157073013
526.0,712.3090494869913,16287.899325960056,24599.374132612607,4313.943340966382,18456.054500682087
527.0,713.7429234305038,16361.346253600894,24511.66712588333,4408.493803362627,18463.47022323479
528.0,714.7141296085587,16267.663208062255,24487.763080489818,4547.018968284217,18477.086511262645
529.0,716.3053898873079,16172.829657596696,24474.994443039926,4696.253035660794,18474.28926890492
530.0,719.8329129089848,16075.361194441917,24464.07988940659,4810.356928965943,18493.36630924588
531.0,719.8048563433273,15980.311757057216,24450.998895041856,4839.237862922777,18570.66540647088
532.0,718.8486257125227,15885.549390544444,24477.11879460817,4808.942961260751,18651.056217480564
533.0,718.4790858514956,15789.664357876729,24562.480301414635,4676.798511832334,18742.938400765768
534.0,716.2203156993851,15694.993569217877,24655.147219800645,4523.300911816495,18841.949479283347
535.0,714.5612950602587,15599.975417428837,24732.68503627807,4414.384863305929,18926.586551795546
536.0,712.3593939069925,15506.804668168508,24790.67721638024,4343.276375705295,19005.411202021045
537.0,710.4419216438594,15464.510107265687,24798.050040938775,4344.181840778934,19056.235171610693
538.0,710.1329762112143,15524.614278387091,24724.403069582426,4397.007255546497,19089.825566540632
539.0,709.758014240662,15546.584622094457,24611.95822434749,4496.7576252520785,19150.48279207313
540.0,709.4796452981321,15563.200329654146,24514.36321384294,4631.617821179446,19177.733549315963
541.0,710.6659121657173,15642.159060413094,24395.827783864403,4758.32450604941,19193.019966643973
542.0,714.8922104677865,15605.205399612525,24365.116467196945,4806.807536222619,19239.980221409372
543.0,719.2008660776264,15570.454884200972,24335.051658984637,4838.3174807893665,19296.05167025263
544.0,726.1582686506088,15470.619133141761,24382.577949251132,4818.130497325956,19348.75792727734
545.0,736.2950403964479,15366.551875799496,24471.549546668255,4725.636714478422,19410.081846689824
546.0,739.3274896702906,15267.393924837512,24540.981035240726,4657.048493523193,19474.535908642443
547.0,739.2827806625489,15223.554289964752,24561.414073560132,4593.777430783395,19552.11615546042
548.0,739.0517418133211,15128.080545547306,24635.306712453963,4524.325262259352,19614.314098728068
549.0,739.3459269196909,15136.9207612401,24662.835850536063,4460.967046569072,19656.913499072118
550.0,738.9332978205199,15149.040777743337,24691.88331834991,4410.972222068341,19687.56499863369
551.0,738.5577304310428,15159.284580533693,24665.38705436847,4486.403314966991,19689.57858151672
552.0,738.2630347066499,15172.891259519898,24639.06676460692,4582.9739837560655,19675.797492189096
553.0,738.0820651270398,15188.518782394645,24592.818434077995,4698.243459042386,19666.82541956042
554.0,738.0912327127909,15208.361298074362,24563.73752271622,4731.9535010531135,19691.53467214787
555.0,737.0968393674669,15170.899693433796,24571.161358101115,4763.109460255674,19716.36873540381
556.0,739.8739984779678,15181.005195245525,24539.790222405656,4761.218203942031,19768.60417072259
557.0,745.9467946116287,15188.933218179081,24479.268557871266,4774.44935752132,19835.94150236448
558.0,753.4951468526936,15088.201075419018,24485.205466091033,4767.0857896355055,19913.942982316
559.0,758.1369321919491,14988.66266094734,24531.984930113602,4662.875733382578,20017.016172459967
560.0,758.2740677235322,14892.360701939182,24559.366701706844,4559.54515782717,20137.939091567892
561.0,758.4175906393884,14795.474117310314,24589.957381940523,4497.395608596407,20229.999490049573
562.0,759.4992949862341,14697.00078977071,24637.35272149086,4404.9821293958585,20326.407504035422
563.0,760.0060365623605,14598.297115541496,24665.26445139875,4363.3020098486395,20408.32412858216
564.0,756.9594108770407,14502.497849921563,24675.906171272472,4362.659956937724,20480.586529962544
565.0,756.3013613039877,14404.294163368497,24648.989800316787,4428.682120765375,19188.441050876165
566.0,754.8837683617144,14307.009664572923,24641.173146228048,4510.461472273851,19236.817292722273
567.0,753.9454258517939,14209.58717454925,24653.323343798056,4587.027443719946,19271.939707262263
568.0,751.8876834056805,14163.14406499637,24596.717293258473,4714.849804010742,19310.188995137472
569.0,749.351054429945,14117.928615103787,24560.175470138704,4778.933172017009,19369.861081363902
570.0,747.0111959766433,14022.06619564264,24593.805094000036,4771.936642591563,19439.256596000698
571.0,745.5188799972647,13926.07877618149,24669.813535847232,4708.446957050564,19507.391188676575
572.0,745.2512785686209,13829.54569926429,24771.410860139604,4622.175832486064,19568.189110384345
573.0,745.8569659545075,13782.150832935784,24848.98919592244,4569.235089501689,19603.632694590022
574.0,747.2383463908778,13736.510770332588,24931.506253393567,4504.291515753727,19641.024784388475
575.0,749.2335359211098,13638.726720002836,24970.367716378063,4568.755370875739,19666.266086993037
576.0,750.9557713610078,13591.677562010862,25038.260673628825,4557.236031451763,19686.02545571186
577.0,752.5632472096368,13595.295021125468,25047.105230321362,4591.086292001016,19702.17340974132
578.0,752.9600212120881,13601.21955785543,25000.9125332873,4671.100332401314,19736.69852308233
579.0,753.9010003112402,13555.996978011264,24986.501777762915,4748.052977894635,19772.31988311322
580.0,759.1060384337565,13507.220254108546,24991.730807469703,4775.257785189675,19820.8496284872
581.0,764.4991467800121,13458.273728861699,24997.823448765343,4812.154237409612,19862.215612287295
582.0,767.8935845735057,13357.10197839579,25073.564401719577,4773.778080193602,19916.553395388764
583.0,771.192166028118,13254.993562693411,25116.175845758244,4762.966509906433,19983.705620841753
584.0,771.6991796169189,13155.53057029337,25173.80870452304,4706.126543992761,20066.376119754997
585.0,771.056041428953,13056.964477463327,25272.844007800115,4594.724916438041,20146.49792337618
586.0,769.9451399376431,13058.760627992913,25292.352820701763,4503.828153221713,20229.764401100118
587.0,768.8877584489665,13015.122007813243,25306.42549161991,4482.527299679443,20300.534846669856
588.0,768.0581717166369,12973.842450511069,25298.188862416526,4495.929302640971,20368.747412461707
589.0,765.1146145482439,13186.215634330023,25135.743966672868,5092.74303973375,20426.76345495535
590.0,762.4545728684654,13194.50310740632,25076.367812925422,5195.507273460024,20465.211241495243
591.0,760.8041467320342,13153.275957060992,25001.225150408198,5366.171984387691,20507.38172441769
592.0,765.9252429491355,13105.979356597472,24987.008986876168,5467.655461393603,20534.673437161884
593.0,773.7228517502289,13056.290757690213,24992.935678674472,5524.926834465782,20568.020782494747
594.0,780.9522604636968,12952.997915156855,25034.924641729995,5594.766839793642,20591.594661254254
595.0,786.4353669784679,12850.26292940102,25059.79679201765,5725.619367872182,20598.53178107807
596.0,786.7691206199096,12806.012993643704,25049.816550160598,5768.4834203481105,20654.564520530137
597.0,786.5212285931563,15789.693862588681,25077.85136392028,5757.972890706639,20706.21949087204
598.0,786.6564393627026,15737.405416823245,25120.61044816196,5660.516066760392,20794.729201261525
599.0,785.6405763656005,15731.892534107763,25172.70105908173,5528.316890179112,20866.816962195695
600.0,783.8144870345246,15729.863398310796,25227.738824106633,5431.509062471981,20915.769621550666
601.0,783.765260536619,15771.337240858256,25216.904011023867,5412.988569387326,20952.348191961577
602.0,781.7450199185365,15814.729347216393,25207.418572574352,5456.158942202619,20953.751844835464
603.0,784.2017487524845,15856.92539649571,25162.120053933522,5500.503685071119,20982.767996108505
604.0,788.2880511019644,15901.608391866117,25127.397062351723,5515.758371978479,21014.24459253483
605.0,793.1300614945867,15902.393741968928,25109.362532068484,5535.7393542035525,21052.738326071067
606.0,800.4925536012131,17898.16263243433,25055.7894608039,5588.70494616516,21103.843620639935
607.0,808.546451884039,17850.37691525987,25056.00430434472,5618.290571187541,21149.362007128108
608.0,816.2880936343754,17802.378875073962,24947.723606933585,5613.512918703916,21210.380407380886
609.0,817.4186522383868,17761.397999315916,24927.520251384143,5674.494892142077,21253.771454712612
610.0,817.9759503278856,17770.830854981683,24862.07137160372,5759.441784623887,21299.47337020589
611.0,819.0638255771221,17830.402359071246,24761.521781127423,5834.556738603765,21355.503724707385
612.0,819.7729546738545,17784.070240442576,24737.354786508502,5831.338840402119,21436.995430308485
613.0,818.774013427852,17739.584022555468,24764.963380555244,5729.104067582387,21514.568956683343
614.0,818.9494077362314,20174.02905074526,24737.790999856876,5743.87995567135,21586.43208919021
615.0,821.2395499010863,20170.23580443197,24700.223187782896,5723.413151036822,21661.848887498945
616.0,823.8174063894007,20120.39522209007,24676.583714573433,5763.673447913314,21715.055602629192
617.0,825.910329679624,20068.753202800654,24690.258752720096,5754.731491881925,21764.824578595337
618.0,829.9044089595017,20015.893351135517,24718.074718149022,5763.802218010731,21790.26995952081
619.0,835.6205769493969,19961.567147587655,24709.55621905947,5839.461546258506,21809.152389910614
620.0,840.6187917052728,19861.26986512576,24711.915738685588,5978.188108506147,21807.739209147498
621.0,848.5035410508572,19801.68860252583,24686.756405629498,6061.841570552672,21839.451512301042
622.0,851.6473525808282,19745.85695422342,24661.66679016013,6145.258171406287,21870.635091573597
623.0,850.93603183961,22109.864642828295,24684.493441856834,6153.555362057874,21929.970553955827
624.0,851.2326421479752,24006.931344999306,24709.918594691073,6126.268373686566,22009.211415925576
625.0,852.501026916145,23905.36104818509,24774.898779972413,6043.873209143518,22085.96233757406
626.0,854.0179204651918,23803.004670934086,24863.20309272078,5882.252806888118,22189.125304535664
627.0,853.3283110956237,23701.972900106994,24975.151785102174,5714.67574944095,22273.878898041934
628.0,853.1743564799673,23601.15379651309,25071.67295133006,5547.401906502466,22372.844413127732
629.0,853.1330645012013,23501.386856834062,27060.0857092752,5476.284626948426,22454.176975302318
630.0,852.3085301618468,23492.46013459026,27082.088862306373,5389.80889278426,22527.085339456946
631.0,851.2056555668247,23532.17597651265,27042.132128665824,5414.421411203332,22557.7004474411
632.0,849.47652476772,23576.926757315174,26999.413178601775,5455.435731166491,22577.029747123906
633.0,847.9055649254826,23529.85862263396,26997.370283216977,5556.988313958952,22578.565948748743
634.0,846.4644391147964,23433.52567231127,27012.56270196775,6404.481029518744,22577.050108789783
635.0,849.5134893516924,23333.30383309969,27028.454562409548,6563.583966543321,22572.043239344537
636.0,857.7363687521157,23228.830552672476,27024.53342511202,6760.743819273235,22564.394983960872
637.0,864.0072017946181,23125.591372293005,27039.70757211685,6865.564699135197,22590.16003404629
638.0,868.3346697063189,23111.759177465312,26969.37314632798,6918.504518045553,22665.36785215244
639.0,868.1334545863608,23100.983725004044,26936.32054887208,6852.99744348058,22771.08691137081
640.0,866.2435374216121,23002.801921316965,27023.244541457367,6690.616125191526,22877.12481303754
641.0,864.2395272837387,22905.526420439048,27136.214705822687,6470.29533109378,22991.966323909426
642.0,863.4793643812602,22852.5161431145,27207.71051941542,6282.084034035094,23099.586245234652
643.0,863.5070786683016,24561.65672209709,27252.820447489452,6122.456289748431,23186.502964830484
644.0,862.8612009731651,24550.61668534468,27277.49630971413,6082.787072507111,23223.964109531513
645.0,862.5175690561631,24586.26895722547,27186.34984293365,7054.086832542317,23267.684310113367
646.0,861.6883676979234,24541.46661367261,27130.060281214715,7210.411652966582,23305.232666690757
647.0,860.0793001417247,24621.401977512094,26977.512766336404,7399.0625550675695,23329.364212682845
648.0,858.5606443770174,24700.624609225073,26878.18163601048,7508.936380843522,23342.98728633687
649.0,857.8221279929204,24691.974835343768,26826.479848077473,7591.321380540321,23383.825223139487
650.0,860.027058684309,24642.45683067383,26778.96700707172,7756.047050718246,23407.78416789781
651.0,865.3450319657439,24547.37463520879,26803.222554308628,7771.985370680413,23468.50058746657
652.0,870.7742532249335,24491.125785482,26820.07839743819,7694.5158301531965,23553.839997489
653.0,872.1848215681036,24437.53111523311,26915.097610505127,7450.875858536052,23649.028816945865
654.0,872.5163884012609,24343.888356468287,27024.82560942027,7263.493204813946,23732.068601113206
655.0,871.9054119512278,24251.303447425224,27142.87838495595,7118.1332695623705,23788.934411536993
656.0,872.1279698865729,24198.441918408746,27216.452052053715,7033.994088760766,23829.743589608654
657.0,871.5537902985355,24191.626773080003,27239.278210471548,6993.127232489998,23863.920222764773
658.0,872.3014975912452,24182.24121510128,27239.107320864012,7047.743075660856,23873.04634780649
659.0,873.1446075871627,24174.79053817513,27190.814038630837,7179.0816982544575,23885.56403155696
660.0,875.4583529214163,24121.680123702525,27144.763830658445,7333.271128299926,23913.779108908504
661.0,878.4611342235113,24071.28276715877,27096.310443807415,7501.506993426131,23935.68329367402
662.0,882.0464517775442,23974.266951824142,27085.157668202428,7594.168145059157,23991.11825885935
663.0,885.1594010699355,23917.167209770192,27064.206599332607,7694.747085759221,24025.049834143687
664.0,888.9573817392189,23818.175456732097,27095.809216310387,7693.900799162352,24087.57761843891
665.0,892.9300333460502,23718.04319494659,27110.372911170758,7638.567981952743,24191.2134093742
666.0,895.2863718980813,23618.172649124273,26886.753486963105,7538.678813085863,24297.41588362529
667.0,895.7537937235368,23519.000664675452,26952.87519926877,7409.458420697195,24384.943967290106
668.0,893.4084166812072,23422.01937275582,27016.826389805745,7297.849833721023,24467.00153013224
669.0,890.0597666071864,23326.29300062842,27032.075970000515,7339.90102191892,24523.642302301883
670.0,887.1052914609211,25865.944418485124,27021.29136029621,7473.722658702029,24536.392983218524
671.0,884.646440468527,25818.49306091337,27007.84150139585,7633.540489014387,24538.844023792735
672.0,882.7186506174678,25773.294987288016,26994.381376576595,7785.343101308462,24543.98035264381
673.0,881.1756147131648,25681.07910174652,26993.325381398066,7962.6847819268705,24554.080327582862
674.0,882.3225610242988,25631.538341645042,26952.10115100565,8108.83451875555,24590.633321708254
675.0,885.7050284775249,25625.052324765322,26884.743233613804,8192.57781576176,24654.935683790947
676.0,890.9302509707245,28777.064822576132,26897.880601247893,8134.207662804143,24736.646543980853
677.0,897.3844031011749,28727.26859940593,26968.67947774735,8004.976834177023,24797.87918565733
678.0,903.3324392994906,28735.437716374126,26994.354244200946,7827.202030671734,24892.33715497472
679.0,908.3007114666241,28745.93276706369,26990.749093471695,7692.4303772089725,24993.002835786272
680.0,909.2151532462588,28761.457323193372,27004.68029244614,7536.6120645545025,25086.029122001397
681.0,910.6310102316186,28879.008886825202,27014.99172145564,7319.603096970456,25155.664629450275
682.0,912.511458277514,28949.440905665935,26995.654922039674,7223.453750291537,25218.02458835943
683.0,911.9953694476669,28972.958386687893,26960.925546039092,7286.187744175303,25245.283558969855
684.0,910.9545283585505,28932.31366967321,26948.80467376043,7378.167531423515,25272.335041921495
685.0,912.7443064430056,28889.197069888887,26973.527231380656,7432.192188909513,25283.174500562123
686.0,915.3810000592474,28847.354770765265,27000.550576302307,7515.648410293739,25277.005764785346
687.0,916.6954540038056,28808.877383752966,26966.768187337137,7696.9500406084035,25281.004955431767
688.0,917.0798062886537,28716.725466574924,26997.88649908439,7817.747591485895,25282.74682922002
689.0,917.1298494655732,28724.746480454003,26952.057130818073,7987.916449403156,25280.68864714987
690.0,918.8400740361867,28731.794880252815,26940.48182742496,8031.113916370829,25305.50818751003
691.0,919.2465302478322,28690.76639959728,26907.27949189248,8150.0234378391,25340.995173648127
692.0,921.7118462273893,28648.15688067567,26946.35828284036,8117.32129443994,25379.796614946248
693.0,922.1008287762301,28657.255710865396,26946.137315216307,8084.329175754333,25428.357236322034
694.0,924.5043454158696,28611.642684318518,26980.00738877164,7951.049816712719,25518.811744796363
695.0,924.9929259347019,28515.971940436782,27080.956638903208,7750.708615636452,25604.721007715038
696.0,924.7435095588033,28420.931373827454,27180.910543239337,7539.27873524878,25696.71157926265
697.0,924.4281946083235,28327.04542821995,27244.065408438717,7392.827347905995,25792.790044603502
698.0,924.0613343453357,28283.387441570667,27247.538020849966,7372.706430789919,25859.51509958326
699.0,923.8389469024795,28340.01171997342,27194.51862621022,7362.416815697805,25920.834117921477
700.0,924.0925107270887,28296.23568612099,27175.34594762265,7454.00313397186,25954.628982780756
701.0,924.7569382712464,28201.90271008307,29266.54582389455,7619.8155969350355,24362.891170802806
702.0,928.4958066305651,28105.06138897004,29246.9575884299,7814.873663294575,24394.981395683295
703.0,933.2200459391137,28108.800032667354,29139.734626033634,8041.330365387446,24434.61240999219
704.0,939.2655278950019,28108.948659649315,29029.859068956343,8243.634134023005,24487.43226791861
705.0,943.0031155587664,28061.416218722727,28985.20442014505,8370.389359448262,24544.596834447428
706.0,947.1756096426254,28014.115645797432,28942.485411479236,8439.198250628084,24625.250428099436
707.0,953.199946407339,27965.41880305295,28900.859933150474,8501.942098155007,24707.47057012943
708.0,956.9388962890326,27863.213839028365,28949.010841241725,8467.824488082884,24786.419234270696
709.0,957.6624117212936,27763.426571909167,29038.927396578365,8306.031970346303,24887.88083616446
710.0,958.1118626337334,27664.398583517133,29097.3120602717,8197.345942838863,24992.528251136773
711.0,959.7602249205235,27615.24452303217,29123.33534428101,8145.60843569194,25074.523457320705
712.0,959.647080315012,27619.769133317186,29155.989392070394,8097.432837242156,25123.501694523507
713.0,959.1038818659563,27679.573131794114,29139.20628537461,8076.0238595685705,25172.84549104166
714.0,957.729538483917,27636.528557108417,29121.648480525953,8212.208078793155,25204.385535825917
715.0,956.5467681296789,27646.35417904222,29072.55043189958,8387.08464671782,25219.167782151257
716.0,957.56797290838,27707.06418649899,28948.261094571848,8613.982010882659,25245.546739725465
717.0,961.0157960766652,27769.820400877292,28820.493247535036,8866.533846868688,25259.87944777167
718.0,961.6596838860094,27785.771758907205,28722.06799633589,9062.295864303967,25298.589450449395
719.0,966.2284037688285,27741.9176696336,28306.79584992216,9080.97784125582,25399.79471796819
720.0,969.0637778850181,27644.45667166637,28341.834303576892,8596.555457900482,25491.17324308627
721.0,971.0650627748329,27546.88792512463,28451.51616319965,8416.29507081003,25583.02023752055
722.0,972.9717685323722,27500.551350153568,28519.75249552463,8265.369233610865,25671.17336038117
723.0,975.4019677697543,27403.972891819318,28602.2062568322,8149.388026293601,25754.262314147156
724.0,978.7631551270883,27410.32351655447,28631.714869227846,8012.984267629198,25842.985306125487
725.0,980.6865953758457,27517.38529367387,28550.006169549684,8044.456716541064,25894.66548049965
726.0,979.5590062175327,27632.05039178046,28456.35267367204,8113.115782516761,25934.31660073623
727.0,977.3926187403491,27698.542632624194,28369.48102890295,8257.962932363738,25953.143246399068
728.0,976.6160610355427,27713.72729089632,28329.35753036544,8374.785899087912,25969.76762620822
729.0,976.259663541553,27680.810728546854,28336.21722168638,8451.605866422002,25989.142018707877
730.0,977.9960630060044,27647.269435857776,28362.33349941325,8481.236779662675,26014.951274544477
731.0,978.8428745571707,27605.187624875372,28393.937926418963,8496.640977721436,24521.807855841023
732.0,981.9170347513871,27561.56661768203,28420.881675860914,8495.688086536626,24570.046800165514
733.0,983.8063565954958,27519.964811876307,28468.424695550784,8493.174167999105,24601.95830867743
734.0,987.3984170589149,27478.171846332367,28502.86576219262,8418.968485878226,24678.028889106623
735.0,989.9394598599632,27434.33999232227,28593.02965808208,8281.319533037682,24739.715142498357
736.0,993.7127113435615,27446.26936164904,28644.86975465943,8148.128102792082,24804.03429483006
737.0,995.6035878729588,27462.20199582703,28681.886239412488,8048.97875384705,24862.092727099593
738.0,998.9598738109979,27528.997702763918,28640.031773678853,8075.313546764802,24900.285509149762
739.0,1002.8730214200633,27486.39654232889,28661.252239517227,8066.579386668501,24953.322911506973
740.0,1005.9394385814428,27496.600865505694,28606.6471569762,8173.888735674787,24989.373564825983
741.0,1011.1741439950199,27559.50843501577,28550.49255489431,8239.4265027741,25019.95457583771
742.0,1012.9224443417386,27574.315382867335,28464.018486351586,8372.539245005133,25066.13959909942
743.0,1015.3984248566389,27538.285375278367,30610.17171560697,8500.656758154528,25100.60578197133
744.0,1017.4077076602182,27497.675454504733,30574.895965483796,8624.72910170295,25134.509123850792
745.0,1018.5265554606236,27506.55991176991,30494.549290110386,8654.550660028151,25224.58234218715
746.0,1021.5805800413519,27460.07521466709,30461.21749737702,8668.84560104995,25310.532585265548
747.0,1022.3548488952819,27415.21891215867,30506.274033269914,8555.995018389818,25396.91944296539
748.0,1020.9200319736872,27320.84638353386,30589.858063368483,8396.454839975813,25499.6390799774
749.0,1020.940474322176,27224.823854909035,30679.57197359554,8297.615740800855,25570.021173808316
750.0,1020.9482078189293,27128.45552350469,30751.834448105878,8202.62030403619,25653.137740626593
751.0,1020.4680357589435,27032.32277322973,30829.800327929916,8191.310655166934,25693.1257756009
752.0,1020.6353165368898,26935.508456021074,30909.873660248566,8244.663317001281,25701.630569158067
753.0,1020.2388589042853,26839.087706133683,30917.2013559161,8376.139488455847,25729.557292517835
754.0,1020.2248839087788,26742.672422113883,30926.265058717436,8503.820009373474,25759.23488144002
755.0,1018.2278976814475,26648.649506510556,30935.678195215005,8637.817772123122,25787.10087029897
756.0,1016.4923137569409,26605.144208711168,30949.182201685166,8694.575163326586,25826.307827025495
757.0,1014.8478605557221,26562.238513498683,30984.67155020748,8708.193518154754,25869.38946705775
758.0,1013.3140052838044,26520.99499609322,31060.70904764651,8658.302351573491,25911.115736682845
759.0,1011.872979778224,26428.489698293833,31156.061797843056,8617.33342759097,25958.475414041808
760.0,1014.280001639978,26382.750081459497,31206.700783127217,8593.451796435807,26009.1469489837
761.0,1018.0543680164873,26336.21576558069,31290.64456011727,8530.587894426873,26052.932126482545
762.0,1022.9665838415236,26289.900337085586,31359.66171151943,8462.012858392734,26110.394624225508
763.0,1029.9989417950565,26298.23038093599,31395.413550242287,8405.315770529425,26161.07034149196
764.0,1036.8560656739905,26249.486210808336,31467.289735856637,8422.244375530207,26175.540790021383
765.0,1040.9655490234227,26254.56147165848,31460.39931083662,8498.575489904717,26197.968779055762
766.0,1042.6546743443078,26263.508338774325,31434.459703825018,8626.041145415827,26209.614776984854
767.0,1043.8670703224518,26217.117408780363,31462.06136710489,8714.06685501728,26224.862776646267
768.0,1045.9828841473852,26169.74998390585,31482.602681274926,8800.033846976172,26246.41265890992
769.0,1045.8407059555652,26123.586945440264,31504.71161719666,8898.913607908036,26261.192057684908
770.0,1047.2669148304353,26025.756769872525,31561.391397435127,8944.301389283888,26298.58175407193
771.0,1046.8653001302032,25979.897167997235,31589.28464159585,8966.83049911043,26345.93927084205
772.0,1047.9240899710333,25933.261208676486,31637.533642553528,8927.957558281229,26406.179440419262
773.0,1048.6851543882628,25937.70368078808,31651.21171906803,8842.144757403234,26490.763645520892
774.0,1050.1434752714672,25941.605368929293,31601.017536139825,8879.671883724637,26564.973564806394
775.0,1052.5435026382747,25948.653236856426,31570.200685932796,8880.866291222595,26640.08248785891
776.0,1054.3387003187788,25958.5129022912,31521.11760974514,8889.021491996717,26724.24959113767
777.0,1055.7072409647278,26132.826818329722,31390.189755459072,8908.22324248671,26787.868511768727
778.0,1057.8908885013552,29877.66062105971,31355.316607578327,8922.549068531507,26855.961072806975
779.0,1061.7868830446641,29837.054558746444,31332.882598273478,8977.914567926877,26919.368061659035
780.0,1065.1423854085558,29795.29897614499,30755.197012375524,9072.307985110856,26963.059032720463
781.0,1070.1616427172419,29751.451739010907,30735.320390940375,9169.498244229755,27004.148829275782
782.0,1074.3384089256474,29648.569911363924,30764.13173885465,9264.827195794041,27030.512699244904
783.0,1078.7345944933982,29544.432567218053,30813.693705913556,9303.372844216874,27067.6733626498
784.0,1080.877629895253,29441.86324903542,30849.764894285985,9354.209712410566,27111.157986794133
785.0,1083.6393888070438,29395.20391004856,30877.69317164424,9384.513387870093,27148.452881163146
786.0,1087.75935519391,29348.295780963523,30922.112579215078,9363.800955865687,27195.902665735222
787.0,1089.8436744859737,29305.906799377106,30934.095709743524,9388.349085361227,27247.981854483995
788.0,1092.8913737038274,29265.512863474716,31019.522022485642,9247.001608727844,27317.367167342796
789.0,1092.5674936105283,29289.09238779244,31077.694800716483,9109.504644938936,27382.55636779456
790.0,1088.7278933967823,29377.3379319964,31101.50869418614,9000.183027486695,27436.66451314649
791.0,1085.322638729609,29470.299116859056,31079.69077903176,8986.02624062131,27479.89769961048
792.0,1082.4290874919864,29437.131761669763,31073.454616336876,9087.506556190554,27506.150397917576
793.0,1082.5860140021693,29405.135778305637,31050.166366240475,9215.832173938305,27532.582606675736
794.0,1086.658859094731,29370.689632898415,30990.382690883132,9405.29552914518,27559.957792781337
795.0,1092.295180640735,29393.358672334274,30901.89934049282,9578.608056738294,27594.85529564073
796.0,1099.1517408431223,29347.964082282175,30873.351379445183,9690.372468326052,27635.983162776552
797.0,1102.0686553905189,29307.99530499428,30862.98382910562,9746.413429068421,27687.731947497676
798.0,1105.0098154666277,29270.629227427104,30831.20894712316,9759.426178889547,26247.72188477647
799.0,1106.0312190784148,29237.318135330384,30818.626853220117,9744.532695308773,26343.09217755044
800.0,1104.4964392140168,29322.190600153997,30783.242745442258,9680.03954829327,26433.001831091726
801.0,1102.9620052902326,29344.134852181975,30780.737546106775,9587.42794717628,26532.636734564643
802.0,1101.4550486993992,29250.549589032882,30799.107258255463,9549.821672064263,26635.915270868933
803.0,1103.0672664339754,29153.98259451527,30822.0847125009,9550.245308857899,26719.599543469958
804.0,1106.332253277525,29112.697952174727,30834.46804855237,9539.952936837208,26795.017584160152
805.0,1104.783153166919,29078.46393039917,30884.56379523934,9410.018274497703,26894.235233620533
806.0,1104.890601968295,29044.733346118213,30938.458814229212,9288.002433955277,26986.9426275949
807.0,1103.2687448802567,29016.18937449606,31006.738595714647,9208.71107198612,27049.403945857503
808.0,1102.3081894738345,28989.646650561284,31087.265500159974,9166.237359606359,27085.597441875463
809.0,1101.4936877763157,29024.08404412628,31144.13413016774,9151.825355186855,27104.661015299193
810.0,1099.7871524309057,28991.056999032968,31188.68675891569,9266.54315667325,27102.278040601384
811.0,1100.3083235502995,28957.048505172752,31238.08004920074,9416.168759755012,27080.62837718237
812.0,1104.0961870161495,28919.719482282104,31272.00129958286,9570.509069623835,27069.641757733574
813.0,1108.7392772715996,28882.050511493228,31290.786359647656,9685.089435558046,27088.08418118457
814.0,1111.7596565400454,28960.90707612438,31271.548295643657,9272.215999970618,27121.90825044423
815.0,1110.7780740289168,28869.622547231807,31373.028639426473,9233.370809761855,27167.932356133057
816.0,1112.9784642238728,28834.214298381783,31412.560087584763,9212.942936039768,27230.595184427566
817.0,1116.0462763390399,28796.679527519642,31476.01130581786,8822.07536765292,27281.53025718135
818.0,1120.004138123835,28759.651234109293,31560.276370265503,8722.749485641561,27352.937923425838
819.0,1119.5446700768796,28846.134403009633,31570.88631577838,8584.864498470535,27455.722837999474
820.0,1119.9310611070491,28816.58676261653,31579.867093688445,8544.236572374797,27548.26746105098
821.0,1119.4766881366413,28725.023406337576,31628.453599725908,8510.028922769841,27630.817323218
822.0,1120.2769330108076,28689.775591376576,31601.119424238725,8553.133251214273,27707.59758947803
823.0,1123.4940708905344,28766.761855353223,31500.765770663314,8615.71289510187,26330.71326135115
824.0,1124.176158889292,28791.54784428938,31425.965314691442,8718.358702195816,26391.71613911456
825.0,1125.9545262568422,28754.321029587067,31363.72974761909,8893.240210603873,26427.762773582734
826.0,1123.5371103192315,28734.81213343678,31311.71156235282,9057.125088501065,26458.022638045924
827.0,1126.7184492992724,28709.878237540295,31241.289489214178,9260.339530515745,26480.913360614846
828.0,1127.9770180931907,28687.585696570015,31165.908466001725,9478.94496466536,26498.88257940719
829.0,1132.2877266946414,28588.88209118171,31127.853340360765,9642.262674318341,26545.45192726598
830.0,1136.4501400367649,28549.96236645793,31061.2378032106,9728.703866676238,26632.54225944352
831.0,1140.8077984006459,28509.675995232385,31064.350714616532,9680.387962564124,26740.231803942566
832.0,1145.0623140467922,28468.54792466818,31126.573290068543,9524.617137921783,26861.553865897597
833.0,1147.2356902815343,28368.540691138987,31303.00049597296,9238.917856662016,26990.187001810293
834.0,1148.3474933026816,28331.44838836771,31422.21013589784,9036.69607736698,27095.154450570815
835.0,1149.1463148274925,28352.00939361839,31554.989526365447,8814.828551715394,27179.628247540004
836.0,1148.7488524903767,28312.650289437,34167.237814553424,8661.064615783936,27222.49771475458
837.0,1149.967115985332,28273.622781911694,34338.39501448185,8528.724944641044,27265.072055271194
838.0,1152.8479831617483,28231.33736466842,34479.99427893166,8508.118794727814,27269.846688860285
839.0,1155.3569042489992,28249.33361616037,34543.09149524671,8601.18029797438,27246.63845018727
840.0,1157.8804958182843,28326.067931846046,34496.09369400748,8812.35670689293,27214.706958896775
841.0,1159.8204163443088,28404.90576623423,34408.06129002886,9072.985003002354,27184.143224839543
842.0,1163.6331532530742,28484.22632205241,34318.72534737439,9287.98635216398,27177.102798580556
843.0,1169.616206939511,28566.087807477565,34295.786282444664,9352.152230640051,27201.23767296294
844.0,1172.283791547996,28531.04848465452,34339.1621184236,9373.418444772542,27245.452273632774
845.0,1176.4400510801092,28430.230522315782,34437.71739837688,9297.729913198245,27326.269623057644
846.0,1184.3445310714374,28324.34679835891,34562.226024625605,9191.408329747945,27405.943863616885
847.0,1186.99854120651,28281.376373782874,34682.190439174294,8992.268699343771,27516.400696456476
848.0,1188.3885861802391,28240.364523190532,34808.627987187225,8790.053464150113,27622.370764587635
849.0,1190.0521862731384,28333.81659352652,34803.244553778764,8649.91708041138,27735.091791539024
850.0,1192.2604845774747,28290.88189964944,34808.95802572818,8588.466386989965,27846.86786246554
851.0,1193.3079900343064,28331.96683200719,34724.78526510864,8636.73856465904,27931.89350698784
852.0,1195.132983127884,28300.342117055738,34696.24473654924,8718.794771979101,27986.88754818802
853.0,1198.7967535935916,28332.152050133103,34590.91245200559,8876.777098389171,28030.533035365897
854.0,1200.1114158787634,28289.262599104728,34526.405844346904,9054.599187272628,28064.639270317235
855.0,1202.70992242521,28246.760276416517,34461.536930672795,9286.662052037173,28070.473820366406
856.0,1205.5252977719294,28332.941778965,34328.51771758068,9542.072941932782,28064.003269689736
857.0,1209.208125080001,28294.27980762994,34262.93677821273,9755.871739852626,28079.007050257624
858.0,1212.645462435798,28326.69984508227,34198.24896024433,9869.799542716124,28121.00940198935
859.0,1214.7313098924524,28419.70975910104,34195.42550159422,9836.132604264258,28176.69226559944
860.0,1218.0421402764769,28446.571052925632,34247.277070327465,9735.663585571156,28253.020685540167
861.0,1221.8913437486037,28474.49277353169,34286.810423345516,9653.129229136472,28327.100047504933
862.0,1224.562676666987,28491.25169624445,34381.201541650815,9499.449207420988,28404.69374428067
863.0,1225.4834406882305,28512.351444609692,34498.09043629909,9257.701789912859,28511.111992135026
864.0,1224.984411624812,28537.767960333134,34522.68469625506,9163.363466017228,28600.841043619188
865.0,1224.6398373357492,28496.962625183754,34600.582745615015,9043.9952067906,28691.05590686985
866.0,1227.0856023293409,28453.93842807076,34657.920225611364,8992.617399630048,28759.44184497627
867.0,1231.5548653155797,28350.632041704885,34708.693832813704,9069.684205175536,28786.87623470482
868.0,1237.4355099797256,28245.749931410854,34765.977075436975,9177.920955955482,28795.056460847944
869.0,1244.4600465575807,28253.51206286963,34766.5377092822,9306.13271279407,28790.71092845962
870.0,1249.4730079034234,28263.90504055413,34772.5366773336,9419.092396796503,28790.172071618777
871.0,1248.6172731216311,28224.50735979671,34810.39952756013,9510.949769827195,28799.476018912286
872.0,1251.5021198237157,28182.695365575382,34848.10787824711,9570.91813155626,28826.001077869587
873.0,1250.3021972292988,28145.36027365878,34929.49467823997,9523.997848886951,28879.431822383413
874.0,1250.2699996979695,28107.197770115203,35057.96236216496,9417.993973189677,28931.896076474684
875.0,1248.527741278348,28008.019617618764,35229.95597229053,9300.827586653502,28983.606395337607
876.0,1246.9631010765208,27910.301573920227,35431.33884594835,9113.098838649774,29052.48001774257
877.0,1245.5677611782655,27928.411252486578,35500.26679947935,9047.195289739115,29105.162888115632
878.0,1243.329651000172,28009.764531119905,35520.95300434858,8990.516569853582,29162.401442648003
879.0,1241.3474221254712,28096.21051306454,35416.734659534406,9113.056548671877,29207.553574935457
880.0,1239.6045310721804,28129.737366292,35321.24220204591,9299.626630726443,29231.822333588818
881.0,1239.3146417498847,28093.226661602654,35279.06971759795,9465.741454506018,29255.476228059782
882.0,1240.181112136091,28055.942041394366,35192.22838404823,9688.266541378305,29280.552377591983
883.0,1246.694369091311,28013.309476622984,35104.50135511877,9876.486895164144,29324.830298096476
884.0,1255.353749449849,27968.811549073263,35070.83444008721,9987.80796708973,29372.987964507836
885.0,1264.334821494456,27862.162203618016,35070.77388496726,10120.329989288808,29409.5380396541
886.0,1267.9837992921434,27822.168163183633,35040.97537805932,10220.526710417895,29461.385714110296
887.0,1269.9427556456685,27721.19714121519,35065.051977293784,10283.294000054953,29519.055546744697
888.0,1268.2456624281276,27687.016350802736,38005.499539373006,10230.999472848025,29622.935121457325
889.0,1266.2361083493095,27654.021443740676,38046.12158057438,10124.063523138484,29742.263785928444
890.0,1266.7513255381632,27553.798604950505,38139.161853993945,10029.6359647341,29845.717005551087
891.0,1266.3288529400804,27512.123836560444,38225.81689788786,9904.645281695282,29949.069058663194
892.0,1264.9764480703773,27473.16061064633,38320.58990056035,9793.069244570755,30039.861735913037
893.0,1264.393695514253,27492.964573447633,38346.84305374695,9798.195059107407,30090.90109842275
894.0,1262.055519113906,27516.221335411203,38353.160116766994,9849.1788156014,30129.900943619654
895.0,1260.4147273846631,27602.05685810342,38285.21473294297,9960.10088349346,30161.354185908793
896.0,1259.6916244078752,27627.5370601559,38293.127763400495,10021.650779542073,30192.321183326112
897.0,1263.5895208330844,27650.974380893284,38299.59637938193,10080.07645252296,30225.10436636313
898.0,1269.4204722218815,27548.974055944025,38425.226075436076,10026.630079977103,30287.182904124395
899.0,1276.4271068875016,27444.83376543838,38579.61124134176,10020.565290205872,30307.639925846237
900.0,1284.1964682354549,27395.793776851413,38714.498187044854,9985.444108438762,30336.019913275617
901.0,1290.1542019455053,27348.442973764264,38879.563372094686,9912.06675999922,30365.505368423397
902.0,1290.6377564005043,27307.78089960855,39074.68869614696,9807.3191314876,30391.89738957824
903.0,1291.6769339720806,27263.917934857716,39273.86667660676,9682.737301951458,30426.132079135914
904.0,1290.5278246244677,27281.20196629212,39360.12365732202,9650.43101593148,30461.168621663597
905.0,1292.1638896125492,27237.749543771264,39401.70332091457,9708.168363841303,30497.41250288255
906.0,1291.2966791212848,27375.296323871662,39322.20138824607,9764.622931256205,30545.29197037126
907.0,1294.3715038252994,27271.912432361773,43011.88347258903,9751.886714065824,30599.288586568804
908.0,1299.87760405837,27165.718635881298,43128.928916263634,9735.062545947376,30656.02668270715
909.0,1303.8198851415195,27061.36550975674,43180.990866621796,9808.428115506895,30703.336635175227
910.0,1306.9297586299442,27071.98428673203,43140.318043393076,9909.563166251182,30748.76407369646
911.0,1307.78553449891,27146.133563119438,43062.76906535105,10008.59384591519,30794.106659650446
912.0,1311.6324131703286,27163.78030588863,43056.02180524865,10065.802824194841,30839.334419371567
913.0,1313.5925925692577,27124.274555795346,43110.46359034543,10086.801750412518,30889.793324515245
914.0,1313.858020990237,27087.509805593534,43143.2107562324,9733.542785634225,30931.660261612164
915.0,1317.0725659166212,27048.988329257372,43199.59097718664,9795.023702311164,30954.52350761809
916.0,1320.3290203825227,27009.8620342695,43212.24233729279,9830.081519257172,31018.365335993258
917.0,1322.8257939225718,27017.386430837225,43150.063001480856,9905.294400281398,29538.616684912435
918.0,1325.3211718595367,27025.81583449797,43195.169012174025,9883.96641230991,29602.87160547156
919.0,1327.3235026467773,26917.474818365896,43299.83415135853,9882.5463269437,29663.04549811768
920.0,1329.7123300723663,26810.610538503865,43342.893418556465,9891.28088880025,29752.1787092733
921.0,1330.853697990469,26707.215687779542,43382.965780211925,9918.039711898507,29834.06189984625
922.0,1331.7611350321024,26892.15475450903,43312.185394473134,9909.072753979479,29897.491902392638
923.0,1333.6188258785085,27082.62647123447,43239.453013076556,9874.467291063756,29972.468424172246
924.0,1335.0821121501995,27278.77300408193,43096.280166815115,9926.479774458068,30034.963920569044
925.0,1336.079084508908,27478.90882678247,42970.99593420581,9971.983998221309,30088.27679831794
926.0,1337.6595755423632,27559.02165188227,42919.06847540063,10030.53291209131,30133.830242102627
927.0,1338.8801030695752,27461.053915528915,43004.55453427615,10084.932124068673,30167.892457799295
928.0,1342.8194024247343,27360.228975830163,43089.59224248158,10138.277984179425,30203.7209824536
929.0,1353.8147503398432,27308.108837275548,43123.16567702023,10194.927657171467,30247.206778605276
930.0,1366.6434977478993,27253.71991377198,43182.745580005634,10201.710897186349,30304.13837025098
931.0,1371.4744421149321,27208.253027801944,47602.023073618664,10186.92306807729,30357.728010320217
932.0,1370.1475297524967,27235.256035743434,47680.81165520182,10157.195074765707,30407.749568375348
933.0,1369.7634685518424,27317.480700131688,47730.093491096864,10125.867620228635,30453.239379528146
934.0,1367.9824716266694,27400.626501824878,47743.75892469609,10060.151781576524,30534.717979693196
935.0,1368.0530586054736,27421.472689491173,47796.9597497928,10029.200761445018,30597.912336335587
936.0,1369.7502449070344,27443.455425508117,47898.55294548664,9950.964374390822,30661.782222315018
937.0,1370.4194052969935,27523.20083704833,47937.804611659245,9898.433969510827,30722.232812177594
938.0,1372.3083121601142,27607.133571544226,47906.693928568624,9932.39444626581,30767.395489545426
939.0,1373.2412490239208,27636.688523874487,47889.193750102946,10019.606809267963,30795.238307677057
940.0,1374.2654842120571,27660.513929050343,47862.328775564536,10138.762892987828,30811.794736940283
941.0,1376.556603705672,27618.356385664614,47905.47544912005,10252.678563478215,30818.34531553336
942.0,1378.3496895698695,27518.42772745086,47959.54689304267,10367.434810616616,30839.69846482404
943.0,1381.972548810752,27415.56004385752,48040.23676271153,10401.560176615412,30893.288473685607
944.0,1386.835613723098,27367.846558283483,48135.27372291149,10365.962903054899,30959.306482155265
945.0,1391.7949377772647,27262.033558009316,48258.50333786104,10351.300205780237,31019.760967053633
946.0,1397.2486267308066,27214.472029165176,48422.51749075619,10237.548267902055,31094.435697635392
947.0,1400.0183600465155,27167.603482772014,48546.97217420685,10151.546996302806,31174.114509598163
948.0,1399.7800103135337,27182.76938097398,48636.16744709006,10074.448985680754,31245.627037531554
949.0,1399.5265143153085,27202.943654735558,48696.77774873081,10035.763597458608,31308.137980146126
950.0,1399.314912287112,27165.648108408033,48712.73510411829,10090.91008508272,31361.235110161506
951.0,1400.3109637781577,27186.73250903911,48685.0339223338,10174.586443919708,31400.55708733411
952.0,1404.5780957939305,27207.16173667201,48658.06453030431,10263.958735933054,31435.744936456136
953.0,1407.9509464952305,27231.047281137675,48627.33395001122,10374.867458114426,29970.057068270387
954.0,1411.347344541568,27248.775296087,48599.00343601483,10517.139379921786,29985.572253113474
955.0,1414.7381771137057,27205.555139949305,48639.683043715646,10589.406816544624,30024.906928017786
956.0,1420.3820878904949,27158.89007099514,48708.54529715934,10592.964643441712,28727.542855116866
957.0,1423.3411669018872,27054.456801276196,48895.4827648507,10469.949318509063,28824.02552769541
958.0,1425.4147475338339,26951.124046465695,49109.2575275037,10334.39409733094,28915.105008640912
959.0,1427.1707726706636,26969.302042640353,49260.43609307065,10149.618602808527,29021.410002920977
960.0,1428.1801401284881,26984.33693742282,49427.74212168139,9966.528125426099,29120.474184510826
961.0,1427.8964852836766,27007.342960306647,49543.76229669178,9899.985844979472,29182.6333761525
962.0,1428.1817372043427,27030.33583082001,49637.208754222665,9903.315823676809,29220.49864422695
963.0,1431.3293182377174,27111.41342287499,49675.88097380187,9973.152601909229,29231.349526498172
964.0,1434.757083872547,27253.233487398764,49623.599793028654,10117.762456468214,29226.01031971276
965.0,1434.7638502244536,27401.22380208888,49575.16096204423,10271.123411340677,29212.830332390313
966.0,1434.215488067514,27306.227965726393,49673.81426940219,10438.749172723787,27935.95226382501
967.0,1437.6148436386131,27325.57502052236,49699.04938034424,10543.350095233984,27956.262803936053
968.0,1440.9781769090907,27282.876569513523,49770.62816960642,10605.930546573998,27994.553511204627
969.0,1444.5907383527956,27297.306698824355,49823.12183018953,10600.882848498231,28055.70804521847
970.0,1445.209397529458,27197.93774701385,49937.25044159851,10565.269872809286,28139.335247096376
971.0,1446.4941444252045,27098.173530477656,50081.035759621336,10475.970547650531,28236.018384567033
972.0,1448.5358442278482,26997.805481987074,50217.57511064285,10379.94923096848,28339.286571338765
973.0,1450.6939147440194,27011.0811052994,50218.812535811434,10342.114899871687,28439.086587396647
974.0,1452.9491598311404,27023.93009233109,50266.818952754154,10242.278148191011,28547.653456901047
975.0,1452.6917138639346,26982.537288520933,50330.1653911978,10194.116626349394,28641.32514759265
976.0,1453.7547823564078,26881.172021174585,50455.728454916934,10123.020666567902,28737.32474655571
977.0,1454.999562021308,26779.980432024528,50535.40532875117,10143.492904762425,28810.72328264525
978.0,1455.9146481769912,26794.442053800823,50586.809169881584,10164.34447541123,28862.78328396512
979.0,1457.6419706749525,26811.445683496542,50640.463261053475,10256.710116479273,28879.02770155188
980.0,1459.7733977134844,26894.2734590973,50572.24421778324,10446.49163281044,28881.83107280305
981.0,1462.374503891463,26974.69855431946,50532.05445933921,10586.207526258715,28896.954744601382
982.0,1464.1895202785338,27063.907615400058,50512.82762406918,10253.5578861648,28923.60951571611
983.0,1464.8863386824933,27157.105648778677,50559.53289469739,10202.16517677511,28990.09566186006
984.0,1465.5247060595773,27126.810871907688,50730.202012257956,10086.19084155724,29073.8521185998
985.0,1467.058297738992,27096.274717312815,51033.14338662621,9849.711143250996,29163.499808666325
986.0,1471.3277225276443,26994.495392475954,51453.98829417232,9601.733006097249,29228.956130240465
987.0,1474.05701612052,26952.248964077822,49229.18517922493,9385.236192298295,29292.46757635
988.0,1471.4454988880034,26975.714896548954,49452.77316992296,9290.354894191001,29316.4803975845
989.0,1469.114736965052,27060.777729691843,49584.27495441634,9264.043762599635,29329.655501301328
990.0,1466.9018576605972,27151.452429603167,49593.495027457284,9355.809497928303,29336.580352719087
991.0,1465.5989245992162,27175.61103718401,49634.88420895448,9457.127054754164,29342.602684137222
992.0,1466.320754500126,27141.471280301077,49580.430325409616,9358.95268858357,29351.97182203014
993.0,1475.656845218924,27155.345261275063,49490.74217897334,9570.557180047572,29353.189969369265
994.0,1489.5279387904773,27047.66355988555,49475.94074968521,9785.102879655322,29352.294833949505
995.0,1500.6149508227782,26940.703288809673,47299.96242807286,9923.829249675977,29394.169597764147
996.0,1501.4219248555232,27031.67950566028,47209.27389497852,9996.315519743297,29456.809287889104
997.0,1503.2439741482128,26994.240566997978,47206.97714204107,10054.033293246146,29519.271649252052
998.0,1502.0181502500934,27026.203850299433,47196.992386043945,10062.709276866965,29593.213640947954
999.0,1503.177976068147,28663.64165132883,47161.83740847954,10036.07610380762,29703.317609667956
1000.0,1501.8644213499963,28672.95421924927,47145.664990837686,9972.198328572384,29823.570543786776
