"tick","Money avg. 1 Producers","Money avg. 2 Internationals","Money avg. 3 Wholesalers","Money avg. 4 Retailers","Money avg. 5 Consumers"
1.0,498.93768708564266,39914.77471951861,23449.830492878405,5588.08979111328,153.29696027860044
2.0,497.8753741712853,39829.54943903722,23399.66098575681,5576.1795822265585,306.5939205572009
3.0,496.8130612569279,39744.32415855583,23349.49147863522,5564.269373339838,459.89088083580134
4.0,495.7507483425705,39659.09887807444,23299.321971513626,5552.359164453118,613.1878411144017
5.0,494.68843542821315,39573.87359759305,23249.15246439203,5540.82228889973,766.4848013930023
6.0,493.62612251385576,39488.648317111656,23198.98295727044,5529.2854133463425,919.7817616716027
7.0,492.5638095994984,39403.423036630265,23148.813450148846,5555.081871126289,1035.7453886168698
8.0,491.501496685141,39318.197756148875,23098.64394302725,5543.544995572902,1189.0423488954702
9.0,490.43918377078364,39232.972475667484,23050.628602572324,5532.0081200195145,1342.3393091740706
10.0,489.37687085642625,39147.74719518609,23003.016208747445,5520.471244466127,1495.636269452671
11.0,488.31455794206886,39062.5219147047,23190.403814922563,5352.267702246073,1648.9332297312717
12.0,487.2522450277115,38977.29663422331,23203.233415604467,5299.285249554079,1802.2301900098723
13.0,486.1899321133542,38895.07135374192,23155.621021779585,5286.872740125159,1955.5271502884725
14.0,485.12761919899674,38812.84607326053,23108.008627954703,5346.347717268613,2037.24885730874
15.0,484.0653062846394,39030.62079277914,22760.39623412982,5409.955086832398,2115.007129429061
16.0,483.00299337028207,38948.39551229775,22705.267355938253,5429.421699220971,2237.080758303608
17.0,481.95734712259133,38866.17023181636,22651.467979897905,5434.735487328425,2373.4819665436676
18.0,480.9117008749006,38783.94495133497,22729.477726082623,5354.212439078127,2509.318968920845
19.0,481.50355462720995,38699.21967085358,22813.424622636332,5270.914237282839,2645.140420760178
20.0,480.37103337951925,38616.594390372185,22998.679629633796,5102.443746315676,2798.4373810387788
21.0,479.1672394880962,38534.96910989079,23209.795995282693,4963.2363908141215,2904.6153742001516
22.0,477.88086172926194,38453.3438294094,23224.424498593482,4954.897488842364,3009.6851971386036
23.0,476.52294157698975,38471.71854892801,23141.31165613296,4978.175605546006,3081.9730014146794
24.0,475.07933991484526,38390.09326844662,23090.640664015253,5046.313867049489,3152.8212190082463
25.0,475.40889971838857,38305.64979696305,23039.969671897547,5116.483460098794,3222.5054599864943
26.0,474.5639647786544,38222.32360592131,22989.298679779837,5188.898140902912,3290.460041269337
27.0,474.8321213891309,38136.968802500196,22938.62768766213,5263.089684556148,3357.0215084974534
28.0,472.92175102346147,38055.27827144701,22887.956695544424,5302.291577373056,3458.775662835346
29.0,476.5448435568502,37964.9847289613,22837.285703426718,5328.525249954752,3573.697743674817
30.0,476.27781322535293,37987.69311871896,22678.790914384423,5336.687670442126,3706.6910766086116
31.0,476.063982606273,37901.68380624252,22625.540098232053,5344.517090221509,3840.0174102503975
32.0,477.024515499156,37923.34911253075,22463.624278091098,5332.375883364077,3993.314370528998
33.0,477.09131383706267,37835.93809571341,22468.33983103293,5281.068009839977,4146.611330807598
34.0,478.27365356860184,37853.78278357239,22369.742425513556,5228.313848782618,4299.908291086199
35.0,480.21020083412526,37762.646496913614,22516.881549387872,5081.314090507971,4453.205251364799
36.0,483.32042451251544,37800.96923650797,22534.311906216197,4931.544635636588,4606.502211643399
37.0,485.1931667032452,37708.629470028114,22664.379529036087,4792.207495910827,4759.799171922
38.0,488.29852837789053,37612.912424255475,22671.51399555928,4778.476003881983,4869.412742742264
39.0,490.68626278594155,37717.38723242028,22565.292542392315,4708.213383966508,4978.408232649934
40.0,493.92503750517864,37619.9832902098,22655.060870623307,4655.350067014477,5068.228874991395
41.0,494.98684102240526,37625.014271678854,22580.41753621804,4653.906918300479,5149.032086038293
42.0,497.13466971835055,37644.50107366767,22401.596036159757,4700.966545453783,5238.15511369692
43.0,500.73258798891095,37652.49615008416,22230.156909708086,4749.485262065785,5326.398344214415
44.0,502.9924875536792,37655.96833395451,22122.84701297516,4759.680198591499,5413.939742463201
45.0,507.4019308738006,37674.45363887854,22127.178289865187,4674.862810094051,5509.307470985079
46.0,510.3752454428223,37679.24391510079,22241.40126175304,4481.846305232565,5648.499000096715
47.0,513.4937814569091,37694.33558756884,22281.289180242165,4375.232300004384,5742.243139636459
48.0,517.5065320562358,37731.34439756329,22295.222774554015,4304.002554381961,5801.687269532003
49.0,520.6912952152252,37729.957018467714,22385.288908992447,4236.407485928885,5830.629171905115
50.0,523.0538123256456,37730.219639372124,22575.031101729754,4101.9590451761605,5858.390223967002
51.0,526.8698377324217,37734.810545839515,22569.514497054664,4091.9263330189456,5885.092738188651
52.0,531.3790803133938,37831.073961798495,22468.63754671123,4081.6574127881495,5910.849747919723
53.0,536.5845406559024,37929.82934767391,22265.61587399785,4132.655499172288,5935.765629519514
54.0,542.4081091216935,37821.48896858061,22262.62726485866,4151.096991150853,5991.905472969518
55.0,544.4577948153965,37818.96460440104,22073.321665056847,4172.665792490246,6100.898864767782
56.0,543.8658610887608,37716.90734539175,21983.87311683758,4203.473847333823,6201.2699616379305
57.0,543.5700950311542,37613.86397594141,21895.04180235193,4243.543006578081,6292.599799632717
58.0,544.4604228168366,37508.47366914293,21865.60607179819,4244.404893061208,6384.200902304332
59.0,545.6729882352784,37401.84168533345,21841.57882921961,4203.800760770341,6515.513310051075
60.0,545.5285122388259,37296.37566134978,21822.89165926767,4162.602068315965,6645.744412093338
61.0,547.7763183087626,37186.82752370834,21985.105359018762,4048.7323971783962,6729.621184854973
62.0,545.1951968771963,37083.519850888355,22156.30639491215,3930.4159385766343,6812.474914758674
63.0,542.7996835686754,36980.21217806837,22273.817123057303,3856.9779632977284,6886.817697669883
64.0,540.6555319154662,36876.90450524838,22397.970083040706,3814.1305739025534,6927.4155982872
65.0,539.6413386770793,36772.34683242839,22527.737040144282,3776.4799773494174,6959.984758793514
66.0,539.4198398070113,36666.77678539589,22661.878272106434,3759.7192741971517,6969.216125931208
67.0,539.8085085325561,36561.17711588821,22737.30454244619,3788.5118959066353,6971.986875797565
68.0,540.72261929663,36457.89652270745,22744.168808619343,3867.784328822322,6970.01203240047
69.0,542.0452117766865,36455.495264571946,22571.838733332588,4004.421135434937,6963.896764408553
70.0,542.1814218909702,36700.10254882369,22153.886224996666,4102.7636578101765,6996.738798893218
71.0,540.6659625430957,36811.232142095825,21922.61454344263,4108.832817227994,7083.057469384057
72.0,539.0959786930187,37045.94914244448,21506.59958544821,4153.335872147839,7170.0526057420675
73.0,537.5177610937919,37058.28596929979,21452.64706722081,4071.604538863571,7286.355594478556
74.0,537.6093199171869,37062.76725819951,21523.58991823371,3914.042660797012,7398.616417837515
75.0,542.1785075787675,36961.14113371288,21757.01287061727,3716.5369352430107,7507.446871021032
76.0,547.6797980678581,36956.53681457781,21839.16503817524,3565.287742860467,7604.204339771837
77.0,553.6409537764758,36952.313327197735,21861.171402000175,3482.7290558041873,7668.851660104663
78.0,556.3114913426963,36849.85852546505,21987.631334134952,3420.80777788089,7709.473821712835
79.0,558.2439769879975,36848.18506805824,21927.639046100343,3423.9770619347464,7742.891124057335
80.0,560.9794862851328,36846.560299106204,21850.89960032903,3425.980915944808,7786.097801233155
81.0,562.668091746254,36847.658623348194,21766.24887102754,3443.501603623807,7816.698577184678
82.0,564.0665328460312,36743.061733741786,21789.10584876169,3468.6886969908214,7837.465298599545
83.0,565.6942213688349,36637.16686230902,21818.185082128835,3506.257401172702,7843.256038748819
84.0,566.7329801703435,36531.03933343485,21853.569334985896,3553.06953655106,7836.874877912058
85.0,569.3144853134327,36421.58672428012,21953.98549259575,3520.946161189738,7866.8713465288765
86.0,567.6343121448286,36317.12371525224,22062.195858189323,3456.412919981062,7924.823235349477
87.0,568.6400809010573,36209.31101517175,22168.920873494906,3351.703225254328,8024.489078122448
88.0,565.8369715116917,36107.33059785803,22342.951602464298,3204.5488907998692,8122.672831751954
89.0,564.2193514433665,36103.58462228248,22412.002299029104,3050.369473788242,8231.546656368271
90.0,561.5915071764935,36102.64083474328,22489.400346058188,2919.2053358249373,8310.359274451843
91.0,559.2629435746558,36001.37792810767,22599.041100317925,2867.6539787846095,8353.296932577881
92.0,557.1489274610575,36000.11502147206,22613.55672218174,2838.6525017084236,8370.492608677327
93.0,557.763899544804,35895.10211483645,22667.79275617095,2856.694165473132,8379.034794997597
94.0,558.8519412775727,35789.10876220059,22578.580443109837,2988.4098039695914,8370.463245079218
95.0,559.0207294977457,35684.084984204936,22489.96581490658,3135.85303382254,8347.64117939688
96.0,559.8831155111781,35577.84365918845,22461.30439402402,3237.094538732423,8332.89264074398
97.0,561.2002267655615,35470.54278052169,22435.494307401386,3317.96211629113,8338.482041769577
98.0,562.9378151645589,35361.983004467176,22472.122937379245,3314.9852779880302,8387.932126744283
99.0,564.2186030451676,35253.3432514091,22573.62428933552,3277.3379992202763,8430.262135222898
100.0,564.3834112287291,35146.68347952372,22682.234941741113,3210.449162057273,8497.640191209452
101.0,564.6761439487578,35040.381223215256,22797.188418824142,3167.4787556318256,8536.80724467777
102.0,563.2026849492285,35038.252009287506,22816.073970775367,3091.124833781809,8606.388376784045
103.0,561.7392565777634,35038.28546680126,22767.54972851336,3043.3206335574723,8689.546717625879
104.0,560.3030729888688,35141.45146408572,22552.894898499457,3054.181796327329,8755.41984247037
105.0,558.9111482292338,35142.7351983413,22434.937147789384,3077.6458016028123,8809.014183518051
106.0,558.436977861526,35145.15882663382,22311.662807068777,3127.004379630907,8837.599030080175
107.0,559.9837627075038,35040.74347302586,22216.744953166715,3242.326325469781,8849.34584875892
108.0,564.686367381912,34931.03238875768,22121.82709926465,3366.635993003592,8853.320659005178
109.0,569.5400300143305,34819.59043651615,22026.90924536259,3489.5987343673664,8859.783685043869
110.0,571.9539870587835,34710.16097899111,21933.753891460525,3587.835707379468,8891.509319077457
111.0,571.7177876510593,34603.54866777408,21842.988614511,3679.0229334464075,7691.509782215146
112.0,570.9952451616306,34497.06551305232,21931.51532355694,3592.5116353871913,7813.535860578735
113.0,569.1495480832507,34391.82317869055,22085.926154169258,3449.11406143358,7947.923874647217
114.0,567.2159083864834,35429.264675463026,22308.711272087523,3246.4670522960832,8094.838454616792
115.0,565.2656546282224,35328.184737852534,22543.178336702644,3089.601180842459,8196.498279789916
116.0,563.3824665269683,35227.10480024204,22785.032595380755,2922.6964294483596,8302.482435741527
117.0,561.60553185597,35127.62486263155,23033.23745593016,2781.8656321185244,8382.27126615914
118.0,559.972909702889,35029.78406248287,23157.873057788907,2748.751939793719,8440.024591961977
119.0,558.5111201559766,35093.63414240005,23017.71254868156,2798.4670316737192,8464.335505414689
120.0,557.219626985031,35162.24969805925,22793.608057451493,2923.251281048183,8466.843219627726
121.0,556.0269590823556,35236.03951412326,22558.91501084907,3048.3526232886875,8469.529700668269
122.0,554.893062584873,35225.91427964752,22424.7921222399,3130.4519602168702,8509.135171411564
123.0,556.3141898744581,35127.61608912518,22453.859076629815,3170.5951413015973,8551.618560355835
124.0,561.1049922352394,35024.785329979706,22424.483507928773,3244.4345743385143,8599.296976281445
125.0,565.6893005218042,34920.954999518915,22459.32921654758,3234.028890832593,8683.840216443072
126.0,568.5590895115982,34817.86056520643,22499.75130859425,3215.5281271742974,8773.631104823653
127.0,568.748373325377,34717.69547738663,22606.020415173192,3143.545316184297,8873.108313228979
128.0,566.9321308298577,34620.93908781839,22781.23022030172,3048.8437220399833,8953.735321349588
129.0,564.8913873512155,34605.8332422858,22927.265458874026,2901.271372877033,9039.793886324798
130.0,562.7242714982739,34672.846081806456,22981.367068359956,2748.4245812231243,9123.528540999858
131.0,560.5746292011055,34744.480449626186,22975.10299572203,2647.7422874983695,9191.552567103286
132.0,558.5423133234455,34734.171130271454,22999.30538875159,3146.5178682907426,9250.859822830667
133.0,559.1482413557371,34723.22135693503,23008.146818505746,3129.2734970615957,9295.454602904667
134.0,560.5952863261207,34625.394519711095,23127.0941039877,3089.7953519295597,9352.954029203727
135.0,563.3988469763799,34526.10049458568,23102.765880513634,3940.256606522307,9434.467745606293
136.0,564.2780358394664,34428.10223713836,23141.67342339007,3928.8923448234505,9524.663210198993
137.0,564.122141618079,34410.61913525565,23148.195415401122,3860.1809793025395,9611.372774739819
138.0,562.9558886503005,34313.727874600016,23261.66072638014,3788.221933100787,9696.036522536258
139.0,561.7819079801353,34216.36392260417,23502.92031999384,3688.8625374226326,9724.925204892073
140.0,561.6405051619303,34117.301876019934,23695.905401579344,3656.7148162709645,9744.41205166775
141.0,561.3964823241972,34018.60580637431,23839.50300397247,3709.950924570223,9744.667732010748
142.0,559.4736445918948,33921.429736728685,24052.214339357102,3748.6512484201985,9714.935888192866
143.0,556.8521672646888,33905.09366708307,24105.912823643586,3831.3841376404876,9693.913770549287
144.0,554.4706565036583,33808.75759743745,24262.593030752872,3819.7894860123074,9724.1507428231
145.0,552.4046020129728,33713.22152779183,24279.70436436113,3985.9982831209036,9733.110717057913
146.0,552.3249190929971,33616.50807362945,24420.256013976184,3955.117579126128,9785.046265661747
147.0,553.0408840229934,33598.88984669719,24470.45289423019,3900.0161757090805,9845.794892951473
148.0,554.2893812878862,33582.57246992276,24460.466108507717,3842.3414184415315,9938.979688898558
149.0,554.0875932135459,33485.98136477603,24552.836361298145,3855.8351529040237,9990.587063315203
150.0,552.6406815273841,33392.21647682792,24548.621277793314,3948.080218225969,10052.703540804558
151.0,554.4870352059806,33375.25480712665,24506.4277937093,3981.031446751593,10114.37650090056
152.0,556.8805952572002,33438.367093459216,24365.705752716312,3967.302637257432,10200.255559476303
153.0,559.7876853734741,33419.004587242125,24326.660846930514,3968.7184695938977,10275.203156301854
154.0,563.2189680796666,33317.89170985783,24391.343230938648,3999.478406971283,9058.172679218314
155.0,567.7091515055624,33214.5591979369,24460.125467600355,4376.773277338933,9104.182063749302
156.0,572.7499562291362,33109.27317719077,24532.905662604153,4468.969560903378,9125.582104639048
157.0,574.3033105346618,33006.61432188717,24541.984998741274,4619.178719661215,9142.811468306028
158.0,575.6519045260469,32903.347026004485,24553.833575628425,4725.009666911439,9187.702932177232
159.0,574.464929049971,32802.22488499905,24540.266791297385,4794.946202911582,9269.3854227287
160.0,575.3540324498758,32698.1326884799,24647.77422794392,4787.531641541886,9341.061289320332
161.0,572.6867436626986,32598.214087301814,24821.137566984795,4734.43956113141,9409.71659111333
162.0,571.1739201148047,33748.06578776295,25062.229481414208,4638.537506325622,9471.723351316816
163.0,568.5306959327461,33718.48568030303,25212.368196904423,4524.364677316144,9540.972748751808
164.0,566.0650797204582,33691.58245549148,25365.672393393565,4316.176799793304,9665.055015837437
165.0,563.8837442527946,33668.52968768775,25509.990090914886,4159.8099725249185,9758.632617465666
166.0,562.0665540684338,33709.654565948906,25489.80796352618,4085.3620279215697,9834.161980851533
167.0,563.9546568331976,33816.31805099982,25370.696443769415,4023.818503498147,9898.181451701483
168.0,567.3523338110132,33790.046190136905,25390.020379294412,4011.2640335592528,9958.501954532117
169.0,571.9830512892377,33766.73380798093,25468.257575154734,4021.542652316193,9972.451773266446
170.0,576.7214173150637,33812.22035658832,25387.77092840506,4117.648001463663,9959.391596942874
171.0,577.5708604905694,33930.38914883499,25135.816950579367,4223.616408810847,9971.902291081795
172.0,578.8331554777922,33904.52611378353,24762.064997971338,4370.471822534528,9966.548048038172
173.0,582.4545536523016,33807.52167148125,24837.824292803132,4483.572986250441,9950.659856983631
174.0,582.5666078718301,33712.8498246693,24922.973689143124,4582.911407806769,9938.731423472384
175.0,581.9499447062738,33618.174371239445,25016.786353574986,4598.189406652444,9975.239829939102
176.0,582.0614375647621,33522.04107293107,25166.264935078332,4516.245268968589,10039.55773252735
177.0,582.1603649432317,33425.14150355199,25371.945145414677,4350.3738311719735,10122.598882432292
178.0,583.5334533742164,33326.25104256391,25680.447323647804,4072.8218912327056,10211.554399017674
179.0,586.126269960071,33225.18892200703,25999.056834805593,3768.6130460712725,10310.760335108625
180.0,585.2493003656105,33127.11661109041,26197.0038149182,3607.7188392246126,10395.649278383251
181.0,584.354690417629,33029.30322150167,26396.26162971863,3489.6045209078416,10453.12370896633
182.0,580.7383974311452,33001.26396935151,26521.006587808908,3368.697693849588,10508.603670412904
183.0,578.9963546068878,32972.37867722735,26542.243590854363,3395.124309719647,10534.541762195673
184.0,576.1561179690245,32948.453563448405,26454.208221537083,3524.2760173129227,10561.960812248226
185.0,576.3840467365105,32924.56004693923,26302.815344322156,3700.392045871501,10598.115100664434
186.0,578.5706011650561,32966.184940468236,26116.2710098224,3864.206738600387,10614.0862975246
187.0,582.6530874573388,32935.16881778755,26011.455613497234,4035.4833033903747,10625.363030158493
188.0,590.3504275467999,32901.0094757691,25905.716444989277,4200.676880951175,10640.279746352877
189.0,599.4348868611551,32796.94243467689,25881.272012597055,4336.423794458842,10673.460348085066
190.0,604.9237836594259,32762.00120583766,25779.283071142778,4451.780536137159,10718.942562151518
191.0,606.4580998560938,32731.241446566994,25770.486714103266,4427.565605308311,10792.14774948993
192.0,607.5211026865547,32702.534492698123,25764.5276528767,4351.448545786233,10894.154566362742
193.0,609.014359219146,32675.528950882646,25754.053734269964,4226.585984832224,11027.52608714571
194.0,609.9010000493491,32650.355083733204,25792.47691246488,4103.038161281482,11127.476396543356
195.0,607.4946139770356,32630.467416317602,25883.25473283317,3926.9021068439833,11225.270132391963
196.0,605.1490654135788,32535.498572743018,26014.28818511058,3823.599686013887,11307.770617981998
197.0,606.2374472675288,32503.86306250177,26016.80296586402,3835.7849382139975,11348.998478376787
198.0,608.6237868065483,32403.823293736004,26101.259610539997,3909.3374731220943,11350.447112978567
199.0,610.8799266067925,32303.201521654886,26139.91132262895,3995.602817655928,11373.657586031988
200.0,615.250512231872,32199.710105635473,26230.16426345437,4031.841757883389,11397.59132732526
201.0,615.2563188864482,32099.470611214518,26275.67470754728,4136.165787961116,11408.380756706167
202.0,616.2062623020834,31997.850826664817,26370.92278551446,4189.898417630082,11421.342960213799
203.0,615.9991419981104,31896.775120135055,26470.374028363978,4255.206602649059,11425.34691274839
204.0,616.9418628623916,31794.09815307072,26574.315581230978,4290.497076112469,11446.31522411722
205.0,617.476412515684,31691.12673611077,26615.01293451387,4395.478483273257,11464.369811806078
206.0,616.0453558865786,31590.153816167658,26707.772932551434,4420.463512234705,11501.154578539667
207.0,613.2604139612496,31491.664724468217,26853.902288840807,4378.553900376058,11546.832382248542
208.0,610.6332135617398,31461.225913228496,26862.592712460988,4398.252620208781,11590.005634256455
209.0,608.2394637338779,31498.708652534817,26781.50127883225,4374.39357729237,11664.420382597023
210.0,606.1843807841345,31539.964553934256,26648.73535050118,4430.601227307342,11715.795768567872
211.0,604.5567586191493,31443.52574269454,26679.919941344186,4430.308671911667,11801.432793500813
212.0,606.6118821746059,31344.43429204844,26707.39776058594,4461.0140253684085,11870.654957197678
213.0,611.671928988947,31309.331332974492,26605.98019744637,4571.76607026613,11921.528243161312
214.0,618.5092372264527,31273.614642505818,26551.7628415301,4577.684235887633,12007.372773472645
215.0,626.5368817117732,31236.740392217846,26499.59845574437,4646.327331370501,12051.684898892807
216.0,631.2334032608468,31202.10243442145,26447.4941211274,4709.566295003336,12099.00785107861
217.0,633.7071623506836,31099.130426275653,26531.078783453708,4731.445611022735,12140.582135705366
218.0,631.8447450562786,31000.262584235265,26668.118758838755,4706.11424420434,12179.560520789228
219.0,629.7836871308143,30935.57662125649,26779.719865151783,4689.489587530903,12179.743663874933
220.0,628.4606737574854,30917.597981004594,26799.231938190267,4901.4734726409315,12179.778006595352
221.0,628.2251109230149,30901.503357360638,26816.585010980336,4933.266515976923,12198.234825775975
222.0,626.9788992966082,30888.64312630117,26927.484095138294,4889.366100842248,12212.581446225518
223.0,625.7855054597879,30788.032991181783,27012.943563601715,4900.803697916256,12254.762578709453
224.0,626.4010518780076,30766.67491087664,26976.341657348014,4895.2956775588345,12337.536500563703
225.0,627.2008118960512,30746.062364234393,26989.061640863463,4858.691359759694,12412.496464143205
226.0,627.6640048313667,30806.683043048524,27066.232256349995,4694.476710128771,12492.672637894026
227.0,629.4636566256631,30701.943047306442,27318.263994280253,4532.840810065029,12561.146819375435
228.0,630.6778719353817,30597.750086009015,27633.057534441148,4348.7284238632365,12607.731235845584
229.0,636.2745598225926,30488.173043861585,27856.503075927663,4241.094137125415,12654.328459037117
230.0,637.3615314357603,30464.650095927667,27992.396544179435,4167.03884767757,12680.959745501368
231.0,634.2581016829743,30450.97713363164,28123.82986431138,4140.60331906401,12670.350726978219
232.0,631.2284375739096,30606.659618302103,27977.211042925137,4212.994950138259,12652.719481018416
233.0,628.3741630418547,30687.306972135913,27726.399118394467,4414.983729232306,12646.968491733176
234.0,626.6219585880959,30773.400282182953,27463.99309677191,4614.853297745989,12644.144563109694
235.0,625.341977378634,30944.588375105435,27110.87441329541,4767.718490544171,12677.76440649201
236.0,624.1216651165047,30850.014412104494,27016.128910472788,4924.558518081301,12709.273205078045
237.0,627.8619001717548,30749.429179716433,26921.86102254263,5062.552525291561,12755.498254395487
238.0,635.9168543469418,30642.543079356175,26312.56504534037,5119.077584383831,12833.764199837111
239.0,646.1598539994561,30530.955076035258,26267.157295615685,5136.350643494006,12940.864722446493
240.0,654.09674681464,30419.47120480032,26223.19867290587,5117.285160869634,13074.720290112164
241.0,658.2537008521896,30311.108243986546,26258.50281716186,5007.52495824059,13217.843565359446
242.0,658.7540760812569,30205.583564677458,26259.973443303057,4944.7343827785635,13351.78104761797
243.0,659.1288597130704,30181.2330329802,26198.98505404294,4889.2977943726055,13477.660561978562
244.0,659.4514141367596,30076.098712787803,26208.359238996287,4916.652051522151,13539.115314321485
245.0,658.1193826281783,30056.827912266086,26152.656663485734,4971.5305133897255,13577.349619991164
246.0,657.720715603204,30038.740698096757,26099.323342420754,5029.9171731040815,13609.746927189672
247.0,635.0849038334798,29933.87892202839,26118.685277374072,5107.027802689393,13627.060459260374
248.0,635.1363249696326,29916.590516497316,26060.67245923995,5160.521643152764,13666.206791694643
249.0,635.5514731349612,29810.19496327795,26095.858310485022,5192.412529089279,13706.556948736425
250.0,636.1692839362361,29703.164799997703,26136.049760209236,5225.935328289157,13743.543849570597
251.0,637.0241248961283,29595.329457837655,26182.083396832422,5252.758066134567,13782.310279142237
252.0,637.9142578744295,29486.821064636013,26269.82340019059,5261.847997451006,13804.342317000373
253.0,635.980015952683,29381.6418371752,26367.314738965026,5197.060900557115,13876.294279917753
254.0,634.1473069347835,29276.4626097144,26511.51020943483,5138.048965083694,13967.387507285144
255.0,632.4499945929075,29172.083382253586,26743.35326971043,4978.172869633866,14029.691916468626
256.0,630.910365190718,29068.538066208355,26852.474077451625,4926.906106692885,14089.340710536706
257.0,629.4821414742087,29045.861184570862,26895.488827880195,4903.543082573885,14125.238265931639
258.0,628.1807942629583,29027.467678002628,26942.16515760949,4931.618233001469,14111.055759036863
259.0,626.888038595406,29013.442091830482,26943.633235906887,4991.550322241667,14100.586147444094
260.0,625.5952829278535,29001.796416027584,26948.767351358725,5160.228009898576,14092.332353821877
261.0,624.3239558317298,28992.489507142414,26988.041211498716,5172.394331056019,14094.606246383255
262.0,623.0886422251469,28891.62048019695,27063.098455679283,5198.3459121431115,14115.573497519787
263.0,624.0402705299076,28787.751453251483,27154.976393134082,5192.383578174287,14148.35661205775
264.0,626.4709181887192,28682.16053777028,27212.033726628542,5184.042540993934,14209.482104840932
265.0,629.6450436600762,28575.443004243396,27265.91690037524,5158.965362831672,14285.801669886947
266.0,630.3656941108949,28551.855966725543,27254.375988116597,5143.284480630373,14354.200855615649
267.0,628.9110622078267,27896.19942030401,27204.47705813446,5137.262768949685,14442.310021418905
268.0,628.761496263186,27890.932506673875,27108.89207413337,5196.495825687558,14514.30396557187
269.0,627.0679271750288,27785.311190016964,27082.35198188788,5269.409344747937,14575.148167780262
270.0,625.3693220483233,27679.689873360057,27096.972177425134,5270.433142947308,14659.940252537957
271.0,625.0866560435317,27571.471032064426,27114.866884608433,5280.03701426404,14737.116466039033
272.0,625.1706004956202,27462.05460940725,27126.85134941518,5273.393098304144,14832.34150181126
273.0,624.2308733470737,27354.737898841613,27184.22182947157,5278.245457616752,14886.626402140964
274.0,624.340624302868,27247.12590610901,27248.077845147673,5309.924288780824,14917.158081164167
275.0,624.1179511897329,27241.324950623904,27251.87138050495,5362.7827882313395,14927.800881097472
276.0,622.8113550014509,27339.843663975764,27192.57891276564,5392.32914911062,14951.840214823635
277.0,620.4758256234769,27444.698626418303,28903.429377914166,5379.122438644259,15003.309204517
278.0,618.2198345536938,27448.72003154135,28923.543088171184,5374.195885262748,13386.476607740029
279.0,616.155767628516,27346.583626907257,29061.58893358175,5294.1241710993745,13467.846377206359
280.0,617.1757752489711,27239.447222273164,29234.880784095298,5189.853070617875,13546.482625320139
281.0,620.4825248439291,27127.863710039797,29361.37739283545,5137.349571531535,13617.206060797136
282.0,624.9387324133633,27015.157856872716,29442.956456173648,5184.220590918463,13647.621684825015
283.0,630.3428432145597,26901.233513175997,29575.526242730004,5165.949530415899,13694.373524744587
284.0,636.4983885104893,26984.984046076945,29554.2808216649,5158.4115175982115,13731.054581720047
285.0,638.0077942296575,27078.27273599403,29528.37408371281,5219.0026769432325,13763.376546263176
286.0,636.3848893223493,27077.558799698138,29470.519706479667,5307.114026579088,13783.646485103292
287.0,634.8131319461778,27080.861335615362,29360.857144307683,5383.457256041147,13840.757465427041
288.0,636.1249597990316,27073.074143790254,29303.48562857984,5448.158134465672,13880.618382152286
289.0,638.3951658689864,27064.803312368058,29342.82476269537,5438.706450556021,13924.18451371031
290.0,638.969026649678,26958.19185120558,29472.223073998746,5372.7856905635845,14006.098389022996
291.0,637.1416392734602,26956.96054304679,29530.972227131682,5343.287867032806,14054.681017223362
292.0,637.339261098417,26955.486425509647,28579.166838702295,5297.574873421632,14110.985273201273
293.0,635.9096374385342,27057.978919706584,28476.406886269302,5296.698258206132,14184.736066968795
294.0,635.2983525927989,27053.950762597087,28484.41538880413,5266.167099406603,14252.316893357074
295.0,635.3579147543785,26948.24413397954,28550.661091734575,5245.189472958573,14317.519454075264
296.0,636.9607859032408,26839.15642689049,28558.084930452398,5294.88391509361,14368.091054489927
297.0,640.175583875789,26726.069886171194,28568.11930035858,5379.444716934101,14390.783020584362
298.0,645.0098193292228,26608.349098514966,28581.01133120515,5503.308568995609,14382.261185090261
299.0,646.1277164007395,26494.788513220978,28555.418780351996,5616.799593242897,14408.896485224146
300.0,647.1558159948089,26379.952270085716,28572.000589351657,5698.844887537473,14432.996311982255
301.0,647.0805959700654,26265.59236912896,28631.54461589074,5734.2046924170745,14465.799789070583
302.0,643.8907014559893,26155.668961222946,28686.791885158033,5700.143436141325,14556.65597870792
303.0,640.7659225179551,26045.745553316927,28787.39223612995,5623.059123235066,14652.342826144088
304.0,637.8226101994081,25935.82214541091,28977.00674121212,5459.786997713147,14757.1062397388
305.0,635.2203378644074,25826.898737504896,29179.327536859142,5321.9851612741595,14833.828948162232
306.0,633.0452518066888,25719.004944737648,29338.69791433711,5272.947506509068,14869.6408672317
307.0,631.2507856815275,25714.180294009744,29356.44707487843,5293.813402812922,14900.665900585573
308.0,629.6243113528536,25715.483654034535,29283.263041160244,5393.912164396066,14928.204689678501
309.0,612.0997976474293,25921.785335261986,29073.545541046777,5467.696696391152,14976.708385156275
310.0,610.7196895028915,26138.891063853767,28072.96771780662,5547.26241043356,15033.214031418289
311.0,609.3859645151165,26145.000632281146,28048.11974370522,5570.013518963406,15080.637150407609
312.0,608.1012978177727,26153.403461797763,28058.73469656814,5548.195682520587,15133.667972718658
313.0,610.6449862620956,26158.491192486126,28036.607821583282,5578.876822922856,15169.960724046738
314.0,614.4296298141437,26053.079521474898,28080.366038239703,5587.151318391534,15221.213846762037
315.0,621.1857256654594,26141.303825698003,28048.570293575332,5598.958679061908,15240.516839109701
316.0,628.9164831278658,26231.342989795427,28082.431840722216,5531.168783007593,15266.150203013156
317.0,634.8731636829093,26224.877661710372,28094.091766838992,5489.5705308160905,15330.334835259937
318.0,633.2118695582761,26235.51808667754,28066.392929121666,5498.4455875833655,15384.613033443798
319.0,631.2969136858836,26350.63031227261,28050.742278521724,5440.6287466128415,15435.532712755396
320.0,629.3038504714415,26469.122080970945,27469.511098910447,5389.030035859468,15476.862337972172
321.0,627.2276424546774,26473.713976464303,27476.296280635488,5395.871389857133,15499.01921924238
322.0,629.3518054149224,26369.81177347286,27476.49679659264,5506.291874101197,15491.083008734004
323.0,629.0744738090674,26370.192141297295,27431.150459072585,5615.567006835537,15481.039242287712
324.0,631.8999078722234,26367.293136341937,27415.51206628568,5682.130064868242,15476.021049390165
325.0,633.1569861330846,26370.359932372863,27393.214768156948,5659.8093494336945,14010.169116370018
326.0,634.2982350988738,26374.997897150603,27355.11723807282,5637.758599942728,14102.844397458315
327.0,634.5177128122069,26382.75331278609,27377.756661045594,5555.264069019354,14188.063555822113
328.0,633.9448660247602,26278.292759832177,27460.227514916678,5451.242051555442,14284.406706712616
329.0,633.7963295746011,26172.15721886685,27547.62463915798,5365.913995351343,14363.996676613144
330.0,634.9121684968977,26062.597548526046,27574.12485991367,5358.497239882869,14437.968153348575
331.0,635.8397311123498,25952.14194807975,27596.89542772822,5372.47887769394,14500.268246768564
332.0,636.285361047953,25842.578851305436,27621.740003803236,5378.326862166158,14567.146972158755
333.0,634.4553453747603,25738.824420511206,27585.17468745437,5458.909734623028,14631.180739965788
334.0,632.8726939678955,25735.815488311535,27523.015429164207,5512.351672998467,14695.808505005609
335.0,631.6025799864758,25833.839992875997,27414.4957916527,5529.765791266524,14782.678273233982
336.0,629.7488817774108,25835.360244021052,27386.844216115802,5498.2423264984,14877.56547341941
337.0,628.0914817395108,25838.962950396948,27362.42264906865,5502.710789270409,14944.161341986026
338.0,628.4335570078609,25734.53638859377,27423.274548821366,5489.080780474923,14996.876944958576
339.0,629.8822187467097,25627.57431811507,27489.671700570907,5501.923081887201,15027.505560255137
340.0,633.4290056665044,25515.800135394424,27525.786215015083,5544.562722405205,15062.488604256507
341.0,636.725221854234,25403.166742922032,27551.33126607447,5617.047349452178,15086.311710588392
342.0,640.5358472286754,25288.104744107477,27608.339864056048,5641.960278111333,15119.50833578346
343.0,644.5828005447786,28136.686301842532,29005.44736727077,5662.513668930875,15154.705271110844
344.0,647.1772515854152,28026.812021897786,29045.764013630538,5735.327691629038,15178.630065621146
345.0,645.7874757673226,27922.182710137233,29157.74750755193,5686.729470375565,15238.421376351545
346.0,644.3801228926394,27817.553398376687,29275.398358354156,5597.075461249626,15323.654255175172
347.0,642.9547143413157,27712.924086616138,29392.72383250643,5496.3947963902965,15417.634009818294
348.0,641.5239622903991,27608.29477485559,29549.675391426226,5350.159162417609,15516.963579789526
349.0,640.1013160466398,27503.665463095043,29713.400567487155,5216.542858542387,15603.610245373211
350.0,638.7004552352826,27399.836151334493,29888.292336454953,5116.900730331191,15659.32850299603
351.0,637.3346426752894,27298.410064004085,30036.815256557566,5072.162643516725,15695.437129948998
352.0,636.016072754316,27279.459606465825,30101.41848265512,5096.718834880643,15702.062931494556
353.0,634.7552408690158,27423.34672854353,30018.829291628117,5145.60892495623,15713.528199166645
354.0,633.5783744756754,27577.010907357966,29832.649044744227,5320.410516547096,15703.140976658618
355.0,632.4744462564762,27736.28703746857,29587.73481424121,5535.624241448554,15701.717752436754
356.0,633.8856464902865,27893.701560774458,29401.135798075476,5693.529261042453,15696.330723735397
357.0,638.5538353661985,27957.654851184227,29306.574920083523,5792.196232226715,15709.746630632873
358.0,638.7975024305922,27860.869375645878,29331.029568136746,5791.186697345923,15791.88643519612
359.0,639.1733933768863,27763.117164192015,29426.667967505524,5941.083671276145,14425.347916639608
360.0,641.176909855364,27661.826533912856,29597.47134097119,5790.790872261005,14523.740306816871
361.0,639.9680383443575,27564.099592979,29779.65701759895,5617.59009421332,14629.472190503639
362.0,640.277927862459,27463.001056800586,29934.124960203044,5488.151964321324,14724.579220023004
363.0,637.3369734098885,27366.61097049699,30019.107522892635,6379.589196922028,14832.554692589038
364.0,636.1398858277614,27267.14618161873,30036.30873062626,6360.488809002224,14946.080980468527
365.0,635.3469733118949,27246.411506516368,29947.501416203017,6470.857821071765,15021.096329257232
366.0,633.4061997429259,27146.9444100424,29915.91892651463,6602.845272108625,15084.332707261545
367.0,632.6583006060912,27046.35879703075,29916.981636697226,6729.510990499452,15130.97309120178
368.0,631.9161622651748,26945.59204736401,29885.648352861568,6887.236975486071,15182.24110954141
369.0,633.1777345803703,26921.554255259252,29799.13119130919,7072.6642285103735,15218.793423078418
370.0,635.2965821468001,26815.47696645947,29770.719875773495,7242.091502103536,15263.781297725947
371.0,638.1842524092938,26708.177627565856,29812.109065720288,7333.026193142199,15308.411876843578
372.0,642.9817219836623,26596.728551166467,29894.35175486019,7289.628992297942,15401.836164966022
373.0,648.5224300313847,26571.759918509262,29920.70076045087,7209.170899217031,15511.766611429217
374.0,652.0562386868837,26460.987632397653,30149.112521805164,6981.148238827725,15613.853203420858
375.0,652.969435984159,26432.88954426005,30324.083799775803,6734.433696519541,15724.124256392355
376.0,653.92078290188,26486.540181326665,30488.075093419204,6424.8334300102115,15837.618593688361
377.0,653.9319127867794,26380.788556194348,30665.243612324193,6365.085110477159,15877.791693495134
378.0,653.1695881590949,26358.285414115155,30670.206289077465,6518.666312835631,15875.543304339277
379.0,655.5751245197474,26412.11689771243,30640.320560812783,6648.990792085295,15872.716414077411
380.0,658.7266967849636,26550.77466888505,30509.897708678123,6867.044234739165,15846.91298724708
381.0,658.717220285602,26615.83960709075,30506.85792219401,6982.904991729678,15829.567236563302
382.0,659.6762472836937,26781.01251938077,30355.239364305507,7184.875373006815,15813.065184782532
383.0,660.5635756018827,26854.27067311655,30266.552973666676,7280.784760914499,15854.246774064517
384.0,660.8193044746304,26923.31587466922,30279.955216823935,7289.668856082085,15878.546590600365
385.0,661.7246492704932,26984.262824484278,30297.29570065258,7191.6766086690295,15959.649836998642
386.0,664.0525579000449,26965.738331956494,30264.230871220538,7188.2551152885435,16054.479513466855
387.0,665.2106198548202,26863.400354982237,30366.84602458366,7122.000734039963,16136.06219310647
388.0,668.1314991433333,26838.73329105406,30418.91408876426,7045.445256919184,16219.27235813253
389.0,669.5564336401318,26819.169051746867,30471.60680589313,6970.610886364373,16298.835745845015
390.0,670.5549343437461,26884.085064075312,30388.7620319737,6974.3160557925785,16382.815583483478
391.0,671.8348482097527,26861.809154855742,30367.83820123552,7018.885961468357,16443.241558542806
392.0,674.0904552624171,26919.816031689938,30254.299609482106,7087.540623578216,16512.430098281475
393.0,676.3646562403434,26896.83610052627,30230.19054756516,7158.91486261417,16558.878397097244
394.0,676.5506978719063,26958.555852374542,30184.315854941844,7146.399380317343,16627.34758474123
395.0,675.9687996827225,27023.456810419153,30089.434136649463,7167.582846617083,16706.52006095698
396.0,675.1512710160702,27009.06093325234,30052.584128403134,7193.332722660878,16781.522094581785
397.0,673.6353520076365,26996.325496279096,32049.102650735564,7142.594476748078,16853.055006864324
398.0,673.1617020955608,26895.10996147779,32173.65746718431,7110.382008088191,16910.677354285162
399.0,673.8330318738332,26793.541520415136,32215.90301378094,7103.921115583878,16999.406303890562
400.0,677.398964053813,26688.418803262433,32303.303435410384,7087.121191506806,17070.269006119153
401.0,680.8917528893664,26743.6187616747,32264.747805507715,7038.12311519644,17155.630918184743
402.0,683.3448189193954,26804.946289028634,32262.74060403077,6938.282549972768,17246.097010622303
403.0,685.192583269222,26872.042353008248,32264.46488232638,6845.970796382579,17328.823389832065
404.0,685.7863307454602,26944.947657845973,32353.693761381328,6685.385386959802,17399.335184013722
405.0,684.6977265471614,27102.647303753507,32460.31732136424,6552.666973126354,17406.66275120549
406.0,684.1882183090735,27183.543759708304,32612.994821834243,6421.090118355058,17419.625350217782
407.0,684.6182118526876,27085.1932891538,32881.687491916615,6354.873716034008,17412.94905819006
408.0,688.4008758127829,26982.6219917891,31632.849719978894,6485.909088653418,17387.199328556366
409.0,696.0656190763436,26953.247601414623,30703.89356834527,6478.998468497682,17390.69192318909
410.0,704.7876450017076,27002.04633262132,30656.13888118041,6547.965628045779,17408.574059152437
411.0,709.9083767408038,26975.87439386179,30597.547236605184,6639.928705176742,17455.97651005343
412.0,709.1198999541747,26959.315199516048,30549.420706182595,6720.20232175257,17500.93409072301
413.0,708.2389407094909,26937.27505580564,30538.26472491879,6712.037722532772,17568.777465827956
414.0,709.7810236036244,26912.17679130725,30501.49134261303,6658.615973849238,17678.472155492684
415.0,711.3400127306605,26805.052110845772,30516.793938992676,6439.24115975067,17801.19737562435
416.0,713.6921021458401,26695.3371972237,30566.40972394151,6321.093752690232,17930.652480513843
417.0,717.0802308500872,26667.080116166155,30564.12166590014,6236.171344368035,18038.647270957696
418.0,719.0683711856857,26556.182264557185,30575.900244869,6273.683737033803,18096.320699287087
419.0,719.7572996143306,26447.58008348028,30553.761127184716,6353.61846236006,18152.686671813597
420.0,722.1123413700283,26496.154032552622,30433.38423847911,6444.507522815209,18202.139806880685
421.0,722.8287709602109,26549.550196752298,30309.65334336643,6568.386517111948,18230.776789835727
422.0,723.3275331871274,26523.947253732815,30261.957306569562,6631.210225467305,18278.22032100933
423.0,720.3202658582362,26504.99375028911,30182.5449385908,6734.6661608205695,18322.5362361912
424.0,720.1545769125968,26483.68094097663,30134.233123709764,6799.862936839647,18368.084036235436
425.0,720.8394927590358,26373.978003895394,30173.414465060934,6857.003158832588,18395.208327353736
426.0,722.1986735299365,26262.76337410592,30189.4086514128,6905.510862776021,18445.829097150854
427.0,724.4657009191875,26149.468538330184,30298.143539306096,6857.056725686583,18492.484057514517
428.0,726.7449266242744,26035.29344056713,30384.06018514638,6806.5910406703515,18558.429077619014
429.0,731.1431734529045,25917.632901434416,30534.822805946256,6678.27372280246,18627.96094192404
430.0,732.1185917977317,25805.504391641178,30683.35044844804,6623.832900825408,18652.720744739334
431.0,733.2121881538127,25774.22490491615,30729.838226659835,6635.721186456745,18673.77306637108
432.0,732.3022041847123,25827.671079330055,30730.267323489177,6634.507396727933,18699.556223992884
433.0,730.7336986554091,25887.906938275177,30722.370545677946,6642.59370426611,17175.046947515526
434.0,729.282377112534,25952.988266699667,30650.85599634527,6677.886633061132,17232.48798222729
435.0,727.9190422484543,26016.524429813566,30545.820592286993,6753.891742850745,17288.943946087064
436.0,728.4996530966146,26080.34087190703,30463.695684063798,6801.812649488656,17344.617822045602
437.0,730.3431913651507,26145.741268488862,30381.93850886422,6873.113461111881,17383.813397277212
438.0,732.8259097974747,26126.40786182032,30352.121493114315,6896.287254257923,17449.713864687914
439.0,736.661114382385,26105.510986710127,30322.294326941617,6885.322400861281,17534.58882776
440.0,739.1029455732531,26086.109479146537,30243.17138168789,6930.805853621825,17618.339846628678
441.0,739.3837596788867,25980.528768227443,30279.02437855881,6904.708127595778,17703.539788459544
442.0,739.7403508187002,25874.232868627536,30249.886238095543,6948.749313140389,17791.47657793408
443.0,739.9740630835454,25767.520669424797,30220.277965768255,6976.734548537321,17890.41356560887
444.0,738.9643782121094,25662.194564933572,30221.402843614134,6980.7783563788635,17984.220645462305
445.0,737.2009493308278,25557.775993884432,30253.423302122446,6997.596429529818,18050.86171597308
446.0,736.0292089114007,25452.337910287653,30256.987617861963,7091.127691016656,18092.23676064364
447.0,734.2029961979838,25347.756217230894,30230.434380851475,7209.965534461233,18140.07487454582
448.0,732.3905136265375,23771.85189083459,30205.43264254295,7093.5490214150095,18201.053192703814
449.0,730.6652620672171,23662.247476757606,30241.569607065667,7117.2839280979115,18261.84468909722
450.0,729.0445874894012,23552.64306268063,30284.76435679518,7131.55448476048,18325.45308763831
451.0,727.4979484414246,23444.038648603648,30302.543662907014,6956.580703145754,18420.542941923806
452.0,726.0267009290246,23336.467049470048,30385.763562827175,6962.548082183679,18464.26575873138
453.0,724.6383006146243,26664.759693199965,30474.253301638822,6896.661576459012,18526.502092414095
454.0,723.3473849048106,26647.53874390939,30510.22079924595,6872.878480884735,18592.391175259214
455.0,722.1149002445543,26713.732251102992,30563.776562202376,6819.400303054736,18636.7838363968
456.0,720.8864538658161,26784.10345621369,30733.92235798569,6719.110973233537,18636.582638669737
457.0,719.6830074870778,26859.854516402967,30911.656472740375,6536.830214930944,18612.363798400624
458.0,718.5212983497634,26849.84565371237,31083.057601168424,6461.756600110787,18631.16224202197
459.0,719.9142101078271,26998.175112468485,31154.40996563955,6430.434250402269,18613.299982293946
460.0,722.9967432400285,27149.60477996147,31278.407638094744,6366.65949930972,18582.379614835827
461.0,727.3052343175723,27212.08101157073,31400.562737250868,6239.300885523657,18584.691126869133
462.0,728.7718702893802,27198.465909466515,31446.126748531133,6259.312307260321,18597.263135239522
463.0,730.9401886410238,27186.78975275549,31479.55688949404,6227.495118850797,18664.0099458206
464.0,732.8983444258288,27176.921549539242,31547.236965000957,6180.485128903336,18720.255456479386
465.0,730.9054051010643,27165.447856058006,31596.924841468237,6148.387352948005,18776.535684678987
466.0,729.2525702373249,27154.21290350373,31591.484369306145,6076.949920122236,18864.87568477263
467.0,729.2368259192468,27140.251668479297,31559.23858496832,6056.094671672171,18964.992046751973
468.0,728.8283293293911,27128.457222380435,31556.291324239508,6016.903175318033,19062.441040584807
469.0,730.3482382633156,27115.88147831361,31519.382276687604,6022.018194994637,19136.62494245721
470.0,730.1516497531251,27019.27483991043,31498.741579947768,6057.1420786462595,19205.32569098237
471.0,733.0164898439971,26998.385109279923,31428.869352130245,6104.859017381186,19261.854716707545
472.0,735.1408802694962,26897.608358834037,31376.06537150711,6208.2273205446,19285.17998901569
473.0,738.0057826075499,26875.931929332277,31272.785921656912,6325.303647499376,19295.73227471138
474.0,741.1416752921923,26937.074331091775,31083.646748418963,6470.508133955224,19299.94969577938
475.0,743.2811380818231,26831.622813442365,31025.631311686495,6584.713023017243,19316.122365551284
476.0,745.6849857491162,26811.48331415264,30915.127867929925,6620.030244713883,19411.603235771916
477.0,748.0238336367953,26702.561212724784,30918.184923579985,6598.396206759497,19525.271920501382
478.0,748.8892155406057,26594.49544586258,31043.24726372747,6508.000524548451,19627.452427902506
479.0,750.9787522403132,28736.899852296952,31150.516894568595,6428.0760457856795,19731.36409119169
480.0,751.7624641175549,28632.35502369705,31267.805433644276,6339.1697109027145,19838.06850152454
481.0,751.6711902102832,28596.369244917278,31311.13599686861,6297.372364280609,19914.544810516963
482.0,750.8746408051544,28562.443749396494,31260.678014167046,6372.65962120908,19936.378187815608
483.0,750.351085689293,28597.134842020718,31190.059420419937,6456.1929708762955,19929.88907232126
484.0,749.1274887594532,28636.736927435526,31078.209831118893,6569.765243391754,19918.63417286501
485.0,750.462507879701,28673.55652078096,30958.98724664496,6652.483300021331,19942.86303821148
486.0,753.8928463136851,28710.268103288003,30867.54339530001,6709.140328468444,19972.85215029993
487.0,760.000886204695,28602.488920393673,30972.23790580104,6696.333348178161,20011.248390177112
488.0,767.9065991296469,28492.044925252892,31114.78809917301,6634.77891452265,20073.474075872597
489.0,776.5426380896603,28446.517590683467,31243.74841760576,6527.246177995166,20157.684900960397
490.0,781.744050790229,28473.34108041256,31250.56649556168,6454.05839799179,20254.55416277658
491.0,783.409161356744,28511.12910621976,31273.93541184312,6377.65908109561,20340.22811730047
492.0,785.8327306850256,28622.15176203085,31279.46194175026,6303.471631420424,20398.753986934207
493.0,785.4388079436255,28813.32746870383,31238.685058182644,6222.723266184127,20454.505928415223
494.0,783.678810379046,29081.776029519904,31053.87808898072,6250.943210074395,20456.63520626679
495.0,781.1801981492446,30748.802160754156,30976.11073464179,6264.764347075587,20470.483375664306
496.0,781.3891068861465,30845.710117948358,30827.728909416,6343.678327660386,20461.693409051775
497.0,784.7688972986282,30812.29973673124,33837.29916450888,6415.713215077727,20438.40662135053
498.0,790.5025082264854,30712.901640981545,33859.85713494687,6522.012726514733,20404.77043365337
499.0,795.97704595488,30669.865219067327,33727.97290276661,6637.445860874918,20419.77541772223
500.0,796.8811955522035,30632.72372734953,37388.468195407135,6735.068710000655,20452.75789117075
501.0,797.7727393111816,30596.61739370891,37401.1249559174,6721.508251199652,20518.454277855973
502.0,798.5324978245393,30561.494983190973,37458.44404545785,6657.802493091656,20610.887761103488
503.0,798.9112946010655,30462.69971990216,37592.6095227219,6561.134462758146,20734.681318527735
504.0,797.3203744392688,30365.300324816337,37815.78933654711,6443.800969940546,19253.823233321655
505.0,796.9346121876841,30266.2321446779,38090.638642005404,6301.6993975389805,19367.12634268163
506.0,797.3819971499205,30166.33414320858,38377.11893334707,6138.448563288205,19494.43234016127
507.0,798.3513476878209,30065.866750534507,38530.47233649394,6077.34942375409,19588.837903716503
508.0,799.4183975749039,30022.452246474855,38538.04650320731,6091.368186869276,19651.23181918419
509.0,798.1405595294535,29983.03262819929,38506.889777584365,6158.20213644998,19681.74630005582
510.0,796.1069545915175,29946.738694046813,38475.27509423427,6236.590838499445,19701.153851504536
511.0,794.3659946091065,29849.004237892754,38431.818601556966,6356.171895303727,19721.594440621528
512.0,794.2112242840647,29749.680375073196,38470.344919403346,6448.691417509277,19730.861847654825
513.0,795.4452412742279,29648.743191555077,42563.45750883512,6541.148291942896,19738.423093703506
514.0,797.4680201219959,29546.636714126707,42630.37333746068,6595.502037579163,19780.280825629474
515.0,800.1104012360438,29443.922603684216,42652.58465168314,6635.305448555135,19854.07450564111
516.0,802.2623314099764,29341.635640516484,42726.27500095127,6637.969875634577,19943.533789263307
517.0,804.3340791123695,29296.49247347347,42918.618192093796,6551.280043828937,18614.5787385041
518.0,802.8400202494769,29256.588491912455,43021.25118572206,6500.410148461198,18710.40255886227
519.0,801.3353179576363,29219.496165609748,43125.74089853086,6447.0423309150365,18806.55517382093
520.0,799.8147107913392,29184.47763314562,43228.90538636507,6413.104257675249,18885.223609914654
521.0,798.3116843745106,29151.469476610775,43281.11644882244,6424.798787372524,18941.538920996543
522.0,796.8503062630666,29053.841879077878,43364.651278516685,6467.579781024372,18992.11406770846
523.0,797.9486219016771,28953.35713868784,43366.99627464539,6565.6002022574285,19025.585706578684
524.0,800.6196262876208,28851.276705529755,43360.90138982516,6678.74673970225,19050.60524760838
525.0,804.2420462575677,28748.055051593852,43451.37725803351,6745.889914407281,19082.040187824263
526.0,808.6550187184175,28700.240265864482,43517.93164369633,6758.010287680007,19142.138986975984
527.0,813.6589556492477,28650.79688958258,43591.75570892448,6757.481730642134,19210.9857525267
528.0,813.9737945061522,28548.819576813796,43989.016727926246,6618.995213694654,19311.39092968137
529.0,812.6322421665227,28449.538349661492,44496.295480154185,6415.039931540238,19428.175727339505
530.0,811.277795157208,28408.55501343514,44776.612474458394,6288.35892588409,19530.58114143459
531.0,811.2134153872765,28426.02319927033,44791.85434088483,6247.620038186228,19624.306920891864
532.0,810.4563397968275,28444.800099966065,44763.69784225526,6274.239919468917,19675.650403617692
533.0,809.8428198509955,28464.94892324663,44800.44409835941,6308.726261886598,19696.25014792948
534.0,810.9411194545513,28487.783193110925,44790.0186237592,6368.604952551582,19709.227874117278
535.0,812.1530345485016,28509.192202107817,44711.56630015924,6437.459767174591,19738.950366922985
536.0,812.3634349433667,28533.468956075176,44604.86001513418,6534.672678482544,18444.01646382882
537.0,815.2960338961675,28499.207041578808,44671.898354423145,6585.787532534668,18469.787037454338
538.0,814.7621062975247,28460.170771727044,44929.63580709181,6530.463049099769,18520.883878080956
539.0,814.2355619639677,28422.294825643825,45148.56052076945,6463.144384156597,18593.387611647824
540.0,813.8627944363684,28325.137096870658,45416.49809479935,6409.860915108785,18665.98929123417
541.0,814.1795379294745,28226.957150019767,42000.148285536765,6362.46265461245,18729.437138514888
542.0,814.1667040090973,28185.488595288425,42288.432709811284,6240.897908645302,18802.146559455286
543.0,815.5037476847244,28142.63842894696,42538.30157244519,6118.587370694109,18890.36605908018
544.0,818.3534251349714,28040.322295480564,42821.80827910191,6017.641211560787,18974.67763588989
545.0,819.0530004173859,28002.572197496087,42943.6376332264,6044.0543058749545,18993.404360664284
546.0,820.3840837108775,27967.14521984805,43070.38770209297,6069.205659304417,19010.471514844063
547.0,820.8829126716421,27984.356148275187,43143.169178803844,6039.533890624131,19039.893358066707
548.0,823.0315600085736,28061.33079921253,43097.712942932114,6086.557122698653,19051.311730451343
549.0,825.2146337738596,28200.661071458457,42845.443891000024,6184.402185144835,19071.05599531552
550.0,826.2189516632016,28346.21622029287,42543.54327776629,6279.605850303577,19109.248084699197
551.0,828.4539091031115,28494.2503271921,42270.0943798453,6342.599916681128,19160.333359865966
552.0,832.234469895438,28586.862295268787,42133.79042224207,6365.59656671558,19214.057218627033
553.0,835.8106149598993,28556.71674119098,42141.37896521578,6370.132986476857,19281.47727734542
554.0,841.6678028072862,28454.691250896984,42274.2673621568,6364.824643295968,19339.20879150581
555.0,847.0115659828144,28351.542641197862,42377.38159718779,6371.97689811578,19398.437788698226
556.0,851.977904994546,28247.14321771899,42529.077045683516,6345.818118874944,19467.949541546055
557.0,857.0355522575438,28140.906975137892,42590.25726922777,6354.516278382171,19544.163133917613
558.0,857.3720319188393,28038.315313725074,42773.30607093123,6289.498853814164,19636.911165531284
559.0,858.9773290537239,27933.416770573505,42999.89423740547,6195.68573091802,19738.05245695064
560.0,859.3672188950356,27829.387929569126,43234.87306128685,6124.509973981047,19817.081762013746
561.0,856.91655430895,27728.508661657524,43481.700956357585,6056.893193338477,19889.473516064612
562.0,853.4723199785873,27685.97225088878,43627.92274710578,6182.631630036813,19929.496865101366
563.0,850.4384053156682,27645.86285478017,43816.979894585354,6166.384143895283,19952.726755421405
564.0,847.9476462596374,27547.9211848299,43906.72974411633,6222.623502530358,19984.638442080923
565.0,845.9234968975429,27508.3169076176,43890.54482045415,6296.687768978874,20019.72218203095
566.0,847.3808948219666,27524.615283680905,43763.928740164556,6416.386706863994,20035.74174458596
567.0,850.1988369262344,27541.97683130546,43792.68814343448,6464.5442876376255,20045.372187425703
568.0,854.0455956409204,27438.078654072928,43966.96120779646,6490.700750356679,20069.406778599223
569.0,860.6478600953367,27330.778626996744,44148.53427457263,6443.577420241045,20150.354077387285
570.0,870.3812859790859,27219.590106043903,44367.70990347155,6388.749811358953,20223.423938026102
571.0,879.2068223368836,27166.13815396911,44693.75683017741,6326.9047619515995,20317.40425531786
572.0,879.777561271096,27179.62805265224,44958.465424603004,6155.292950353959,20412.21580758355
573.0,879.7573437710972,27253.9698453345,45087.58439868772,6046.125354564405,20482.79528878493
574.0,879.0290081795264,27333.98363031174,45140.7932983534,6534.065064290564,20539.095117147146
575.0,877.2368884459069,27479.591557629145,45125.21755706357,6467.540875347037,20595.62753703705
576.0,875.5178398762222,27514.596346708066,45082.41392914143,6496.869166650788,20641.753997294905
577.0,875.7094343260651,27544.737308462572,44951.19872317362,6592.539147417882,20675.256659221213
578.0,879.5612257347559,27574.22245779318,44743.70632475348,6764.324722185313,20682.110643369753
579.0,878.6931743331143,27540.82771068571,44613.128962987445,6947.568864789927,20681.345803877397
580.0,877.6297959407042,27566.39775060265,44536.03878290157,7046.0847877959595,20694.872050655697
581.0,876.4898110921804,27531.528232056982,44487.26574954704,7149.971397090109,20720.776045586786
582.0,877.2203644286359,27493.443917811353,44443.22213697516,7245.383266021948,20751.585232269783
583.0,879.0881787289047,27454.77116065449,44441.432264680145,7267.856734689376,20818.931229071943
584.0,878.8594581260505,26728.751770640516,44552.931840848716,7234.100275589552,20909.806752678865
585.0,878.5430140262366,26630.79423645918,44799.716402184,7110.736038264941,21013.342691000656
586.0,876.1633545897753,28458.70359156783,45057.796554911205,6965.006486769909,21129.47682071171
587.0,873.8072955633291,28364.71614209334,45317.12840972166,6741.051487343225,21227.00127663386
588.0,872.3134837817947,28269.855731926025,45589.733033236436,6653.521415448786,21300.805513937354
589.0,870.8299193743197,28175.54801095169,45825.51375078236,6517.255003525051,21367.513034425494
590.0,870.518446009276,28080.417690864742,45981.45011783144,6534.502864637693,21403.265035661145
591.0,869.7886221781206,28042.57873842729,46005.75407017006,6596.106192335774,21427.296716415727
592.0,868.4917447863402,28006.991905701485,46016.12737320851,6690.857628198799,21427.620711403248
593.0,867.3025893523678,27912.213229708406,46055.09776915223,6774.135945645036,21454.135966172158
594.0,866.2334149281871,27817.20587631545,46097.03376540778,6861.214280006847,21477.218061469433
595.0,868.4432151855119,27718.379029444874,46098.7808680094,6968.11018598261,21500.491743921502
596.0,870.4285439730063,27619.201395607266,46183.76008672507,6989.337680257611,21566.591914818822
597.0,873.147920810108,27518.695993942307,46355.55113351696,6962.3677901228175,21640.98484004716
598.0,876.4413295953487,27416.83581720613,46648.03094647033,6869.931168947762,21724.562136944765
599.0,877.9992638833209,27316.626224292308,46916.895596110124,6776.532144660602,21818.440064850987
600.0,877.461746342186,26581.513179997397,47194.09854030099,6676.922407469554,21914.497256893177
601.0,875.8755389665063,26551.500308331393,47289.19747280995,6654.541475296757,21990.065809029667
602.0,874.2764974797939,26593.549980773434,47320.21555265759,6632.290739633378,22062.824759499093
603.0,872.7013666924859,26639.126426706796,47265.04947303445,7265.9626216657125,22096.211186328754
604.0,871.1626098369485,26680.79198591574,47146.10004074672,7391.328286417163,22111.7200305972
605.0,873.3785235907866,26721.29429752777,47025.2744512916,7488.954521350436,22149.522901624325
606.0,874.9616086284744,26759.087866512098,46908.86364197551,7587.544973876359,22186.51739850779
607.0,875.7808660127138,26798.773345037174,46955.72844207858,7622.7292442855405,22207.86129233662
608.0,880.2006501833903,26775.598745286894,47104.027185427454,7617.504854858815,22242.843093694974
609.0,884.708672224229,26674.314520768185,47297.0257985776,7544.176452400976,22345.653203411046
610.0,887.8245931687709,26574.318576363617,47469.77255924312,7503.957287245279,22431.26672731337
611.0,887.0774068898659,26619.702520111412,47650.27702885748,7408.0411893211985,22502.373688844134
612.0,885.6418147711904,26658.42946686951,47811.65322013038,7331.788208553822,22566.759542287902
613.0,884.8417196126393,26632.081002465406,47895.33462353512,7300.9753129358305,22650.404141608902
614.0,885.8442163790897,26533.09810009113,48138.552141706765,7242.1808836171695,22721.026745946067
615.0,887.8505348328799,26504.755536073535,48279.71103846378,7213.358333708257,22780.40213590942
616.0,890.0917345993944,26470.724366809987,48466.167016755324,7168.084681407981,22836.947946419787
617.0,892.3051751211957,26439.56110989702,48614.95296665323,7161.590865152935,22876.615898390493
618.0,896.2965125794944,26474.58479018659,48697.77185689767,7019.1948400816855,22928.330688471004
619.0,897.1280552914884,26583.93309346966,48622.0071269856,7073.408409613069,22946.804183110384
620.0,897.6635226219685,26485.352158264956,48587.48735679276,7203.825108746181,22964.5719193598
621.0,897.1919956870157,26522.206021809412,48503.9779178065,7259.440274077069,23014.650228701743
622.0,904.8742908097767,26552.988644027493,48457.0051643511,7285.834533282416,23073.759487548024
623.0,914.8862957770209,26584.011849155864,48361.40214147105,7316.183046434952,23146.41543973288
624.0,921.2604534136166,26549.96261053717,48498.81064226941,7290.894892723105,21766.564079230993
625.0,922.9990154015526,26523.58684564256,48597.48665789354,7258.216257958369,21852.54811078251
626.0,925.7949599697562,26416.781794631428,48822.395823212944,7161.564513773182,21972.900184943876
627.0,930.2280028767017,26374.852615839587,48990.81005755339,7112.147657837,22051.733506306286
628.0,931.2515711835534,26404.290306575513,49178.71844553518,7008.094006744289,22142.36617240576
629.0,931.0269894667865,26506.61198971102,49248.233656331475,6934.793908066281,22224.922227344385
630.0,929.8735047634843,26546.618156239223,49292.68118218813,6934.1332179038,22280.81651044764
631.0,932.9616268049824,26586.05672712034,49336.56696803286,6953.891740129783,22318.755063508732
632.0,935.5492199674879,26630.218754326943,49382.39628515668,7000.626581733477,22332.337556661838
633.0,937.0856254809003,26602.014847136983,49586.05625940735,7003.509260401512,22349.54866510931
634.0,940.3715858617101,26572.981371361064,49750.68432953357,7027.754007390327,22363.460652784597
635.0,945.4664367966441,26530.940329735156,49842.64964714282,7102.452352104228,22366.768606583333
636.0,950.0060202780116,26556.04099206861,49820.191394970636,7179.134531275308,22386.152922789555
637.0,952.8466939367463,26518.037521508675,49853.76580052179,7191.720673298853,22460.557907041286
638.0,951.7681256808069,26415.815163191597,50122.83861614304,7110.5669660232425,22549.08651852759
639.0,951.3978668844229,26380.3904616309,50296.38098692162,7047.313912599455,22633.952036968018
640.0,954.872418981767,26414.66571643039,50353.23502622355,6981.198002924277,22737.202370662017
641.0,957.6320786383335,26444.660425091697,50347.31469321162,6970.595529070442,22820.0059095311
642.0,962.7326751452565,26543.18865289027,50363.99783691257,6926.0714524723135,22893.88696677576
643.0,966.8012102197067,26575.42225771393,50394.98610498244,6898.575221167234,22971.336567403843
644.0,973.3651674082288,26531.927955966687,50324.88227547718,6965.431228794287,23035.284919191574
645.0,975.9443819144238,26493.6853792328,50198.13269786336,7077.332462947923,23083.766988776464
646.0,977.2928695856721,26385.883438629608,50143.020417240434,7186.404235201606,23135.018375839918
647.0,980.5226566512397,26275.24007638142,50170.19823910792,7158.646437307164,23170.77948261845
648.0,983.1368722345842,26231.211393542537,50177.306336093345,7205.567222026161,23223.56380015282
649.0,985.1238421382608,26188.95224821201,50268.529518232666,7181.022678606518,23307.933148747958
650.0,984.5482564671971,26151.21883873078,50407.085193673185,7140.234076617233,23389.292270842914
651.0,982.181206619314,26184.36537050837,50651.57399095864,7019.566707619267,23475.892141752316
652.0,978.94562464086,26221.272973160903,50908.054323568016,6920.987151595992,23537.638206166037
653.0,976.0097549697438,26261.934374140223,51087.54659417859,6850.914056390683,23601.935647162183
654.0,973.4841191236487,26234.22286049935,51464.9286001157,6766.695111015641,23629.827577364304
655.0,973.2979100837654,26274.031743137188,51779.09699670863,6667.180446369026,23667.51467796106
656.0,974.3345974228872,26384.0959675404,51844.76230228778,6615.262337309595,23728.50770882321
657.0,975.2068311714293,26424.689392266955,51702.20959736964,7218.249676610616,23772.42672096877
658.0,974.6151901987761,26469.230304923552,51681.76938018249,7258.177113471159,23813.927932106242
659.0,972.9649118130244,26510.370626609023,51774.090119235916,7239.935552856575,23861.6153024757
660.0,975.6768208384336,26480.397497512044,51754.573136842686,7313.232612307696,23900.72364541535
661.0,978.2201724171387,26378.86118687914,51813.79044343658,7396.956506712509,23929.426442561533
662.0,984.130838003802,26271.91341454091,51961.719498043494,7440.891977127717,23958.698957830846
663.0,988.411124970778,26166.04707922683,52197.687003654544,7425.433428164057,24003.983017900435
664.0,996.0500773890927,26054.09973026859,52343.26525334625,7459.6596073051605,24043.217466952156
665.0,1000.0456150556615,26011.981749770162,52340.10386346931,7527.605856403415,24086.53404585566
666.0,1000.7372883999353,25906.57924875425,52448.106176073874,7560.444314208994,22737.09960336837
667.0,1000.7303638657614,25874.615303500963,52443.02058740436,7615.633761791661,22802.2399488946
668.0,1001.0245783111302,25837.709590144972,52573.929800437996,7569.462487881333,22899.166607837502
669.0,1001.222401367901,25802.505602743917,52630.958289629205,7556.074073942461,22996.683448058666
670.0,1001.7385457374648,25915.066639439035,52620.27507902573,7492.64333461086,23105.07071519974
671.0,1002.4006392754521,25955.01506429962,52676.08118100076,7442.503262084134,23204.639234808463
672.0,1002.8722283557615,25999.181555015675,52891.68352727722,7318.177529667361,23302.492791934426
673.0,1003.6772974188556,26113.40503332661,52956.52601401393,7245.245099473941,23388.541017108564
674.0,1004.7073062228854,26011.558979663096,53200.32743359469,7212.0891584046785,23455.776496018578
675.0,1004.2843728484739,25979.156142880616,53422.36421522612,7178.553722908302,23508.146028503048
676.0,1007.1948293249652,25946.55937427021,53470.22735119604,7524.355426536937,23518.00706562759
677.0,1011.8281971107638,25980.387191551225,53367.13495134823,7676.738778285058,23528.298761939906
678.0,1014.4487910797284,26080.897219987033,53301.13093869807,7809.94257473949,23515.95194664261
679.0,1015.6911683266653,26046.636794477778,53271.525612647165,7956.756362160946,23527.710964824124
680.0,1017.1231396792034,26016.2181022685,53320.70419947854,7965.419324736427,23608.129548181863
681.0,1019.084591611412,25986.827216533038,53358.73218597556,7961.582058991456,23701.21555569341
682.0,1021.9725569275147,25949.301039345082,53570.55218997901,7819.604631279827,23833.513657064042
683.0,1025.0235297027014,25912.401963651457,53879.421544955316,7655.747504684646,23946.501368159265
684.0,1026.615027077642,25878.924146041958,54246.727056554235,7452.22781384215,24065.99742168865
685.0,1028.3703086745618,25846.842897243172,54590.569114552825,7279.304184774318,24170.78764240109
686.0,1030.3652304639172,25882.451894050446,54728.96761029639,7244.73455421736,24225.91981939127
687.0,1030.9393830245308,25917.268732465072,54699.22548635351,7333.3525447158145,24253.435046524246
688.0,1031.8666332013727,26024.751755807236,54497.97042854738,7513.040115398646,24251.135833790457
689.0,1031.8551860305759,26067.447311202417,54316.42070821091,7715.506237155213,24248.286888480074
690.0,1034.7231908871345,26110.780769615758,54169.40183883638,7850.810929409212,24279.612803293963
691.0,1041.1175033645115,25057.34384300053,54215.175263601166,7867.147658444143,24352.96514107541
692.0,1046.513266633388,25032.96669128724,54388.68200940634,7814.381509491193,24430.863214720666
693.0,1050.2436150137853,31281.030049851805,54659.24890979123,7708.044961242049,24512.83289930696
694.0,1050.7577360781602,31167.229962856924,55022.586009078936,7635.055025985259,24565.74146204376
695.0,1052.808287322813,31050.035925046668,55445.239314422106,7532.694916279536,24619.35974196758
696.0,1056.7465934689808,30929.29278341022,55841.6000735194,7463.502989938154,24658.943247960255
697.0,1056.8137037854126,32733.622174746204,56095.769724344704,7449.063692787569,24686.51578322186
698.0,1057.3102448805932,32790.08567478199,56152.86904878255,7476.557342507605,24729.839857183153
699.0,1057.108076116896,32934.21071973289,56086.10544531847,7522.221326285129,24778.748312275675
700.0,1058.2271604021726,33084.186021851,56047.35533653331,7575.246311205884,24809.351527588533
701.0,1057.739296919435,33153.37340986127,56114.79750176255,7594.913853626674,24848.83463506257
702.0,1057.4845482410894,33223.14584497636,56006.47630994668,7696.056767411428,24891.5349781477
703.0,1061.2223693534029,33114.96493048463,56083.31357184643,7750.3577732556505,24952.446525862175
704.0,1066.5821703450238,33003.679192381875,56207.20647023661,7765.794530740579,25025.316924102226
705.0,1076.3754789186596,32965.1110740049,56350.52309706245,7731.861638369504,25103.651208788568
706.0,1083.8342895433434,32928.89606425953,56494.741022275826,7686.8106858995425,25189.363262180486
707.0,1086.7365477391804,32992.08238677184,56605.23120608903,7607.449609739881,25284.114863158782
708.0,1090.232511842723,33063.16346383647,56637.412767369424,7566.960377417446,25376.095087178746
709.0,1091.1848690883742,33226.21560932885,56604.01021311919,7546.1745490372705,25451.787923856482
710.0,1090.4865031344357,33369.96769157621,56626.757122840885,7537.0624105698225,25504.989392164945
711.0,1092.0391666361247,33699.90330081544,56407.30411309116,7603.04138708843,25533.08000450564
712.0,1092.2373959452113,33861.054800212136,56264.58345534463,7706.964906150122,25554.630670554412
713.0,1094.1090423577778,33840.249086390024,56214.997007776044,7795.604083349161,25605.93042786251
714.0,1097.2187403703879,33896.69585974467,56142.5243272319,7849.30076798237,25667.32315751126
715.0,1100.9763049142894,33954.40767247638,56146.6711498586,7856.623027141297,25733.225507558782
716.0,1104.7608888173258,33931.52557486052,56210.42213747123,7887.899719384619,25784.216667563196
717.0,1106.2596360056907,33913.397001263285,56285.12018990786,7884.145978016105,25856.05433815769
718.0,1108.7125001546021,33802.25542177297,56564.21228955208,7827.2487344157325,25920.65251777231
719.0,1110.717111699315,33690.138381861645,56939.45965506575,7712.677269925538,25993.26829816979
720.0,1109.65203992147,33581.48522384236,57334.920694294044,7590.607200228311,26064.907349501183
721.0,1109.8908607789133,33471.112903568246,57695.67582959557,7518.481977430481,26114.376703683436
722.0,1109.2399841426925,33363.11865908148,58073.8154641658,7436.442926321435,26165.76909576709
723.0,1108.7855665631776,33336.22599773908,58385.230047097924,7366.396513136165,26209.017221435424
724.0,1105.8982628504718,33398.4993127739,58664.72356004754,7284.294691292321,26246.903075179685
725.0,1103.5043055629683,33468.100509045515,58731.02388489121,7300.091739773844,26288.148193512843
726.0,1101.4271871950602,33536.870447560555,58683.4143963442,7399.028569278222,26311.391976860425
727.0,1102.073843783202,33688.36416668695,58476.44770329073,7586.054678136753,26303.656718584334
728.0,1104.4326166557412,33925.39696292669,58194.751263990554,7742.23049141635,26317.766770690338
729.0,1108.6551860442519,34161.16699052754,57907.03405726826,7864.932797455417,26355.74054630946
730.0,1114.9400269546672,34235.03341874919,57881.219651196334,7894.870018102232,26412.04846320997
731.0,1128.0811948886999,34221.30091675674,57917.40959698259,7918.939531753937,26472.145016487724
732.0,1138.8933305400274,34293.32692966884,57891.13620727219,7914.658904750395,26549.56859357354
733.0,1145.0346092847465,34295.09423261212,57936.00192238577,7894.304576548172,26634.836248650936
734.0,1145.046111815553,34389.83656994685,57957.66205602698,7844.060231014698,26724.178861594493
735.0,1142.421298981205,34489.53014383058,58020.94202823169,7750.272378299021,26827.771549410478
736.0,1142.4160044569562,34585.784948887944,57955.6758167894,7723.968371649547,26927.362441269932
737.0,1142.8179137346958,34483.791461120105,58094.02986718218,7686.1130641038635,27020.061518370112
738.0,1143.4329345153362,34380.08730548831,58239.2152996336,7654.860751366499,27106.52324911385
739.0,1142.8422585600542,34277.09826429832,58388.04046443552,7610.132150520761,27202.44498177179
740.0,1144.563317054994,34169.5580832829,58573.44421044392,7560.292133726922,27290.374488593206
741.0,1145.3743716062954,34062.13191223345,58845.28543065211,7485.5278216493225,27366.504609264466
742.0,1147.0249054304386,33952.37960174098,59043.7952717327,7497.556677429564,27408.210496060266
743.0,1148.7411152284963,33841.39357746453,59211.71070098701,7536.058744088722,25931.557502247604
744.0,1150.8626904788696,33728.69890822074,59345.365386582474,7639.542385879514,25946.728261252432
745.0,1149.5037018723106,33620.17889246817,59549.96170268347,7702.548645897762,25966.510696648686
746.0,1148.1777842843558,33512.10209270783,59685.605691746096,7765.252718812389,26010.189062939913
747.0,1146.4442048784183,33406.112429967776,59858.38859475612,7806.47363978466,26056.384259367715
748.0,1143.7192355742936,33383.51497603558,59933.77595590477,8560.398533909745,26116.268133721926
749.0,1141.3958980631908,33444.20523474049,59852.56326238875,8633.243362727011,26188.288919066938
750.0,1139.5267618870407,33508.90591700479,59927.800664525326,8623.726833757239,26257.293578750578
751.0,1137.9249507690822,33494.102950309374,60028.282244655195,8613.178653962483,26340.221540132497
752.0,1137.1264602944282,33392.17474872606,60271.36239217793,8942.900628836816,26447.54975859917
753.0,1140.498666162017,33284.3595043758,60563.48082181583,8872.270844982437,26525.669022540293
754.0,1146.0997308433036,33252.701952220166,60842.33895454166,8750.304688741724,26615.27746840898
755.0,1152.5631692159839,33218.84074856658,61061.20791251318,8718.799013346856,26674.34417938238
756.0,1158.4778898229038,33187.880548800465,61234.8012894373,8733.461225182167,26722.17270050132
757.0,1166.448541436075,33155.65093109671,61316.85021324478,8799.45325449869,26771.784036500423
758.0,1171.3466787633363,33289.57119579075,61186.01731190781,8919.323859061733,26818.023170198925
759.0,1172.4387851251,33433.98768744191,61051.06212754767,9087.4312301747,26836.595401415238
760.0,1172.2646202818753,33584.408187707275,60869.626691183905,9291.416075936066,26848.627944793443
761.0,1172.5949077471514,33647.48452976386,60858.90258894489,9312.338831483727,26929.148406496002
762.0,1174.144867118936,33629.59390295685,60979.917539258306,9278.098309272857,27018.76318570475
763.0,1176.8767315469975,33602.99499443508,61204.01575902239,9185.91089373478,27108.24818582726
764.0,1175.6440641014894,33667.26353798364,61460.27334176356,9025.425389084225,27201.51255254032
765.0,1176.153331833077,33645.90845250759,61637.79133661664,8987.15268980449,27275.064887312994
766.0,1175.807817450708,33631.05733844419,61850.86000408024,8952.417074206774,27334.1585572751
767.0,1176.830319163981,33525.53182471954,62111.38152262962,8947.79832065922,27385.63072579334
768.0,1178.5067381016938,33586.6350325904,62328.01361474253,8887.495348939678,27436.844772310807
769.0,1179.513195664394,33560.47146466785,62543.11426348281,8921.676760501792,27459.778753706058
770.0,1182.098217502784,33535.52047981718,62683.96844335138,8976.28853147963,27495.411314067605
771.0,1182.8125084215856,33598.203613249534,62678.58401306821,9109.508890728153,27513.10691860164
772.0,1182.6587944247947,33747.14456060058,62555.913219886075,9262.693217243886,27535.07553860342
773.0,1181.158287191129,33906.468963053325,62449.20740861735,9390.754606265911,27563.007548945217
774.0,1178.825250864428,33894.276143527546,62527.037224372456,9483.653514702017,27596.57306038461
775.0,1176.9389013809343,33883.77045501795,62645.89798513514,9536.378358002785,27638.424567141978
776.0,1177.3926279297725,33871.80136481037,62813.185808241244,9524.688559636383,27700.00216493019
777.0,1180.1172410861811,33767.54948389443,63024.19207350073,9482.907777879052,27788.88938187645
778.0,1186.607995412903,33737.15381600441,63295.45001911603,9354.570654232959,27884.505144461295
779.0,1193.348240642361,33707.237845980824,63604.9376690789,9212.559680329201,27974.142627912985
780.0,1199.2905510787605,33676.7037557494,63840.13946065543,9115.66023573323,28063.733727861836
781.0,1205.5200437723183,33647.75893258694,63964.80021507351,9155.112285490473,28114.30055025599
782.0,1208.5687047508666,33784.933149795004,63966.18396998778,9201.742321036749,28158.158310956052
783.0,1209.9373955842602,33931.82582881265,64007.02175825091,9252.916354598994,28183.53744647882
784.0,1208.9085532083795,34001.083034685136,64198.919523400764,9255.217275806288,28207.0263550512
785.0,1207.757751403597,34150.65268856426,64055.93105254199,10436.69681082104,28245.27699234801
786.0,1208.9355607501586,34212.43301396682,63922.4604678039,10627.503287405465,28283.742354416023
787.0,1210.9283315390812,34108.922100148404,63964.76054310128,10745.847406228031,26862.222644385365
788.0,1214.9163458810938,34001.09325731236,64098.5452479024,10756.459501404392,26953.172648165368
789.0,1219.0311306534763,33892.15962317437,64361.21862817559,10692.780524424963,27040.082196966236
790.0,1222.4616100016701,33783.21359415965,64685.1786550446,10612.712758071943,27116.617063900623
791.0,1224.5385717848744,33755.407641868595,64966.13232359478,10527.15376030741,27188.848683914417
792.0,1223.2812064093307,33735.043392205254,65262.96104078413,10466.81417080931,27243.826641504
793.0,1224.0135206576479,33716.30643789349,65460.93573526425,10430.012263140672,27317.83942922262
794.0,1223.2899342175663,33782.62723762851,65654.42715167074,10377.69472429905,27378.659300306077
795.0,1221.3787103303089,34015.85609690656,65520.302416875136,10445.483355058452,27441.875795092878
796.0,1218.4997657192084,34087.68089186735,65427.54890152058,10585.715883349489,27499.53065691401
797.0,1215.9982971037755,34239.08249568736,65212.257468364856,10799.10642527122,27540.878860286393
798.0,1221.966497908473,34215.07368183836,65214.38309665679,11000.813018505329,27561.494679376236
799.0,1230.013587054007,34189.23548946869,65308.39068078889,11093.110723478603,27604.46643506531
800.0,1239.9570695467287,34072.66533211942,65439.40337936915,11164.322169865289,27668.616008386747
801.0,1240.747741913516,33968.80209662188,65657.41550071382,11103.85664201187,27769.092849891924
802.0,1242.3479753849133,34685.101448548536,65888.49259112161,11001.705164519784,27865.45004414277
803.0,1243.0181342359224,34777.75530829187,66153.56323654694,10830.958608855764,27962.743573993575
804.0,1243.3516900880945,34874.489363590736,66426.67365339783,10675.44411138439,28049.086506086605
805.0,1245.6239757214541,34864.00490419433,66699.11993094544,10642.099264486187,28098.665186387
806.0,1246.9535484350267,34861.979804420305,66980.71888708862,10622.93209572909,28137.26534700943
807.0,1248.5664378386614,34849.83857155411,67128.41715670441,10723.739279965372,28163.457573809235
808.0,1252.3220393269867,34936.40742615156,67121.03640062163,10904.912804649473,28178.934506403093
809.0,1256.994216806484,35028.10228184247,67104.10983335503,11108.640359050798,28185.278179900208
810.0,1262.7333110185236,35119.77969109254,66959.78790598536,11341.24096974475,28217.82428763991
811.0,1268.2490820246262,35324.04048294005,66820.80432680516,11503.129422878252,28258.89466738867
812.0,1272.671540814115,35409.962627780755,66925.08150104343,11538.097790646761,28308.15591836335
813.0,1276.6372837260024,35501.72520364959,67076.57142619241,11504.332574163036,28373.825061415453
814.0,1282.616653933463,35704.50190086741,67241.29130582849,11371.589125340226,28457.694803863604
815.0,1286.9238018527317,36012.70866555287,67308.43810653943,11233.146871012015,28551.957897774675
816.0,1291.24320315975,36118.8359405018,67668.38823978206,10983.952806762854,28646.33123502014
817.0,1293.459072980964,36123.934557465705,68085.93468413356,10722.964025492722,28749.313378353076
818.0,1295.250680954734,36134.240582567436,68378.66538257393,10546.000219888365,28850.60101928998
819.0,1299.6400629384923,36241.59571530191,68691.38829421555,10381.028976377756,28918.277135163695
820.0,1302.5731460503757,36451.86187260231,68738.9369811248,10366.219821350796,28976.19843220875
821.0,1306.5970213646915,36533.38232212336,68784.6094824515,10486.490015161,28995.724002073523
822.0,1307.5831388738375,37296.18817758628,68737.08713904122,10705.089245151446,28997.538627379774
823.0,1311.824622328427,37178.83161852848,68760.91119562379,10968.207021646995,28998.935639926134
824.0,1316.649099352475,37059.57365134984,68788.68169296773,11216.949200874667,29007.1151934788
825.0,1321.8254070300557,37019.514639923305,68703.63202453457,11486.286655323069,29020.925741961117
826.0,1328.3048657033662,36980.20427275283,68657.89327514886,11658.388709180746,29068.077334221405
827.0,1335.9071380984662,37019.119658123505,68544.08491468747,11750.269867074676,29154.26294431479
828.0,1343.6678893772141,37058.46174563107,68552.14837306598,11710.309968857257,29264.26186489546
829.0,1344.7642662308097,37021.09043306318,68809.67036309987,11578.96602280459,29361.262533597263
830.0,1343.3068149040682,36988.71964865228,69171.04908448466,11344.076616200808,29474.07225719283
831.0,1343.9030157996633,36868.61666469585,69588.04377409208,11167.847888109374,29563.45971473363
832.0,1347.2252590337885,36746.68408124811,69984.17151830874,10982.729031064353,29663.92573609582
833.0,1351.8915398223278,36704.40652728164,70212.64210435023,10920.062999394271,29738.254399623696
834.0,1354.5057903070765,36908.170905773004,70186.39148938167,10930.265645569836,29795.181214232
835.0,1354.3036716461575,37124.23418062837,69981.88647551238,11068.37164601139,29844.306476945792
836.0,1351.742441287479,37269.6928897499,83807.02827337476,11291.450358993156,29852.268235787917
837.0,1350.1963471098422,37419.53540119515,83649.19471255023,11450.298020216807,29891.095268709072
838.0,1348.2475898059936,37398.28807160197,83667.00105664367,11616.993077500634,29925.138206150892
839.0,1350.3214465351548,37286.31765742498,83920.48524686531,11709.63259843603,29955.535481560524
840.0,1358.642450339008,37244.41970347851,84111.22566845451,11790.193153028804,29987.858102032736
841.0,1368.164417249967,37202.24978169014,74176.58899716024,11799.961515432698,30051.176021601274
842.0,1376.914115976707,37162.79091941224,74260.08673698342,11851.388515757551,30118.507724720104
843.0,1377.707900486323,37218.37596421274,74537.9818460316,11694.522087871417,30201.648655332414
844.0,1375.3749054129519,37284.62805467878,74818.81721815537,11525.94131974156,30287.349843410684
845.0,1374.770800154333,37354.49111581188,75064.38825195769,11311.076955872968,30404.202604692266
846.0,1372.2545489457323,37434.28615506556,75250.20851999732,11250.32504245977,30465.27140385672
847.0,1369.8116372601621,37518.23814413795,75477.03712956987,11176.97364566011,30518.392696736348
848.0,1367.5814721209797,37744.5039342204,75602.8926161303,11099.904199761539,30567.58912183671
849.0,1365.6320585121862,37810.91043023092,75826.784200099,11088.581942048555,30595.481861065517
850.0,1368.2806502025542,37872.83415548032,75958.98737297354,11171.294141710454,30607.300095225015
851.0,1372.5906848929276,38279.74083574502,76014.34977774121,11328.809467974035,30607.446370958212
852.0,1375.6543116121863,38255.62461747021,76183.43604904125,11478.896461249846,30595.55219871866
853.0,1380.1666221990574,38302.968572153084,76279.4748101601,11603.572285237778,30595.365919038082
854.0,1381.8330596298208,38278.942894274005,76375.12214175616,11773.750632481433,30596.16022002045
855.0,1383.831830181847,38175.965645799755,76441.6280649866,11334.653326616342,30617.367157229564
856.0,1385.3932137477223,38072.42385286501,76598.32063523504,11354.019527498991,30694.224684199493
857.0,1385.3183399219963,37969.89664909431,76762.29101318753,11339.099547267271,30787.233029490453
858.0,1384.3882212734538,37867.59298135276,76982.90424039264,11272.912847990614,30889.777357650877
859.0,1382.1296547344748,37766.34976256854,77142.49158783552,11210.117589390771,29465.556858758293
860.0,1380.0867245291442,37664.555369272,77392.02217572597,11053.13962854477,29606.706149073365
861.0,1378.1305242690332,37563.15353203514,77652.79296696922,10897.139305958171,29744.86148571897
862.0,1375.3450671203143,37463.5641163742,77863.89391716826,12074.113621431166,29841.28551135557
863.0,1373.9805457972402,37429.77883738776,78056.5710760125,12061.048355472562,29910.975959745243
864.0,1371.6969837716185,37400.85538822469,78173.29999250121,12136.134543922768,29963.315552490374
865.0,1369.7645082618415,37375.45057720821,78242.84285949482,12270.59654251118,30002.65466588993
866.0,1368.0846588168265,37413.03542814494,78201.53330370809,12462.698210606479,30030.64221783191
867.0,1367.1774218693865,37452.73701665495,78114.83611661632,12661.166039271478,30068.7987947579
868.0,1367.8337472831363,37424.79396759519,78085.0960036034,12817.322456929269,30129.50821110498
869.0,1369.0523112720537,37396.204894818,78177.69772893102,12895.731783514308,28756.608799259513
870.0,1372.6058133065956,37365.068562176384,78397.85650029843,12914.269365961574,28807.865986612338
871.0,1372.9356724404993,37267.625142937715,78662.9737417199,12856.95394486806,28899.365892347465
872.0,1373.3459086113387,37171.63625618968,78980.94541085993,12795.197458645043,28978.45156693145
873.0,1375.5785210005001,37206.712266313116,79299.43331053815,12645.187217132558,29057.65818934757
874.0,1378.5252063586456,37310.74882144393,79476.25063535443,12538.01085946677,29138.35358636536
875.0,1383.308007578435,37273.7579848697,79731.48830175579,12474.691523319818,29216.246263061657
876.0,1386.4010351186444,37171.46020690211,80042.78749209506,12536.181283647984,29244.458337632062
877.0,1386.3590930714067,37074.24664725881,80312.7536776093,12620.935771867862,29275.384249673774
878.0,1389.6861961163484,37040.04784090036,80658.47237974333,12593.056120130517,29315.28977131479
879.0,1391.3098077001362,37147.03587908994,80619.96659482486,12777.430332033471,29335.3134092728
880.0,1393.049546308357,37182.54886834445,80732.96774063575,12940.169500204283,29341.394343489377
881.0,1392.6319934576652,37225.6733769927,81032.95190664275,13033.997790231122,29322.1974452808
882.0,1392.888659716388,37126.26092982415,81538.4352530033,12913.687595295352,29376.55784852305
883.0,1394.5095632752489,37024.629917072154,82067.7112371981,12777.987232050902,29431.46324071834
884.0,1395.620534275654,36989.6130097531,82539.57588076964,12691.858567338213,29462.754551529408
885.0,1397.151718555252,36967.56172521711,83011.38793744068,12542.903863211239,29515.902647184525
886.0,1400.2646942363322,36943.74551095479,83299.89105341998,12535.88522060644,29559.380702660874
887.0,1404.253842912867,36989.05737824811,83279.93644256995,12592.251872236387,29643.984771175717
888.0,1407.45554181529,37091.21406020405,83155.13724009303,12724.78678101776,29710.16472150946
889.0,1409.9615785220335,37434.74193077965,82830.95006727717,12830.783930693195,29775.601810685705
890.0,1412.8941281227303,37639.203819194925,82689.10547651866,12919.52430173098,29833.26692265976
891.0,1416.0845594198352,37761.64298168474,82520.04631977553,12365.660070198055,29873.720726496947
892.0,1421.9470875617994,37866.09695273929,73957.23022691527,12494.409790602165,29936.539646696783
893.0,1429.1346946552069,37850.46371781075,74020.90500750934,12572.712269141597,29989.593153421127
894.0,1437.1919942782042,37967.12720324115,74006.48682328375,12596.39449504112,30057.343824025837
895.0,1443.5118467506181,38068.14778324867,74007.2579878363,12637.076109546444,30115.963377516713
896.0,1446.5820034481742,38245.44097784737,73970.24237806506,12702.955033948849,30153.618630476216
897.0,1451.5462681264787,38284.21391984816,74021.75900727621,12763.073911757392,30201.697655920372
898.0,1455.5593014243987,38251.547842077816,74141.14863854593,12830.129098777561,30243.784230787158
899.0,1460.269938663665,38216.06785574899,74327.42507526203,12784.62089623349,28945.896263812472
900.0,1464.3051095929306,38109.27073571574,74686.657479605,12589.035864717736,29055.46110895109
901.0,1466.397949414713,38140.4157195268,74935.07238018459,12416.112633450206,29153.142158037856
902.0,1469.2376694214538,38101.551587601476,75241.95149920452,12242.984483712504,29250.862696257394
903.0,1471.2354072813266,38137.397742132285,75420.69986571923,12119.135096473938,29347.050748470192
904.0,1473.0653891202778,38170.94016421308,75657.59420293983,12054.342071829175,29398.123976872663
905.0,1474.9194026009263,38273.739185763436,75701.91750969853,12117.558977791678,29433.60048520796
906.0,1479.065037068959,38238.95121681965,75751.1688584144,12312.497159847086,29443.885018150195
907.0,1484.6596469347282,38337.45790197291,75767.0379284059,12488.169021125552,29437.4205457373
908.0,1490.2175296891053,38372.00913918485,75753.98756768747,12675.946737378128,29451.520879895903
909.0,1491.640273062481,38346.41871285377,75832.73172465044,12827.635625327377,29470.502241801798
910.0,1491.7016648413112,38310.25480840381,75992.94641552882,12922.412971843924,29493.158760650673
911.0,1494.206150797386,38338.101753138166,76020.71856119858,12982.039500898089,29555.931518497237
912.0,1498.8834894825713,38227.889490266425,76270.98386509568,12949.764373182279,29626.293015930656
913.0,1504.366904560928,38115.964199249756,76608.97733132765,12816.368209948261,29715.838063809297
914.0,1511.4459426545714,38000.319502802755,76957.16133353765,12626.408902389541,29828.662083700874
915.0,1520.0404511926076,37949.16794277325,77308.55584012678,12472.446023763754,29906.139611964772
916.0,1523.0466161796508,37838.24649465676,77703.5105081104,12366.512206073567,29965.4947691326
917.0,1522.667923777001,37932.5273210831,77739.43025159111,12400.142141446155,30021.360568672004
918.0,1521.2289669439099,38032.695496630375,77700.3112911806,12491.221475823002,30073.595885552466
919.0,1520.945544281521,38135.17991932453,77660.76290978066,12638.801699066504,30099.129189290346
920.0,1521.0766471866855,38244.60843715938,77563.2469181985,12847.657328881956,30113.0074386262
921.0,1524.8961830885494,38355.295600479265,77402.22460818679,12404.235013885604,30132.4962233732
922.0,1527.9584048298022,38556.48964503818,70389.10478816536,12648.561912202615,30160.85818209958
923.0,1529.0189750433415,38678.899395896384,70283.1876681957,12766.440161672446,30210.087374300616
924.0,1528.2366795815865,38729.40065582929,70296.53899256968,12751.580176311994,30302.333776156833
925.0,1529.4610070778574,38780.05913515283,70405.48646975943,12658.173556422396,30398.349409992046
926.0,1532.7966061242012,38829.47963301129,70613.81300669794,12456.940772793072,30510.852130589807
927.0,1536.0498730715983,40355.609270707,70859.54759354927,12289.593651541792,30613.38802851771
928.0,1537.3849668896933,40351.11675292833,71074.17309272205,12090.877347736077,30739.980049608628
929.0,1539.4625462523381,40409.60970729529,71297.81414558095,11850.662856726303,30869.21208945149
930.0,1542.024846935743,40386.79445596968,71545.18323404944,11694.773103912656,30965.422092686127
931.0,1544.4588131225116,40280.166713217695,71710.26399964982,11756.095851605234,31002.299862980963
932.0,1544.5680678649626,40256.81770253492,71809.75270914144,11887.52973323088,31011.399033883736
933.0,1545.2682117904421,40235.23345595742,71919.79088705737,12038.509793583871,31007.774587427906
934.0,1547.1327521443259,40212.58459345265,72043.28445675972,12187.843614018026,31001.228277295308
935.0,1545.7763360154727,40195.64300121028,72239.39044901426,12292.378818479041,30991.616445812062
936.0,1543.3045075798234,40094.92504511676,72535.9191197072,12355.482210752378,30986.604924829742
937.0,1541.7655587799518,39992.860539337715,72823.86728013727,12404.520066345465,30993.04681193181
938.0,1540.28391226371,39892.14945459625,73160.35701887432,12392.115288281615,31013.447794086373
939.0,1539.4207039559794,39792.75883157401,73543.26236181396,12336.64431047222,31038.563859428315
940.0,1537.9773000352827,39855.81061172162,73770.52447767004,12293.505027359186,31077.1322391419
941.0,1536.744703327088,40006.99934893792,73779.11669213162,12321.615988240104,31138.81143144175
942.0,1535.687338143874,40084.404218140204,73753.49111182046,12357.74964865413,31224.83935713964
943.0,1533.6703205763088,40240.854717367154,73760.21210363212,12328.219494237348,31314.28510794572
944.0,1537.281090754317,40393.29153997394,68154.97634642216,12288.068198963165,31418.194982566776
945.0,1543.1160849752655,40457.02798551473,68145.3465352595,12311.10266494889,31502.47910886799
946.0,1552.9441190027942,40434.41511811564,68196.5544278586,12364.42812433382,31564.81176001643
947.0,1568.855748675886,40491.837740043964,68169.26856825069,12476.62283719854,31609.379474431254
948.0,1571.3970025955527,40484.23364848336,68189.06667922167,12600.089219056987,31647.351844197383
949.0,1571.2915678610216,40482.61992713965,68153.65383818641,12798.883333885009,31669.4958092698
950.0,1569.8714670522854,40564.12629605433,68044.33593383897,12930.709533376397,31737.1993046053
951.0,1568.8344455167987,40547.54131143915,68014.21420067342,13011.136620058158,31820.35799026013
952.0,1569.8773808372928,40527.13836951933,68093.97029064207,12979.491347864743,31915.858750635725
953.0,1568.5483431789967,40512.57778737113,68205.31006293703,12916.592154652764,32014.482107568478
954.0,1569.6380904028158,40576.79961997758,68367.35883883991,12804.351603077033,32098.81601237214
955.0,1570.352941762485,40651.42379480441,68481.66903531943,12800.3221447418,32145.9741307288
956.0,1573.4978132755818,43006.61795403807,68630.03419660195,12789.055187062275,32202.27848515286
957.0,1574.7817394490464,43002.01732379301,68794.18205588484,12799.601747069139,32244.164624414952
958.0,1580.1359434499536,43091.496911567156,68943.65270605276,12825.84539033144,32266.136227919014
959.0,1587.503464990272,43077.69682135731,69169.0100396736,12818.970946098514,32291.55849068577
960.0,1592.7628850898247,43079.34310996579,69315.21901885814,13723.251124304705,32316.93856698265
961.0,1597.0125393857322,43085.64105335616,69522.2114050343,13745.782071850632,32334.723272897118
962.0,1598.4207423373082,43074.58110013076,69718.81695889565,13760.602985114781,32364.06785829756
963.0,1601.0054384412383,43266.901078188814,69860.59166382231,13731.92970439835,32398.59252097187
964.0,1604.014017148826,43153.121451020554,70087.60640060467,13718.766869830586,32445.73018926541
965.0,1606.596060117303,43241.177470932205,70228.79634953823,13706.354546991259,32492.064588703277
966.0,1610.7671303183183,43332.289430422796,70304.24564240943,13801.38400643837,32515.464262806825
967.0,1611.6712419620821,43535.836623076524,70340.54804431801,13861.706277349487,32551.41273477444
968.0,1611.652004692221,43750.02911861466,70409.5489478456,13874.375944233001,32593.050103724483
969.0,1614.2016746635993,43863.940224636855,70496.90892525844,13921.46124817656,32627.70437333043
970.0,1616.037379801303,43956.88733632883,70518.44609596458,13980.276110115245,32687.38102428306
971.0,1621.5163267377084,44049.350752213795,70531.47236482536,14053.31687285264,32742.48310317172
972.0,1627.6841627900778,44137.59186038679,70597.265062987,14040.236042928447,32815.49317742853
973.0,1635.551667922169,44122.73917756662,70655.3010444922,14067.22292989501,32890.91464244713
974.0,1640.8021280247945,44215.59361521005,70694.08157142863,14096.544365266189,32954.60132774658
975.0,1643.4039929133671,44208.27616462897,70808.13750332913,14072.292025306993,33030.347213557565
976.0,1646.1917135490341,44217.088435933365,70882.40358344949,14121.378904636707,33086.017103271166
977.0,1648.3735546639618,44097.9640671741,70962.140727001,14271.375732514323,33116.50124289791
978.0,1650.3670736448837,44079.16044901617,70968.8606794879,14463.782431435457,33139.69064253464
979.0,1652.3952837011686,44064.203734600334,70911.0151701377,14637.05696521512,33197.722119488324
980.0,1650.9924816614741,44160.05853127291,70834.28222587415,14693.293023886348,33298.763852334094
981.0,1648.5682693268038,44262.92746143712,70858.24034001328,14675.94501765411,33391.56530424867
982.0,1646.568615586007,44372.55266755489,70967.67553512828,14554.504394004745,33495.96977877869
983.0,1645.1084644728828,44265.13797229648,71213.95183662794,14432.452270786604,33584.1188265974
984.0,1649.730130931713,44354.9179136787,71358.0349462741,14387.74019229966,33642.2983314451
985.0,1655.9426958484976,44341.41264841102,71559.0364016452,14355.289386650487,33690.28588997372
986.0,1662.5322065667083,44430.59606408817,71721.27572296912,14339.92175063176,33727.43732869689
987.0,1665.162869774833,44749.11909131099,71760.21242362728,14345.714307882747,33764.43845479883
988.0,1667.2700307777295,44748.468342798194,71866.86584645428,14418.08454943911,33800.288937389894
989.0,1671.660850677733,44854.6180958148,71893.42164376004,14530.598176980991,33831.39279823315
990.0,1674.9861140832706,44945.87381404651,71989.26580182409,14583.64643830098,33865.010405605186
991.0,1679.3112291668454,45242.48248832172,72058.49098715128,14537.102285962023,33917.18256716842
992.0,1682.9090823186255,45553.83328824461,72179.88778768238,14446.40879365932,33963.94685706622
993.0,1684.62404777682,45665.18362403537,72265.56565794864,14495.12039747736,33997.527935415594
994.0,1687.0006607781781,45556.60836854478,72512.47322595066,14456.739481749173,34044.78029972826
995.0,1686.7766665351683,45651.17128458546,72749.88913756849,14328.048326420445,34100.88396382797
996.0,1687.947274467288,45849.18214508577,72884.34841104923,14244.87384873053,34157.66009492726
997.0,1691.3899806896986,45735.88364965528,79830.81587632315,14303.256676656089,34216.5311981258
998.0,1693.5328988835106,45833.29381700719,79749.70629623164,14423.340311173266,34284.18816356282
999.0,1698.048782679687,45716.748121645345,79834.27667303645,14466.462205253225,34364.938659827756
1000.0,1701.0229327560799,45815.2098076502,79848.82128058234,14473.982079338206,34450.00741257011
