"tick","Money avg. 1 Producers","Money avg. 2 Internationals","Money avg. 3 Wholesalers","Money avg. 4 Retailers","Money avg. 5 Consumers"
1.0,498.93768708564266,39914.77471951861,23449.830492878405,5588.08979111328,153.29696027860047
2.0,497.8753741712853,39829.54943903722,23399.66098575681,5576.1795822265585,306.59392055720093
3.0,496.8130612569279,39744.32415855583,23349.49147863522,5564.269373339838,459.8908808358014
4.0,495.7507483425705,39659.09887807444,23299.321971513626,5552.359164453118,613.1878411144019
5.0,494.68843542821315,39573.87359759305,23249.15246439203,5540.822288899731,766.4848013930023
6.0,493.62612251385576,39488.648317111656,23198.98295727044,5529.285413346343,919.7817616716028
7.0,492.56380959949837,39403.423036630265,23148.813450148846,5555.081871126289,1035.74538861687
8.0,491.501496685141,39318.197756148875,23098.64394302725,5543.544995572902,1189.0423488954702
9.0,490.4391837707837,39232.972475667484,23050.628602572324,5532.0081200195145,1342.3393091740706
10.0,489.37687085642625,39147.74719518609,23003.016208747445,5520.471244466127,1495.636269452671
11.0,488.31455794206886,39062.5219147047,23190.403814922563,5352.267702246073,1648.9332297312715
12.0,487.2522450277115,38977.29663422331,23203.233415604467,5299.28524955408,1802.2301900098723
13.0,486.1899321133542,38895.07135374192,23155.621021779585,5286.872740125159,1955.5271502884727
14.0,485.12761919899674,38812.84607326053,23108.008627954703,5346.3477172686125,2037.2488573087396
15.0,484.0653062846394,39030.62079277914,22760.396234129825,5409.955086832398,2115.007129429061
16.0,483.00299337028207,38948.39551229775,22705.26735593825,5429.421699220971,2237.0807583036085
17.0,481.9656804559246,38866.17023181636,22651.467979897905,5434.735487328424,2373.4819665436676
18.0,480.92836754156735,38783.94495133497,22729.477726082623,5354.212439078127,2509.318968920845
19.0,482.34730462720995,38697.96967085358,22813.424622636332,5270.914237282839,2645.140420760178
20.0,481.1796792128526,38615.14439037218,22998.679629633796,5102.443746315676,2798.4373810387788
21.0,479.9058854230988,38533.31910989079,23209.795995282693,4963.236390814122,2904.6153742001516
22.0,478.5096587118059,38451.4938294094,23224.424498593482,4954.897488842364,3009.6851971386036
23.0,476.9996814311913,38469.668548928006,23141.31165613296,4978.175605546007,3081.9730014146794
24.0,475.36382869598384,38387.84326844662,23090.64066401525,5046.31386704949,3152.821219008246
25.0,475.5405231492479,38303.07238465078,23039.969671897547,5116.483460098794,3222.5054599864948
26.0,474.83819824955367,38218.908538191856,22989.29867977984,5188.898140902912,3290.4600412693376
27.0,474.7615658610466,38133.32655232346,22938.627687662134,5263.089684556148,3357.021508497453
28.0,473.85557424854034,38049.36756602289,22887.956695544424,5302.291577373056,3458.7756628353463
29.0,477.9230963116586,37957.306291902394,22837.285703426714,5328.525249954752,3573.6977436748166
30.0,478.25616690049543,37979.01663096054,22678.822762224474,5336.687670442126,3706.691076608612
31.0,478.79144548235047,37891.57551233035,22625.687943497876,5344.517090221508,3840.017410250397
32.0,479.6652833106604,38037.32494636977,22339.58650764808,5332.375883364077,3993.314370528998
33.0,480.97563402930166,37948.78709622711,22352.740176192267,5273.397216808942,4146.611330807598
34.0,482.56189168136774,37967.28468175033,22263.318889382033,5212.483722479451,4299.908291086199
35.0,486.1942088306061,37986.49559688769,22311.919348317955,5055.312499757793,4453.2052513648
36.0,488.79987726267086,38022.045345784725,22347.287487310863,4929.342287204014,4572.126687955437
37.0,491.096254876438,37930.364476432565,22512.479125085505,4800.355736301849,4691.016297574359
38.0,494.7120530632315,37936.09184154176,22583.0231842887,4718.021059493706,4760.476227725132
39.0,497.12582865945876,38044.08360689753,22550.665844737203,4634.868645424467,4828.923369959114
40.0,499.4902717896898,38050.57069582527,22613.29960992981,4570.354389151811,4877.820692972901
41.0,502.2051342594651,37953.32876383612,22631.182713880815,4600.606550037539,4926.677694954171
42.0,503.14129994403606,37958.13131401503,22464.111981810205,4679.6830042910215,4983.664928315413
43.0,505.145850774412,37860.26927191941,22394.1037497396,4760.858735342378,5039.5614838977235
44.0,505.5291782633909,37863.6193943052,22224.683017668995,4844.993742887578,5093.513976273611
45.0,506.09850719038724,37766.02671483551,22152.927493230512,4931.551990689357,5145.9510346580755
46.0,506.529483989623,37668.06893485581,22141.126367658788,4980.282624620529,5197.726666194685
47.0,506.07682500954405,37571.07783930452,22132.445111670044,5017.156170126105,5260.242999957602
48.0,507.26843571992447,37471.478179527534,22185.40934936539,4990.632742748061,5345.777365415545
49.0,507.6650790398603,37372.441250471544,22303.401879060897,4890.509827818262,5462.662064795891
50.0,508.3874372780291,37273.5632424304,22430.28962030317,4770.0524863565615,5594.703597587991
51.0,508.91884939042035,37175.63921604218,22624.80233593331,4648.513789430108,5683.487768014734
52.0,506.7390949697145,37204.79919449634,22640.51750155161,4603.1595839948895,5733.211078919081
53.0,505.5982814334953,37240.5260143037,22655.203128483256,4552.142928412878,5782.702247954705
54.0,507.62988408489394,37140.052021077165,22805.74415563924,4497.3893545503515,5831.998562028765
55.0,509.8748494269501,37038.3412048695,23039.093554382882,4370.263675514814,5899.89880750853
56.0,512.971900401758,36936.886762536364,23363.616917349333,4193.331579857098,5957.838327331966
57.0,515.2733317850932,36835.33755922339,23629.858114682967,4075.560181204913,5994.989191244354
58.0,517.327157217506,36990.66184196546,23641.513403219033,3976.199345718883,6011.618673244049
59.0,517.977874765121,36894.47749786781,23821.776746847543,3903.0771932165535,6054.20341335827
60.0,519.8484922638656,36997.687742119684,23562.564923117105,3991.068343440892,6094.2141154938145
61.0,523.672770142594,37210.71238275785,23330.17284357004,3946.0146147986266,6171.773259773541
62.0,526.1302413299765,37314.30776429696,23054.675953263286,4000.1780482410086,6245.93349298289
63.0,527.177936845845,37422.2144187604,22769.89015845314,4057.3117203068714,6317.882365091917
64.0,531.9415704080681,37318.5749164329,22743.025830787086,4060.0573207915986,6405.593742103615
65.0,536.0177548026979,37214.17441371965,22657.411503121028,4112.484899565472,6483.002950066394
66.0,541.6435288717291,37105.67344474391,22571.797175454973,4143.955353454689,6582.189911524791
67.0,546.182963338035,36996.518282150995,22487.35784778892,4190.286837127256,6667.5059477805025
68.0,546.6965425237578,36892.43873688027,22404.119252321227,4251.8401954015535,6738.740046963045
69.0,547.1563140412094,36787.424275661055,22439.60585298,4252.946957720465,6793.026549175235
70.0,545.6737467175403,36796.72404773173,22367.160876337635,4267.594113103027,6832.329756597639
71.0,544.2596508926008,36693.28306838405,22408.078895593273,4260.840175682584,6891.7126761165555
72.0,544.171208158448,36588.70225475442,22511.816562173823,4240.574202735216,6924.418486582309
73.0,543.1456799851685,36487.341858067055,22620.64864535825,4223.420697128039,6951.383354156158
74.0,544.1116371560538,36483.99725518921,22633.995955178027,4226.951844446159,6954.553199992161
75.0,544.4408071937878,36598.816590603914,22471.877715736475,4267.327343515558,6958.8166356102965
76.0,544.8448051414921,36601.07677596382,22350.454572542178,4298.868915255396,7016.942802995536
77.0,545.3888098052562,36705.293628496926,22186.73291540384,4281.382346461523,7083.966423037284
78.0,546.0845338561171,36601.68632147434,22407.616074885853,4143.557397531564,7150.453598441802
79.0,549.460872458544,36493.37525687476,22639.707195799914,3979.54830367974,7236.390008402083
80.0,552.1356579138486,36384.81337814276,22814.592874591446,3880.283521525488,7296.212028730823
81.0,556.8043223099585,36272.156724199325,23058.913797384157,3745.316629898122,7346.413034665196
82.0,562.416821967507,36156.39613136382,23251.14586320527,3661.2106482170007,7379.535772109809
83.0,562.9120832104854,36046.42901893395,23450.402663549805,3568.2341138673664,7416.6934005548765
84.0,562.5878901185557,35938.060174379316,23438.504298238593,3619.2058509339417,7450.307985833567
85.0,563.3427818772127,35828.62826914512,23488.10864427803,3627.5944109476086,7486.878904576974
86.0,563.4491980437242,35819.59168325198,23440.36590889866,3616.7168188884243,7541.553631834099
87.0,561.3106036326108,35814.42955438344,23391.620139959818,3609.394188507777,7591.877479350224
88.0,559.2681549329795,35709.212787290395,23375.145833941126,3671.240823285489,7616.803529512303
89.0,557.3678678496822,35703.99602019736,23259.51852914858,3716.2953990334945,7658.927510871685
90.0,558.1248027455933,35595.02925310432,23241.788810367005,3763.4027471558925,7699.326932763484
91.0,559.2457513774884,35485.0751833681,23161.246557636892,3885.9542233191396,7707.012409917382
92.0,560.6760760304397,35374.11633286602,23081.29180490678,4001.734687583806,7722.585365528146
93.0,560.944775308125,35264.08379447138,23001.924552176675,4116.139437060605,7740.472614760253
94.0,561.1675310299847,35153.47531624009,22981.91028006781,4168.390718826189,7782.122919210189
95.0,560.1496092426923,35044.0490308245,22962.82030676704,4202.845917916235,7841.5619961413595
96.0,558.1521813749969,34935.71757864224,22946.676087857253,4220.227898346778,7917.23353909181
97.0,556.1280911091867,34828.38612645998,22993.503562521902,4165.849556485138,8024.594852133996
98.0,554.1446831821163,34722.07565998207,23102.344307950225,4091.0237109058876,8112.096268142945
99.0,552.2375009161865,34716.81636233372,23230.9393666008,3925.5806920926893,8211.258906093375
100.0,550.4416435875842,34714.73565347348,23302.960900484963,3790.4768369580606,8314.156331807948
101.0,548.7884213917494,34716.67325713371,23376.47107641938,3678.838100091443,8388.785665382562
102.0,547.328767731293,34723.529964087,23382.98411033844,3611.2838798911544,8459.985791146744
103.0,546.0078214775239,34724.470300335786,23330.14661562314,3636.576649693519,8481.893441857037
104.0,547.219934560002,35860.89821722055,23106.962638662346,3731.034361287785,8478.630328848178
105.0,549.0699753217397,35928.222671368356,22874.294321238627,3856.5169825627227,8445.035630006601
106.0,551.5845414470639,35911.08814796328,22740.949307260893,3987.1250632167207,8406.810395682085
107.0,548.1507207925949,35806.903564150816,22770.18654872553,4031.8282501701033,8415.390629206515
108.0,550.1311670577106,35704.02815632309,22800.577466618386,4056.8524085222125,8444.070673561047
109.0,553.7395299186956,35598.00392986892,22835.493618506982,4075.488337686312,8477.073744156822
110.0,557.2031981981297,35490.87336302359,22935.840611298612,4021.5224997741702,8539.63239244345
111.0,558.2074168930468,35385.85954719241,23042.619079955257,3935.598391719306,8629.625984600178
112.0,556.4120149173262,35284.82061436914,23158.12617693057,3804.0398786104774,8759.739437360828
113.0,554.5302512710725,35184.601430252245,23270.515508940207,3651.2059661977064,8913.036397639426
114.0,552.6493497084117,35165.22685690595,23333.51345550813,3511.9472938573454,9018.835535745286
115.0,550.8643107957373,35147.82715419645,23276.66618528244,3470.3844687516244,9102.773456712584
116.0,549.2327969752132,35132.91365791073,23217.566728458154,3420.898371594655,9193.140962602281
117.0,547.7964364861188,35033.53908456443,23195.190873986037,3457.5557069686797,9242.468245400818
118.0,548.6333986021218,34931.164511218136,23175.103778817323,3556.3577960703687,9230.11955816771
119.0,550.9894652005897,34826.294170640074,23157.862911286764,3674.8196332078164,9198.092360323006
120.0,552.9741618110876,34721.13545096502,23143.023853568477,3812.311259824605,9147.382414900996
121.0,552.8635114007097,34618.065568502214,23130.25153169458,3938.6992069466637,9107.88743417266
122.0,551.4145628456141,34516.417408373294,23119.35818456846,4072.422066641506,9060.501032353868
123.0,550.5621397326187,34413.73056433691,23111.415881570858,4160.202477090204,9058.377999559183
124.0,548.8267599406034,34311.916214782796,23107.376727792333,4168.03132006264,9135.125317603259
125.0,547.0445660789658,34210.90186522868,23224.049682154262,4077.6891432834777,9230.60482524245
126.0,545.2756356604922,34110.703701878956,23464.99649132962,3860.6432757298817,9370.499924106789
127.0,543.5497731703043,34091.33964633801,23537.95582198142,3675.1553126569656,9523.796884385389
128.0,541.8976335727485,34073.59421123523,23613.869680929995,3526.870246169353,9634.554085266363
129.0,540.369104483224,34057.64093657333,23692.55427309603,3372.674762325068,9745.647100191834
130.0,534.1275574369159,33958.27688103239,23817.822858237298,3265.321876265811,9845.842877749057
131.0,534.7951174370944,33856.71282549145,23877.4443009074,3232.6744097307887,9915.188172603108
132.0,536.6879077994424,33753.554336654284,23801.476670892178,3363.6195378621505,9911.834606471875
133.0,538.8038082518028,33729.167657526355,23625.509040876957,3508.256476233851,9896.266843023457
134.0,539.9111415977685,33707.89435711238,23444.047283629843,3642.9966810452484,9891.759989101327
135.0,539.2919792686776,33606.07824511093,23363.89275411047,3768.521202969885,9897.295657064653
136.0,537.7509542168298,33505.37047011654,23344.31229039991,3824.3881362860316,9934.175020744951
137.0,537.3728530300095,33402.66269512216,23387.73634251109,3806.3888076507496,10004.78808115402
138.0,537.3181324399617,33299.15136893811,23496.720338738924,3748.8122627888897,10072.80766391752
139.0,537.5732347353267,33194.78152732549,23671.327384388307,3632.5738125626867,10156.299591243956
140.0,537.6488857703723,33091.044920081134,23855.810114637083,3524.842437989785,10224.528886150885
141.0,536.9441146363247,32989.796079372696,24049.851062505575,3381.7289223991143,10321.713695121445
142.0,535.4235657042759,32971.37526907612,24075.28132608391,3278.3455158060715,10424.518375284944
143.0,533.9350602800164,33037.22418720599,24054.763254951467,3154.9693520168657,10507.29947206697
144.0,532.5198611037637,33108.694344852025,23956.430096816213,3077.6235997453364,10588.474198031698
145.0,531.1742710139966,33095.76584113921,23903.628922117023,3114.502760483488,10592.143422371451
146.0,531.7631460038905,33082.11806685835,23849.999356271954,3796.1223704945214,10582.757968027552
147.0,533.6943631209018,32979.83177138035,23904.201749863252,3835.3251415073223,10593.828908706575
148.0,536.953675240288,32874.541615111826,23962.492600746387,3879.6607975157485,10598.430732241613
149.0,537.4703706147932,32772.34847166155,24000.95705601057,3947.8881422900045,10597.26194895962
150.0,535.9704888558251,32672.686766556308,23982.675345312786,4022.3067792183274,10629.592960985297
151.0,534.9610721959908,32571.981158324445,24025.75821744979,4050.8468756622196,10660.45847594693
152.0,533.1254723254697,32472.152428718953,24073.266695506918,4043.0745196567505,10719.428788716375
153.0,531.1182292468661,32372.323699113454,24124.559796547095,4021.1081816601363,10788.16469494148
154.0,530.0073350067049,32271.02739674995,24179.52276648943,4002.6773584390894,10852.488566270242
155.0,527.9961627265445,32170.963855503174,24173.42175594478,4047.043733211976,10906.199264970568
156.0,526.0683832979969,32070.900314256392,24227.883012753322,4060.545082716333,10945.757551358376
157.0,524.2663681177512,31971.636773009617,24283.98194083595,4077.3053490878397,10981.727663127895
158.0,522.6295222659746,31873.199838412715,24211.92254457607,4179.4628649909755,11032.474326892465
159.0,521.1798316032655,31855.615009785128,24039.8631483162,4307.196572677878,11063.335583688047
160.0,519.8607549444264,31840.69084614545,23862.226079537293,4471.923538435232,11064.628652946967
161.0,518.6191411580319,31828.31661444887,23678.953899536995,4627.008163986063,11075.116994810425
162.0,517.4064330641423,31730.73178582128,23669.42864288696,4707.9571316750835,11102.46120288456
163.0,517.4649473447301,31631.146957193694,23652.52023010435,4785.001862193217,11139.759253253189
164.0,518.0638108414344,31530.361941193547,23758.35833798351,4720.857418204702,11214.382975205981
165.0,518.9284698935369,31428.60070266996,23930.285894721557,4594.414051848296,11297.576571637539
166.0,517.6066998682179,31329.69175127614,24044.691866852445,4519.338537981511,11376.522872797248
167.0,516.2140852810165,31230.78279988232,24226.913039661686,4360.563696038002,11481.143057704283
168.0,514.74743523179,31132.673848488495,24404.745746615426,4210.678918498314,11581.38110302531
169.0,513.2072231654963,31036.173016680248,24646.876693533526,4013.9353849115805,11677.782333501027
170.0,511.633747000413,31021.31242750003,24679.830642106754,3946.1947520440635,11739.140295497484
171.0,510.07595554810194,31088.09665293229,24608.737358951894,3872.8200927323796,11805.74368139248
172.0,508.57478568892384,31158.9416432651,24533.108592481112,3820.402863330847,11851.976648380716
173.0,507.1548458553467,31149.047976342576,24485.087117489984,3834.004570935171,11888.405089154658
174.0,508.3627502372586,31136.714769311246,24421.798737965815,3888.747997070459,11898.622264032214
175.0,510.4728119271882,31037.646666251112,24405.042650632367,3999.9424991386386,11900.55423529883
176.0,515.7622770850949,30932.70909488726,24449.987136879434,4056.536542682735,11908.150989807922
177.0,518.9817825850909,30829.174141416617,24499.218926597576,4088.504305324356,11934.859788270422
178.0,517.4915701597373,30731.71348863667,24553.34897590873,4079.517999971662,11994.217319338946
179.0,515.7929506204803,30634.25283585672,24670.737398866084,4048.4338340119793,12031.274369140257
180.0,513.8892110326551,30537.592183076777,24853.03768609775,3957.81026967398,12075.219857337765
181.0,511.88076580117087,30441.762344863233,25032.387928528824,3860.0117673952436,12126.776426344895
182.0,510.83643672745876,30425.980287613456,24991.349015548323,3893.46046061826,12148.415566756397
183.0,508.7928504022388,30416.373020342337,24885.589418869422,3960.541184250066,12181.49513277656
184.0,506.8396577756379,30492.56690606869,24604.733919829327,4076.614568436927,12219.438449319532
185.0,505.0440997131174,30574.399553137468,24381.398977511435,4164.9204637370985,12234.712048498412
186.0,503.467766386382,30648.3514068743,24150.74314825041,4248.625288585668,12261.586429375084
187.0,504.62102465678,30553.312589671677,24121.627081537525,4292.469702087631,12321.494435284952
188.0,508.1624333219232,30454.071284230915,24094.873566776994,4312.883250115056,12400.093191883698
189.0,513.8570055826825,30350.215475540146,24070.38902683863,4335.428728922659,12476.310321915525
190.0,521.5336844565992,30241.20159591399,24046.443482496707,4360.477384998682,12550.606065242728
191.0,521.8413193798197,30142.0986920337,24023.00998397139,4406.768456549381,12607.113151909965
192.0,520.6654948109388,30045.29133153851,23936.272845511863,4511.283643090433,12658.102097936351
193.0,519.3202614109041,30028.324363755077,23751.27830175874,4584.918998646665,12735.583369284264
194.0,518.5595887385658,30010.897432037324,23623.347437728495,4631.2359649414775,12797.34373104049
195.0,517.6639855230613,29912.155578693815,23717.58531591299,4562.291266731921,12874.727407901333
196.0,516.1012730473177,29814.875382038765,23878.21806265904,4432.639290578824,12959.981099133625
197.0,516.2741336638447,29715.470768208674,24047.50283801541,4335.035013552556,13013.12710779627
198.0,516.8181025882283,29699.612491522556,24115.524755398787,4267.925098116051,13037.959991293323
199.0,517.7059690369557,29677.64714451232,24130.68377960636,4211.471742298381,13091.400748267895
200.0,516.2779376644194,29578.612993018207,24241.234435751016,4155.424722340365,13146.470113869798
201.0,518.2728854420055,29473.90386791965,24340.511118321618,4126.445667692955,13187.320605778597
202.0,519.6107862264976,29369.094900164924,24446.38794794838,4099.282447336202,13222.680443505642
203.0,518.8433702571202,29266.67076757598,24557.581048886765,4059.223130656661,13266.24789807232
204.0,518.5073556831129,29163.326206940947,24611.669513368674,4050.9107623210884,13321.681664473905
205.0,518.2679275801484,29060.345245570632,24727.957084806374,4018.480575511827,13356.132572495164
206.0,517.4593749453377,28958.87591438263,24715.807254089017,4104.12046400968,13377.535293584735
207.0,515.710427502181,28939.80183701808,24540.78314735675,4253.701113981659,13388.838330940616
208.0,514.1383817704422,28923.036877644507,24362.45544219795,4383.475799711503,13417.377299593589
209.0,512.5967935144347,28909.291203640874,24297.431883649475,4389.537049978998,13471.321557393094
210.0,511.06218956935777,28810.217126276326,24473.15298894629,4256.73415049539,13551.52240814049
211.0,510.77394858162523,28709.143048911774,24659.941529069067,4106.200847178027,13640.410075628635
212.0,510.05237077226707,28609.20191298499,24858.37135155754,4008.9772710648704,13678.066472457078
213.0,509.2677917076465,28509.916923228913,25126.19811650741,3869.8309431907655,13705.073531435612
214.0,508.487721659363,28491.207677214974,25303.433689229467,3697.361553406673,13753.355893293352
215.0,507.60187585575017,28476.675880274324,25418.73144544876,3590.7259531337704,13783.807297605133
216.0,506.8242524782908,28466.62559175487,25381.21283029703,3641.2235036264906,13780.144923696802
217.0,505.0227136881926,28542.64844167178,25236.265192313196,3722.4470694499623,13751.592285333338
218.0,504.42234336753194,28623.624243885537,24998.061890931738,3848.3360250269156,13739.74004348717
219.0,502.66946868132067,28697.4915695354,24705.78009990131,4014.2713892334777,13735.572369633937
220.0,503.5484599362076,28689.656041749,24564.536793700347,4138.1322839731765,13728.592618491626
221.0,506.1164384681683,28674.880321043092,24428.772764038746,4235.313545635965,13742.618273693784
222.0,511.5578187141681,28570.86827634602,24457.76734196616,4271.756424053835,13766.662085119144
223.0,518.6840640780764,28462.34797589122,24485.25893214775,4275.583419184079,13819.460391897857
224.0,519.097528616258,28362.22462783512,24519.386656893563,4288.411715070317,13861.31208643204
225.0,519.8661306229393,28260.89075713829,24559.827616533268,4247.027041846848,13945.522752915449
226.0,521.5610828075598,28157.18949379689,24655.294993290776,4165.252174120985,14027.195075360674
227.0,522.5725077056373,28053.44060924325,24815.40889690608,4034.2014898351526,14106.512343881259
228.0,520.5602467460071,27953.63066064897,24856.877543439878,3988.8980894128613,14193.107462744272
229.0,519.3238062547488,27852.499283725643,24842.075810749106,3990.93039178216,14279.012417693904
230.0,517.2813068309232,27752.477906598717,24889.40437070911,3953.165713848321,14358.478827024894
231.0,515.3368408588399,27652.45652947179,25000.246223670423,3894.4719811825667,14414.158374472423
232.0,513.5346736802761,27552.43515234486,25114.840878031595,3844.8425112998834,14460.216277699546
233.0,511.89967707200924,27452.413775217938,25163.2879722855,3876.3863224361376,14483.410062381732
234.0,510.40392953454835,27352.392398091008,25216.342187661005,3881.1483730550617,14527.08152288476
235.0,509.04600248796885,27252.37102096408,25330.71392657243,3821.959526956818,14584.037142740337
236.0,507.76396981245693,27152.349643837155,25439.813587165478,3775.146718237873,14635.372873823668
237.0,506.510330653067,27052.32826671023,25492.429099283625,3780.721825604054,14681.652487514462
238.0,505.26997681900156,26952.3068895833,25610.673015727727,3779.9639519975144,14691.39265070734
239.0,504.0296229849363,26852.285512456372,25735.403754014318,3737.615273726139,14732.914614873605
240.0,502.7892691508709,26753.064135329445,25925.519596186954,3655.66403785365,14764.614429875592
241.0,501.54891531680556,26655.456766723088,26122.077820106253,3575.501787799572,14789.99129744356
242.0,500.3085614827402,26638.66075733442,26081.911491457955,3640.105448846509,14785.069888400294
243.0,499.0744576486748,26704.096830501738,25873.2884853326,3712.9428969906035,14816.397296556112
244.0,497.86856237572897,26690.09918437702,25699.707940898763,3838.8651249152954,14843.789908699926
245.0,497.32547207893504,26677.088666417425,25580.001776631056,3910.2712236347206,14878.158029291084
246.0,499.0216202839941,26660.4028282723,25399.69187225553,4030.3197735752924,14911.53418072937
247.0,501.6907343869636,26558.338325029297,25380.807286305837,4045.872307772297,14993.624396712145
248.0,504.8695924234594,26454.413628196893,25424.639644312934,4029.0576598918296,15062.58067051582
249.0,507.5095717015615,26350.064513690213,25532.786768937254,3956.4952552051373,15135.805821642853
250.0,508.45576302119576,26247.169625908045,25646.38981384154,3894.9355168267007,15196.453013249513
251.0,508.36745407868,26145.816706211455,25704.932451213284,3858.4833801578984,15273.170743879879
252.0,506.56096890064157,26047.34104898314,25765.49888440889,3823.550956437892,15347.26261997039
253.0,504.69024337616474,26029.70366252382,25663.53131060175,3900.518571157353,15370.156843673667
254.0,503.4084704582774,26013.801161920313,25487.54362243225,4000.813564448569,15420.442682906709
255.0,501.51069314861695,26000.657840607037,25366.15727651644,4054.9667607921756,15470.9604836327
256.0,499.72668949840636,25986.708350841272,25306.121589538256,4034.08109224789,15543.898378644162
257.0,498.7190520478993,25888.737952627915,25353.349124670276,4027.3079879518277,15602.482268595159
258.0,499.8845408329257,25787.311647389855,25523.97610232619,3929.7483738587703,15655.716409669412
259.0,502.1740969616148,25684.260687932518,25702.510786521216,3829.987145652309,15705.521931899973
260.0,502.8993037704484,25583.53857862936,25827.785522819788,3759.942734026568,15766.144745873053
261.0,504.1427303913467,25562.17008263299,25786.629398801597,3775.633801390583,15799.778393636367
262.0,502.5054895413977,25546.594469008756,25741.31556985216,3810.4893252200213,15817.591470868978
263.0,502.13775058537436,25531.70389116204,25623.08035210344,3894.901431858577,15839.249472576048
264.0,500.27245503047897,25520.961146585654,25435.541555214048,4036.9641386966314,13616.228736078503
265.0,498.3998792148337,25512.370868105212,25242.17241941076,4170.251602868541,13663.1736393053
266.0,496.60863427964193,25416.119867012276,25155.16039471465,4322.127052874745,13697.713189894928
267.0,496.7726350793329,27764.057388266116,25068.735870018543,4436.631319028005,13759.646404966767
268.0,498.8237861327485,27664.470598172087,24983.500655239048,4541.651317338577,13829.170069358082
269.0,500.5341537495876,27564.484745675767,24958.25144939851,4576.753632041388,13915.875570899505
270.0,502.63095773069296,27463.148274384526,24994.334203990406,4580.098458455405,13990.98001655285
271.0,500.75863078818827,27366.17516951281,25036.783022053165,4578.606118358278,14066.47537664905
272.0,500.47536772221054,27267.715818509823,25086.130926728827,4529.6612076016245,14172.760851454193
273.0,498.5860189680725,27171.064914257106,25201.612527941506,4416.72165653377,14288.057126874657
274.0,496.78642360787865,27141.08067667105,25284.969573917213,4238.779006681906,14411.274187029485
275.0,495.09091390660717,27044.429772418327,25473.884403520264,4089.703888665603,14509.585285987076
276.0,493.51838760752076,26948.445534832277,25529.027495935847,4084.6518891979667,12767.72774871335
277.0,493.33946060060316,26851.46131762192,25648.94614921965,4084.131586847548,12805.706776368495
278.0,494.8806739509586,26819.415412550632,25676.792704284475,4066.7105202805888,12851.741670253052
279.0,496.97797092631544,26786.775686782355,25708.649008423403,4063.7025535235834,12886.231774140484
280.0,499.5066488773533,26753.5114745433,25743.706247831185,4129.101501623408,12875.864861330523
281.0,500.83643667483653,26720.963646244985,25710.361088338002,4224.087433004108,12880.4607823492
282.0,501.19036526207276,26689.043114676962,25677.12787174135,4327.110147028252,12879.67496241133
283.0,500.62500351791357,26591.178769569637,25730.219326412494,4416.043370454069,12894.169393249587
284.0,500.32969038244926,26492.674364157563,25330.370500802183,4508.955281289711,12905.119413044058
285.0,500.56707502881505,26393.198957049088,25416.188672734792,4494.310273510141,12952.481764660035
286.0,501.27148779416854,26292.693232581572,25553.139178343146,4395.403373669076,13021.289407211134
287.0,500.3278860745353,26195.879174173962,25541.034308252085,4430.425078638624,13100.003839581826
288.0,498.74820298563213,26101.809551523504,25673.118625570216,4323.98879230547,13177.93361670194
289.0,497.18915095792147,26208.4362600542,25618.092398387904,4159.536238060074,13259.193397904393
290.0,495.6472493621416,26319.767647865126,25506.58424058475,4265.428826003716,13366.765148527385
291.0,494.1548184552252,26299.418983072934,25448.555544547948,4304.428582379595,13405.784352066345
292.0,492.75145954723484,26349.840775019828,25309.43166798669,4364.7124856420805,13426.902037716227
293.0,492.66170096233583,26460.31549778999,25096.702270566813,4442.090243905417,13433.341791053255
294.0,495.5326751038252,28430.179723802157,24894.885964213587,4577.562449950679,13435.52196911233
295.0,498.38200670894867,28396.55641561827,24770.531224571943,4717.829443699407,13434.706502029274
296.0,499.80452774930103,28364.812340568165,24738.263578714166,4773.930765782819,13438.770996280151
297.0,500.70920382730276,28330.935527568137,24756.434339799212,4770.672860653895,13456.89380636067
298.0,499.77849965805393,28240.898591677735,24859.650706005457,4721.115305619507,13506.591492549114
299.0,498.7896770724493,28150.52850237536,24970.164243393734,4625.798122439256,13586.981222961633
300.0,499.85950700967766,28057.956102790806,25178.085854581015,4451.858737880285,13665.762300755758
301.0,499.3768253439862,27966.376750185234,25383.441160878185,4265.722025369336,13754.826993569095
302.0,499.180767328364,27931.090004903253,25414.294901442623,4158.570299753035,13843.423863801858
303.0,500.20168892571405,27836.70267113648,25479.78798815809,4117.022187835789,13910.369736804554
304.0,499.2088686371731,27743.83865756146,25549.925589097267,4087.9983569074816,13965.434506358033
305.0,499.79802945065455,27649.372918290388,25623.977479327463,4086.6488727230394,13997.864245623958
306.0,499.68556827443086,27555.684903963192,25595.917973830783,4192.590474056679,12470.861892929357
307.0,499.3644623201721,29079.089944815983,25488.748606464214,4323.747120632667,12482.968028561094
308.0,499.49371249511876,29038.070153413053,25320.639191137197,4496.718719224249,12498.280513996675
309.0,499.21610627744457,28944.55072678647,25282.142744824327,4618.321546671758,12522.315570837744
310.0,499.33777988080897,28850.411990938886,25247.977561074564,4695.614566022435,12575.215396297053
311.0,503.5113844216771,28752.439670855343,25264.58446762985,4684.860283949508,12659.945703309753
312.0,504.75792887329067,28656.95201492802,25426.227777596527,4572.772876158669,12733.029844178345
313.0,507.57897099373326,28609.948555006657,25462.29310688052,4481.904008220624,12817.617121518218
314.0,510.5718520503532,28563.38317647977,25500.463764391785,4438.7692044793785,12868.152021138376
315.0,512.5695733787244,28518.3552392152,25541.249183830278,4372.099910885662,12931.327187061752
316.0,512.4193567790362,28477.09787217146,25628.60266740692,4268.861676659058,12990.255864924622
317.0,510.2822279163665,28385.034078636,25804.792660154264,4379.416418651167,13038.834545078604
318.0,508.2031731138417,28394.03428908746,25617.55360768957,4425.101784276008,13101.610234060205
319.0,507.44817238032374,28404.620941867644,25472.175007541027,4447.876192449741,13155.557333941755
320.0,507.14118597395213,28418.28224397216,25368.090644688506,4423.694202848128,13218.793446807096
321.0,507.3011638435872,28325.522197808747,25479.63916211622,4392.324771469771,13260.806226563423
322.0,511.6556460322358,28228.986808553003,25595.80574947458,4407.112332285455,13265.63986538916
323.0,515.2926557753508,28182.853514435923,25582.509311931783,4476.92339353688,13256.349257552552
324.0,518.7634817943555,28139.153692688247,25618.53430967108,4528.104910861597,13232.59029702921
325.0,520.4514115433316,28098.844824608437,25654.362070684765,4555.072422527038,13226.215171666334
326.0,521.4669081127511,28061.46817006712,25786.46220981429,4486.710639056246,13238.160451296937
327.0,519.536833659678,28028.099434275726,25922.32675108451,4393.278638199733,13265.48067907487
328.0,517.4513243947418,27996.372292627,26054.690145090517,4256.237360116695,13326.314846934876
329.0,515.4005857374746,27904.973136928722,26334.870579111484,4098.776457801529,13373.350471708336
330.0,514.0806294916348,27813.45047683761,26602.669562229083,3924.380482107215,13439.73849482632
331.0,515.3505505250528,27769.836646549713,26749.208952733694,3792.5032172713927,13494.956262098825
332.0,517.6987746759426,27725.803116458606,26745.39114821227,3758.4972006958283,13555.79780976938
333.0,518.2351858112878,27684.174221072706,26690.84650275353,3738.359999970406,13632.074759939791
334.0,516.4535023129579,27694.663933053806,26555.643155755177,3768.992251678712,13669.045012668259
335.0,516.8539218593381,27655.192969151034,26384.283996377846,3875.010181976016,13708.709258211013
336.0,517.0224795290837,27666.265652995226,26129.607542229744,3988.283617077901,13743.976715811194
337.0,517.7773534789563,27678.442533949004,25867.594672945634,4106.585264655404,13776.478565345127
338.0,517.8426819047631,27587.410046988905,25389.469280957426,4243.845358784756,13795.354134980425
339.0,518.8284585517773,27495.19312297507,25337.61981304746,4335.815480681528,13824.34556479135
340.0,522.6040699589619,27399.701890215845,25326.40828431926,4391.143698739736,13855.941527467892
341.0,525.4681891514165,27304.063068989297,25319.509878060377,4428.865598978832,13899.311610395855
342.0,525.3850069723503,27210.426324417866,25317.5889086259,4455.69892966078,13948.842602845667
343.0,523.8364659841648,27117.764666508792,25359.736225780114,4419.415691976343,14019.16723099067
344.0,522.8110350091418,27024.27622343211,25444.26565151461,4322.223670864286,14109.085973162973
345.0,521.1876314729243,26931.102238743588,25531.086701488635,4235.111697430999,14189.973893137152
346.0,518.7736880317793,26838.623440128762,25567.318517365515,4201.016638126246,14263.603869542007
347.0,516.5074660089501,26746.14464151393,25604.942537795436,4190.359702427184,14318.74923591534
348.0,514.4185261575241,26653.665842899107,25602.876332083306,4239.468401684416,14354.597122803461
349.0,512.5078841584495,26561.187044284277,25602.206096368456,4453.820885748878,14389.450485073447
350.0,510.8213640173159,26468.708245669448,25602.541263436175,4503.127981963867,14418.85576606685
351.0,509.3961870510321,26376.22944705462,25605.157562744713,4557.20255632576,14443.73914903208
352.0,508.07708734116517,26283.75064843979,25569.251408173557,4660.651740024273,14451.562019058116
353.0,506.77800507776067,26191.27184982496,25535.530095696304,4878.474670864403,14437.59470239851
354.0,505.4789228143562,26098.79305121013,25504.755404539137,4981.133129838155,14432.300333031137
355.0,504.17984055095167,26006.3142525953,25478.111112294144,5051.996743634945,14457.710724674525
356.0,502.8807582875472,25913.83545398047,25534.504517324855,5019.455277295118,14533.159272736686
357.0,501.5816760241427,25821.356655365642,25676.569358042918,4924.9412529247775,14614.605638603041
358.0,500.2825937607382,25728.877856750812,25905.896550423306,4751.2616985805735,14717.973267528774
359.0,498.9835114973338,25636.899058135983,26105.805736654795,4604.807411406341,14813.912651874218
360.0,497.6844292339293,25545.43730728613,26352.339017259048,4570.123628057756,14881.378188388024
361.0,496.3853469705248,25504.47555643627,26532.38751015065,4435.123759401986,14947.41657594452
362.0,495.0862647071203,25466.23425815087,26537.720099847676,4443.3113755828235,14966.978738841426
363.0,493.8184324437158,25427.33326336035,26457.808234999568,4514.502059441174,14973.931561637035
364.0,492.5871840081276,25441.066595639044,26254.17527626006,4623.210487268503,14975.549737885756
365.0,494.51871843146387,25454.61532039551,26042.643729619995,4739.945223300711,14969.136255263327
366.0,497.042660926642,25469.294697288628,25824.13357312002,4851.736559080554,14969.10259445854
367.0,499.6874188286993,25376.59679570184,25744.45814078221,4914.943009904779,15023.97027454321
368.0,505.53770309113423,25280.005154180562,25665.57144509461,4978.855192731307,15078.768603220995
369.0,507.5316728658015,25185.93486011593,25665.83242932375,4999.121336873883,15130.468880633602
370.0,507.0576252231339,25093.52735237421,25668.261544203717,5000.574191496378,15202.503170133987
371.0,505.1061052089147,25002.132976925706,25364.14164277505,4992.662187365638,15283.15974393671
372.0,503.68074442081127,24909.99623496436,25433.33655317081,4916.727269971248,15385.393518417077
373.0,503.00763551516786,24816.75944534263,25499.158877046368,4855.723187530404,15473.83445550682
374.0,501.20333732140597,24724.22460258993,25533.679154303467,4845.732614589152,15530.02812362472
375.0,498.68287937462054,24632.81632169804,25534.918462176585,4863.3564308586865,15581.442317962898
376.0,496.2886674721476,26259.933101419447,25501.183897197556,4920.196434148221,15617.2732224916
377.0,494.0862964490692,26215.088883658675,25412.68595060502,4943.80753895039,15689.446405501541
378.0,492.1257217884752,26216.631886235537,25332.473036857533,4922.4151545138175,15759.650209102416
379.0,490.4355714431823,26173.211542021003,25342.57831829479,4868.0245334671645,15840.774630111973
380.0,489.045595045775,26131.172487452208,25421.99584778549,4755.9957541291515,15931.627709147228
381.0,489.0130046782236,26088.897836401455,25285.67140808866,4637.5523401913515,15998.030263855562
382.0,489.5680669183014,26047.22693279581,25388.31541241556,4549.344699115733,16024.639950048495
383.0,490.6521624585458,25957.747585498113,25549.408385785096,4480.2982991571325,14436.51252779673
384.0,492.62092676993706,25912.039601080953,25593.48095751379,4461.554992116311,14453.629974297639
385.0,495.38693170063476,25867.99593838671,25578.463760087187,4497.43518090253,14460.434349629577
386.0,499.6256553696661,25819.641861488646,25528.99565323836,4534.934997940615,14495.018631231787
387.0,503.4101141368546,27195.02058097018,25478.4205789666,4596.021554243427,14505.792311821264
388.0,505.59510091476193,27103.10052330429,25508.74625338774,4614.371389154324,14535.704266015127
389.0,505.6662856702257,27012.31564894164,25570.902883883893,4589.961629166215,14583.280373674357
390.0,505.7575784617395,26921.169709954724,25601.929645188844,4586.329572705754,14635.563002583081
391.0,506.150831685414,26829.408998097937,25599.73516086519,4598.420080743328,14699.651473741995
392.0,504.707515428428,26738.691102596804,25629.328205239162,4612.533776908356,14737.537598515159
393.0,504.7449645840825,26646.55785151268,25662.032304194618,4629.612949846345,14770.822269851407
394.0,503.3666115483269,26555.534672793325,25697.82180785701,4640.55608026749,14808.651583430918
395.0,501.70785688684697,26464.957421106858,25704.031979193,4689.692850048459,14832.697489749991
396.0,501.56013989682043,26413.046862155865,25662.52458395964,4741.698413163087,14853.28807785699
397.0,499.72330644197535,26363.323427642517,25618.636658484014,4784.006205674517,14884.460867535958
398.0,498.07374435617675,26272.393876954364,25625.260870185255,4846.885479190765,13549.012020011833
399.0,496.6843335888417,26181.71631898628,25631.785952173774,4916.1192016061295,13561.000347052688
400.0,497.4364139722072,27354.354347934852,25639.41484546577,4958.646171083516,13597.13399587896
401.0,498.9212151289875,27298.964467723603,25529.86184474227,5009.579949510052,13675.254417607373
402.0,500.3000872504427,27244.533634075906,25536.996038935245,4953.366154112395,13765.775920309365
403.0,502.1792880792578,27190.93231474445,25575.915127159693,4854.837432886353,13870.302823541315
404.0,502.8182137499075,27139.249655467534,25648.11606526518,4739.708418538157,13963.952371741587
405.0,502.5994160349251,27088.808079240607,25694.431443870206,4698.063861230552,14008.653694682951
406.0,500.58433054019724,27036.031928301,25749.156767343004,4641.279672011913,14063.953929870891
407.0,499.8982350553407,27020.224115007357,25754.625318124487,4604.714308775881,14097.865897218866
408.0,501.66311838853545,26928.73091833903,25821.0711336297,4608.526335280328,14123.128567581327
409.0,504.2098917050962,26836.72921585033,25794.43544994448,4703.385456839156,14133.800059893852
410.0,509.2036044291859,26779.247101685425,25741.14714484468,4791.882279278905,14134.462357939674
411.0,510.9274898893823,26724.399885710514,25687.652815101697,4857.580339433649,14155.372106634451
412.0,510.9625464340466,26671.722038779637,25662.834745025015,4862.783236429614,14209.053281835477
413.0,511.1038370042057,26579.944820288893,25786.470935767145,4770.010786197783,14282.8552914306
414.0,511.32276051334276,26487.782582520802,25915.08458695521,4629.981999788344,14397.151390532488
415.0,512.6038505350388,26394.484346685695,26108.356333265372,4453.9182386054,14498.226505049937
416.0,513.066047053952,26301.272213468357,26308.30696279098,4330.870232439338,14546.416363717846
417.0,513.0794573526754,26208.761298433998,26516.514889464226,4196.528765725219,14598.915336837359
418.0,511.75456592999683,26118.101469675283,26670.997165453304,4135.3182499728455,14623.789477926046
419.0,509.60002938599644,26101.862165110222,26699.033607841466,4111.845171237988,14633.909558780266
420.0,507.5811734334922,26125.427102229707,26597.60708322355,4174.482928367246,14619.230195420976
421.0,505.8351688085784,26150.977207578213,26492.774660033043,4240.806547215173,14599.683165611901
422.0,504.39523365536024,27294.63259787367,26405.866693804473,4321.580534665304,14588.96596786605
423.0,506.88579174246877,27239.145168334966,26329.070261046072,4443.088632613794,14571.868334245364
424.0,513.656677599335,27214.144703136444,26230.26535182842,4494.546629238124,14597.34323941799
425.0,520.814832197463,27188.373493011786,26121.4770548676,4548.80234432331,14625.34215267645
426.0,520.8593880700712,27098.797319722184,26114.162338773385,4549.076295938462,14700.99135111176
427.0,520.2863263617321,27009.302518718276,26110.652758182783,4537.370299869964,14785.83925380077
428.0,520.6531429595602,26918.840318995914,26169.429474698107,4474.231303952429,14873.08076697111
429.0,521.2414468787484,26827.70470717702,26261.283241189976,4380.594546978606,14964.641651770275
430.0,518.4907781982558,26738.311278054956,26327.495871349696,4315.868918108174,15048.887263515073
431.0,515.6873769889257,26648.91784893289,26395.436963531276,4275.927626392562,15109.626272281106
432.0,512.8987365258591,26559.524419810827,26429.01381796924,4285.41563096226,15150.700220255172
433.0,511.83479147185324,26469.02996281693,26427.682576590545,4322.305762245115,15193.004422304166
434.0,509.2604771647463,26379.46036923537,26395.095841851406,4411.284883301819,15211.707975193705
435.0,509.1390352457323,26288.38701639976,26362.811917954925,4520.210891481399,15212.93577049918
436.0,508.62487369206167,26197.480047343925,26331.464347173955,4624.947205131511,15218.305861911591
437.0,508.4429213990261,26106.182175260492,26301.90196755936,4684.266221133467,15265.597361597494
438.0,508.5092185629695,26014.49690622319,26275.33618579726,4757.077599275784,15300.084309524062
439.0,507.4717885807617,25923.628148854907,26369.31267846293,4741.465946364684,15328.655722961852
440.0,506.5426901635551,25832.581600856684,26528.717464324236,4615.8200331064045,15410.624148824363
441.0,504.4258548796005,25775.89304814899,26644.211008955117,4452.890582920721,15521.47622738308
442.0,502.44246637004915,25686.545813267345,26842.74535022529,4313.61880486385,15586.074860315466
443.0,500.63514578087455,25631.558123242725,26841.345711020625,4288.372294261283,15655.460462688081
444.0,500.29201855219594,25610.202215823632,26912.454369411185,4172.110393835824,15717.249251622836
445.0,500.55871127955527,25623.89270717372,26798.399231009415,4190.255311504358,15750.96377280353
446.0,501.4552363339004,25568.55272352438,26753.363440630004,4248.728451550108,15771.547588375572
447.0,504.07238654586695,25512.22280128189,26709.043874370742,4336.870699237271,15765.35150712408
448.0,511.02315306247453,25493.22754795102,26672.50678666383,4357.569209184888,15771.670071319155
449.0,516.9948317314739,25436.225608101362,26693.200696622036,4380.2215637682575,15775.00534224005
450.0,523.6652164796268,25411.475240244406,26633.37165739203,4419.67338180188,15784.84105022284
451.0,527.6518096679016,25353.51823992099,26624.378148695363,4487.748973338915,15767.726715948671
452.0,528.7964070748616,25261.86994301654,26664.450860450528,4539.454866964116,15767.784474916712
453.0,527.0924514444678,25171.87538724349,26768.48752142466,4491.496474255475,15813.054344734099
454.0,527.1904539726609,25080.705085248475,26908.18712673054,4400.436211765402,15872.183992600341
455.0,525.8550649771702,25023.74335802403,27021.387870177623,4267.178039128974,15952.3160742377
456.0,525.3764843175663,24967.372684516708,27127.052849942753,4143.05645975547,16027.453100406667
457.0,525.5795515647072,24911.958737776775,27142.174069923683,4078.334974635019,16111.8894722851
458.0,524.8751377597262,24891.543572027455,27141.1263269555,3971.4815097418764,16207.995054786961
459.0,525.5145672070488,24868.42801342407,27107.432523334828,3910.5939101842673,16286.445993357233
460.0,527.176854908979,24811.25618798006,27057.770704161383,3926.164387578153,16341.82834156731
461.0,528.6604834136828,24787.46938110723,26920.227892972085,4020.5291369466418,16352.672972343717
462.0,532.5637939242114,24728.286139244414,26800.375109064487,4175.14784459577,16331.490497803274
463.0,535.7029407091009,24634.8908896385,26730.329770996592,4327.171084355989,16314.095507070413
464.0,540.2584422238533,24539.889677778832,26660.589830605397,4489.604999050048,16288.606220237973
465.0,540.9846845228827,24446.61210063548,26620.828042826884,4606.167381462098,16284.333127284393
466.0,538.1661728725581,24355.301812630925,26583.437997326404,4715.659132553838,16285.861404798088
467.0,535.4704955465025,24263.99152462637,26577.192500011297,4747.328010685007,16336.541340452875
468.0,532.8757344086134,24173.014569955147,26633.29259363583,4685.878158703651,16427.547699248065
469.0,530.4589510664158,24082.383526907277,26724.636412066266,4580.744325503362,16533.757875432762
470.0,530.150378032824,24024.15126776813,26832.85132213203,4399.74951349758,16661.280186426095
471.0,528.0916680216415,23968.636717256315,27003.51764798557,4184.298466496507,16772.563712924246
472.0,527.4291614991985,23914.27989297602,27181.21230317656,4128.701602033609,16864.24708752985
473.0,526.253824763727,23861.81359772621,27300.614354286954,4133.167842583745,16938.72625541999
474.0,525.170322123498,23839.28663182391,27341.91465047259,4066.3433734491196,16978.936285300093
475.0,524.8586831714811,23784.914706882355,27367.151346900657,4431.579407405354,17003.9389485575
476.0,526.5146035401302,25886.331658542935,27285.809131424063,4522.244965600445,17007.388170379334
477.0,529.6299750236486,25869.85436721562,27117.096104982822,4656.13475354604,16993.045916270356
478.0,537.7025979315423,25852.101639574437,26971.754609372598,4766.090865127295,16982.42939185348
479.0,545.2869010309942,25797.59035736784,26844.300832251763,4879.678458557472,16990.285157063696
480.0,548.6099297786727,25745.561806224716,26744.97458337972,4957.744529772385,17013.2398494641
481.0,548.1202396668435,25654.620656754752,26762.22027853361,4976.33194177034,17052.29545431335
482.0,549.1847304098991,25599.02670095192,26703.476686886912,5009.043015533743,17096.714981997524
483.0,549.9542078333421,25506.870915777665,26754.974767303796,4999.891622049298,17139.24805231924
484.0,550.8957922345102,25450.886717984402,26730.47229647533,4981.363506912809,17210.616581497143
485.0,554.521478322466,25356.502395175776,26826.92639894702,4891.292070505309,17302.096344541613
486.0,554.7239362523878,25300.919703309803,26868.60723551921,4803.3547021875565,17395.229103763497
487.0,553.4588167304354,25246.443384252467,26943.826354826004,4712.240558404751,17466.9354858767
488.0,551.7512797686516,25228.907343269457,26940.437349680236,4644.651562739496,17535.381830975744
489.0,550.1767197856044,25175.658295785935,26986.63564829638,4615.471681045901,17563.821631489936
490.0,548.0047833348458,25124.25664391144,27000.21809298698,4620.048513657971,17580.930248435965
491.0,547.2743299363395,25073.667004313127,26973.038647027213,4664.141263975735,17586.051251178047
492.0,545.422903511453,25021.478134406676,26980.039861371653,4684.704292632757,17592.237161390265
493.0,547.1492007680916,24967.883833417756,26950.010862479787,4683.745154741847,17646.15939541987
494.0,550.4719367929648,24913.85954906528,26950.06371398172,4649.529913032596,17710.66103306829
495.0,554.6272313800725,24819.98792438565,27103.38627695561,4567.798763950153,17749.9005578617
496.0,558.5895198333943,24725.485138206543,27201.748466674144,4527.850386566096,17788.09367389227
497.0,561.5203404883245,24630.925807220912,27307.53034648562,4484.202111589783,17825.83045077525
498.0,560.2432163502888,24538.7493370046,27420.33566057143,4476.418587607821,17823.533004300272
499.0,560.2701096096926,24445.479214909148,27539.45527971862,4459.714070058862,17826.41912562208
500.0,559.9917392278128,25656.493601821538,27627.078776737813,4464.360307589525,17831.123233703787
501.0,559.8758243017468,25564.20129375142,27716.977388492392,4463.388305046663,17840.365098518057
502.0,559.7982049276036,25505.326923397173,27684.611160302215,4513.522095523652,17851.488505016223
503.0,559.7890745277144,25447.057793248398,27680.326344387475,4532.210923635785,17872.515189857877
504.0,558.8517915637082,25390.431971490576,27665.9450732348,4550.478973590107,17900.241779170887
505.0,558.6327856777962,25334.935049500982,27611.811790253694,4567.690452957487,17956.239385108765
506.0,558.5171519020937,25313.520296461644,27536.287918551643,4575.086677899013,17999.769051285617
507.0,558.5151930316318,25293.950070216135,27428.436855979166,4599.422268577984,18045.949078513633
508.0,558.6430126183435,25202.77909662371,27427.030010206305,4615.019952218361,18099.91548968046
509.0,561.3529190140254,25110.066384703205,27456.198687943746,4600.885324925913,18161.966524238826
510.0,567.4687984447369,25048.2907111405,27400.354489993842,4615.441897411145,18221.00476423778
511.0,569.8344036527672,24989.355741447707,31259.792132373583,4637.665511696524,18272.376660841535
512.0,568.7281036644506,24933.965565111568,31165.183445326573,4688.488298981128,18319.16093817732
513.0,567.6030602253848,24880.537185400623,31066.204435845662,4731.159414508296,18375.267297186467
514.0,566.271640538927,24862.09487128888,30940.643937837474,4739.106339754167,18444.969857662523
515.0,565.046457274268,24845.259753692077,30845.684435133327,4713.770838653214,18525.379943359585
516.0,563.0477070767881,24790.223790623415,30781.925988488754,4720.4460306117535,18594.494986065383
517.0,564.2032335627317,24698.79756674084,30812.512709961942,4723.706671840367,18644.200797285546
518.0,567.3078314642033,24605.703996602184,30848.05342879152,4721.785962214338,18697.202931395368
519.0,568.8345775728986,24513.0761701643,30888.359556134004,4703.094394269793,18765.145207068672
520.0,570.3008278582828,24420.39031895352,31000.785561119003,4660.477350969828,18812.451860435773
521.0,572.7799375015093,24326.934421690938,31119.170207363684,4612.264837077993,18862.828721993606
522.0,573.4223113417761,24267.48898271761,31175.228443946595,4583.3755907743,18897.60970133277
523.0,572.7144950400211,24209.450674695872,31262.19972926118,4559.283574695923,18906.582624497783
524.0,570.4938963608213,24118.815940458273,31266.80459237876,4632.404640637367,18907.278774657017
525.0,568.444122983554,24061.86689368623,31216.95572380518,4762.293663103036,18927.110762939054
526.0,570.3201374474035,24003.21811524794,31234.196632120933,4790.0242991679515,18926.27622066133
527.0,573.2788349100075,23944.632432450297,31252.71974420046,4788.17554320986,18955.562465844578
528.0,577.0607587614207,23849.80489243377,30412.3373177877,4718.020787051187,19016.06921634199
529.0,580.7493590258073,23754.43466175529,30540.87330345104,4633.675980003944,19088.268038997405
530.0,583.8111102053197,23658.82987902944,30706.386988520568,4526.683962563227,19159.028264777808
531.0,583.8390666871296,23564.96407101397,30850.728337102784,4444.040880752276,19218.53840370582
532.0,582.8597527393923,23471.82108970015,31001.116766599218,4381.879631863546,19251.523048586336
533.0,580.7692042897606,23412.989763351026,31035.72228456538,4351.6262721160765,19297.60893727081
534.0,579.3741929085661,23355.153535288744,31034.454929768,4375.242947922667,19308.84837223356
535.0,577.2980092540747,23299.1828484914,30991.943289618517,4440.391200401294,19302.623054335
536.0,575.3224544786095,23244.9858877032,30875.554181574833,4543.027142330921,19307.786553711136
537.0,573.5210902997898,23191.386819835578,30757.55417979732,4624.540848479007,19336.90841321888
538.0,571.9051561859233,23171.70385554614,30647.016039486556,4662.7259729769685,19371.04170321767
539.0,570.4739600209048,23080.912483603483,30672.647171224555,4668.499593566338,19417.973255038905
540.0,569.1895403637241,22990.12111166082,30732.488047771632,4611.559576720969,19509.38095657896
541.0,572.9966567156057,22896.663073051503,30825.854735803332,4540.684788352528,19591.974218357012
542.0,577.0128078028927,22803.578413538205,30955.009446675387,4447.696953759816,19672.588606474535
543.0,577.7401155649235,22779.84316166407,30910.568143747936,4422.138181451725,19732.883396952137
544.0,578.7117004272214,22791.52125131769,30760.6240711744,4438.109213114061,19784.909803331157
545.0,578.1328197173643,22807.13878398732,30603.115307341595,4462.277085242963,19828.111022406607
546.0,576.8920556601337,22755.049230310975,30586.528220851294,4491.107321163099,19835.615992272997
547.0,578.1085494420066,22664.110939245074,30587.245492834565,4551.449443451543,19836.30727110356
548.0,583.7764180737283,22569.84928575367,30549.50407303725,4632.772131486862,19843.372107415125
549.0,583.8125958210187,22478.457092324166,30509.086567908525,4735.890261860719,19830.45442776373
550.0,582.7547852149514,22387.446335314464,30529.352835441627,4778.055442977585,19841.494198118624
551.0,582.2261001953909,22295.802142368422,30583.962685277427,4796.983965206246,19854.57905920248
552.0,580.6896990046567,22204.46521554922,30644.684569375022,4784.007974089939,19899.19868055922
553.0,579.5307023986122,22112.587252450725,30770.56324160666,4741.2931700331355,19930.23694762869
554.0,578.7279095123512,22020.19480941977,30901.642775137712,4673.5779040484,19985.293387748086
555.0,577.1035554345581,21928.1198002663,31097.74804733545,4622.32311280471,20064.017440072283
556.0,575.6309672919568,21836.518469738017,31240.316196620333,4539.934062894027,20132.294873602867
557.0,572.9455418046562,21746.3552127554,31345.504916310823,4464.795903558508,20218.88002947149
558.0,570.541964161742,23129.11298532707,31319.1206712063,4408.452958094785,20306.53236618843
559.0,568.481318093169,23101.770548262793,31291.790770310843,4360.332582039101,20382.928636990917
560.0,566.8334820669431,23044.748746326903,31313.79293703004,4333.724961159415,20431.96515984237
561.0,567.3256113812607,22954.84453650194,31320.088884583103,4366.88795964349,20458.895422341557
562.0,572.7718457240893,22893.235472218177,31277.265727316,4415.898541061551,20467.643921564133
563.0,580.099898071979,22830.264209203786,31195.740898169395,4487.00380639945,20477.558439058113
564.0,582.0066923337679,22806.398870318742,31053.744475283773,4579.713982877005,20462.34133807647
565.0,581.8190497862241,23950.012742664396,30987.764630852485,4677.619607867615,18765.532675341474
566.0,582.0096364141214,23858.93788902445,30922.990744693765,4761.987433333943,18789.47031994481
567.0,582.9669303354628,23767.13818418203,30947.586247091713,4785.494036040629,18821.174245320297
568.0,584.5029042344534,23674.61195532781,31005.908540112825,4777.514356053675,18865.44412924422
569.0,584.6072245991253,23582.824995504947,31069.942284963166,4738.849723466468,18939.90970297922
570.0,583.6299366210635,23491.75997676842,31136.72404189426,4719.375934458556,18992.400508106384
571.0,582.8345833542231,23429.373472029063,31217.58938544407,4630.850179825655,19077.83491990251
572.0,580.8064310796913,23368.745268700397,31301.25796486355,4548.801136386299,19153.087802687096
573.0,579.0092974307616,23307.90385894492,31390.725628039967,4481.531806310997,19208.872811159712
574.0,577.4785711380431,23248.329084455338,30594.335532740704,4434.453630666728,19240.056657235575
575.0,577.3765810733331,23218.119348901982,30591.82314228495,4402.791917984782,19276.41157800533
576.0,576.8959367604149,23128.107580847332,30649.817584030403,4404.032337658982,19299.853056171538
577.0,577.4710320608618,23037.717199478277,30679.393266272968,4427.067593020598,19321.707648679887
578.0,582.423424587491,24715.187718235717,30675.96291328682,4491.382302286142,19324.2065712649
579.0,587.9157203452994,24651.897102502862,30629.512432861673,4571.048400254654,19309.556244141164
580.0,591.4129854174502,24590.704654865047,29820.968013012476,4683.922147074684,19302.182010012348
581.0,592.3097893270659,24532.094253232906,29718.20573641923,4764.826475090611,19330.25782185368
582.0,590.9891322243378,24472.126088780835,29671.535390969624,4795.3202036146595,19369.42676117419
583.0,589.549623782208,24412.351700489395,29649.077875395706,4795.857815002844,17935.161896706166
584.0,588.0279089165499,24352.808400983682,29651.004570476765,4753.167841578419,18014.66906393823
585.0,586.6450453345739,25385.95330648182,29694.64170597747,4717.415991688048,18086.159599767212
586.0,588.6573920126688,25293.417129523266,29742.301283978653,4661.460500190997,18175.357447496754
587.0,589.9516171427903,25201.144039360806,29840.322653138097,4561.092326027257,18270.492900861715
588.0,592.9066528239938,25107.517772109924,29915.20810919554,4495.749285330904,18348.41767731574
589.0,592.7154938530716,25043.686496029488,29894.937033628805,4485.000949947499,18414.319085215997
590.0,591.869149086375,24951.974466870437,29917.069008905226,4490.818918956505,18461.650678218735
591.0,589.9294153955243,24861.30556408269,29916.444572919747,4523.6759866183365,18500.191033417697
592.0,588.0053285185985,24828.330784199785,29861.505707652515,4532.315894882481,18544.393994094236
593.0,586.2853862627186,24796.064736226403,29827.545863959826,4518.389845797621,18593.91741551767
594.0,585.076070962538,24764.734439358763,29810.028927514402,4493.200037896175,18640.774706162418
595.0,584.0847499568927,24704.570432183835,29834.814891142232,4482.274924987184,18670.97202913698
596.0,585.9967095966564,24642.43510004595,29911.653357504845,4440.515083393011,18692.904903665127
597.0,592.2718288041995,24578.21247243513,29916.40480943139,4454.355941748034,18714.54493295926
598.0,599.7667076175933,24542.148894313912,29905.580067745825,4449.396770369393,18735.99426685597
599.0,604.2854463627369,24508.77794235142,29949.911614042037,4398.067907449017,18759.25508927368
600.0,604.5049291321874,24479.2289245265,29968.119062110018,4345.229205355288,18801.172971294305
601.0,602.1927262027635,24422.094153984133,30077.537433939848,4262.311029196468,18833.449117851527
602.0,601.053626910195,24332.144728095816,30253.666792994,4168.478973315347,18859.7926670113
603.0,602.207081900618,24269.948210619095,30371.21546356009,4083.899668594866,18891.306393188675
604.0,604.2219149555053,24207.917850482256,30517.171600974056,3967.775659194242,18931.108695791125
605.0,607.4516690338183,24174.632230352072,30573.985081739836,3898.3586836142645,18959.363683636297
606.0,611.4448394966731,24140.811728960212,30556.831658204926,3897.456767166975,18974.202587010994
607.0,613.5124010574889,24109.98617325191,30412.268742061162,3998.40521557373,18981.424309823215
608.0,612.8367801797092,24083.14940259684,30317.503525251785,4059.6089646963987,18986.24526969606
609.0,613.1726739211098,24053.737477773186,30191.49601843606,4132.320664725788,19004.000006029404
610.0,611.4452790317691,23993.072745237314,30083.53219868889,4206.021245896068,19040.218156504627
611.0,616.2864919400758,23899.673398260606,30038.800320371745,4251.853865689071,19086.887362395923
612.0,620.6080651340966,23805.794473873495,29995.628430133365,4282.571265591944,19148.363741857294
613.0,623.8728439342163,23711.72958789978,29977.484635517754,4291.135619008514,19213.42312581844
614.0,627.4601893939791,23616.753326043465,29961.275271759834,4304.661557129592,19272.573246372896
615.0,628.763925763853,23522.30461361116,29946.90635509832,4296.216824363664,19352.757365719237
616.0,629.0906606204661,23427.861205035468,29935.02157865562,4294.099194940652,19425.667800193918
617.0,627.1608775082487,23334.60382737127,29919.672143630516,4293.910703831995,19500.071075393305
618.0,625.5823146626167,23241.33465234962,29977.561536768153,4233.532695069297,19579.20033888893
619.0,622.1123560115293,23177.98043302567,29972.711336408935,4195.101451757772,19654.36895221967
620.0,619.1002442126038,23115.321465218458,29970.130127798555,4160.860908554168,19723.33408851192
621.0,616.6578563451944,23053.894879352833,30015.183103255342,4086.290774037816,19795.16625153238
622.0,614.6362980640018,22993.627317899107,30084.51852120193,3992.297785051323,19866.0527628758
623.0,612.9030605339648,22934.155639594093,30127.889540281845,3941.046086600205,19912.91948282065
624.0,611.4320152096547,22842.858541267662,30167.055378603676,3951.6343648587886,19935.345056736503
625.0,611.9012209731227,22750.4900143698,30233.905122793287,3954.893282627698,19945.496055611602
626.0,614.9717858685949,22656.497580905125,30305.638122342458,3961.0795458777243,19950.200022905672
627.0,618.941212205917,22561.906833152014,30404.781981787317,3961.4340820488806,19940.455199476553
628.0,623.6298915589987,22466.43824415597,30478.246470987895,3981.5984605469894,19931.474193883743
629.0,628.198746772009,22399.055011837398,30488.72855005157,3998.2759425916406,19944.133326544965
630.0,629.8946407843819,22304.451727972595,30565.184985541346,4000.3995212267187,19951.25781613977
631.0,629.1915650606825,22211.19892839157,30594.893832990834,4022.9197741467033,19974.46712585665
632.0,628.99293334598,22146.449928391332,30611.58715821439,4022.5483223032525,20000.16490978766
633.0,629.1985494564899,22082.256594119244,30653.206531534677,3977.881708047094,18623.06900304345
634.0,629.8230171837926,22018.626721686975,30634.281069140467,3955.057090232282,18695.876099132314
635.0,630.8706508597777,21924.786926886274,30635.231462866424,3963.4368113080313,18755.757568919336
636.0,634.7970539469534,21829.40446564278,30656.733470639858,3967.0876513171443,18806.160152256045
637.0,640.1297087365487,23004.140217208707,30600.91651045768,3977.5205138190045,18848.786794811185
638.0,643.9326615520996,22936.385314036368,30560.155867030746,4008.8819821747657,18887.993865568307
639.0,644.6531843055343,22871.061166104493,30486.96987726981,4065.5876898531606,18925.750751691303
640.0,642.8180296073274,22834.48539760319,30372.932765299403,4126.731059242403,18959.597405123517
641.0,642.381263123458,22824.702918899908,30190.240150601872,4195.958278235617,19005.35804362021
642.0,640.2799234413577,22816.661420843695,30027.764292326923,4236.613132967202,19061.468847002347
643.0,638.2088890390161,22753.957318936067,30041.824528017612,4308.928603249578,19112.269717921725
644.0,636.2126373767547,22691.895835591717,30083.16552386925,4246.466316730492,19179.424812325353
645.0,634.3515746293929,22630.449108492845,30175.3490634629,4134.224531025346,19259.389373333015
646.0,632.6747963276343,22540.020224029904,30292.436848766254,4047.2386636884858,19327.241537807975
647.0,632.4410888793218,22448.92467290031,30415.43458655296,4285.070356715924,19374.508666922484
648.0,632.8536472717647,22357.45045891135,30560.401546421846,4216.120875575779,19403.774313480997
649.0,632.5212884820808,22266.22047364566,30706.286893256733,4148.461805250803,19431.230861648633
650.0,631.1384419600297,22175.980990099328,30774.258517825754,4145.011631505611,19454.372183428815
651.0,629.7052392284812,22086.288411177527,30815.33717541494,4176.196378999954,19465.102864139277
652.0,628.2206959402214,22051.007105108238,30704.31090504876,4267.370788337935,19472.143139292777
653.0,627.4549698796613,22017.492326656833,30613.479236756124,4345.941890608688,19474.241686445373
654.0,625.9320495102132,22037.69842831573,30442.84110052423,4394.910072450631,19503.399345445603
655.0,624.5012290674683,23155.585152195188,30309.818957848252,4416.368912305476,19556.267814523486
656.0,626.915574369602,23091.895800851857,30329.09909425788,4378.474811336583,19612.992335986073
657.0,632.6407817741709,24025.109747370403,30352.46569949248,4334.655473190979,19671.505844891395
658.0,636.976071475036,23935.074693437247,30421.111403738785,4283.323742386934,19733.384566376153
659.0,637.6434714078546,23869.781399703832,30429.771647292277,4245.5079749441165,19797.68103605633
660.0,637.6284734109203,23805.71587017668,30462.974205034814,4190.408232844379,19858.94560072738
661.0,638.541273057502,23716.285686017545,30563.359922027706,4122.805292449237,19913.118485853847
662.0,637.7079517585859,23627.342638835755,30605.269117302618,4118.535563493144,19950.43626460993
663.0,638.505350619122,23537.479832145902,30616.759503405672,4131.125759145485,19994.58681266412
664.0,636.6927225440085,23448.550536199822,30606.576174190726,4203.359422856765,20000.255500910884
665.0,639.1476667255232,23357.488866479514,30622.857964307554,4245.4040249896125,20016.614779204196
666.0,639.7881214650258,23266.8553034328,30688.85193807601,4255.749757756954,20028.26004068274
667.0,637.8979620649502,23177.134272916268,30754.13538046919,4262.57369766172,20044.406458879326
668.0,639.1932995461268,23086.06279429228,30822.09677454969,4276.106654159753,20052.680332313437
669.0,636.4159846223074,22997.331936146278,30839.53098367218,4354.284104028204,20037.525338351166
670.0,633.8368570857033,22932.62809877551,30819.11300156278,4382.452824474103,20068.309766913826
671.0,631.5286616101514,22916.476572593172,30765.554079890317,4363.446447521326,20107.9882072938
672.0,629.5286885208073,22878.249621653704,30792.6174854136,4294.245948978744,20160.9959900969
673.0,627.9015438298968,22815.0367781761,30817.396298455467,4247.039670782837,20223.786407107968
674.0,629.1268559138274,23685.997760893002,30807.60648104074,4268.897294783809,20275.94792927985
675.0,638.2482771147182,23616.04478743983,30760.267301614378,4294.742897152337,20323.792464082875
676.0,648.3954533090573,23545.527990944858,30713.083925652274,4296.88421033634,20393.018932079773
677.0,650.3061829638635,23455.0229695406,30778.3258403324,4254.857996086956,20452.621320965718
678.0,648.3909716555138,23366.07509248546,30840.10321130887,4231.183992271102,20498.14592718372
679.0,647.4288441386722,23299.249276143262,30839.822866092378,4223.504073389961,20544.968197638045
680.0,648.9304116509373,23231.887044552426,30839.840934317443,4218.458464662778,20588.165112713403
681.0,648.0626829910922,23188.372769819907,30775.34511363054,4238.796789396467,20624.428606821213
682.0,646.502101158942,23123.265756858134,30773.80447408156,4237.358528361636,20663.152086562714
683.0,643.7765573717979,23081.299319200414,30732.796591897386,4238.6875523070385,20698.29006569201
684.0,641.2590117103572,23016.541442081103,30710.079158552064,4249.2033716366595,20740.755809728922
685.0,639.6483222674722,22952.214367840857,30679.172828048904,4272.929619298713,20775.972394192715
686.0,641.6834404935565,22885.515417910716,30699.16058732986,4273.026844081956,20797.952745729843
687.0,646.2030173715686,22794.712651564198,30738.978564833924,4273.073354119401,20835.037834464907
688.0,652.0671177962174,22702.908725919813,30782.48193450523,4266.799556168255,20876.441637469958
689.0,657.4270103731247,22610.755124149357,30850.55761240409,4247.094699961913,20913.91408613159
690.0,660.5417956780497,22519.033518040713,30946.71516439002,4201.53705430896,20956.116682175736
691.0,661.5021688577074,22428.05529959902,31069.345457222887,4125.63887840318,21007.991637250125
692.0,660.9256679481196,22337.7051571484,31138.93536872626,4123.111416115624,21030.041259937774
693.0,658.6166781394398,22270.645950301518,31171.195558601103,4106.393940035971,21063.672803239995
694.0,657.4064741707542,22204.572082790517,31226.99271610653,4074.932149488009,21092.706873434086
695.0,655.2110048974398,22162.2915668382,31139.25971678453,4124.479360860807,21118.932135734325
696.0,653.2408364939186,22141.22921364807,31036.58530350271,4146.189972912884,21153.951163146405
697.0,652.1122866462684,22075.540011931334,31012.80673153833,4205.7767246178455,21153.056342621316
698.0,654.4955790681609,21985.73514108892,31030.820047608813,4252.583057476447,21163.287567126743
699.0,657.5313836230397,21917.830660878335,31012.80802982642,4270.18457176001,21198.841270941673
700.0,662.5884651536818,21849.122709693907,30993.36080513081,4267.937804870824,21253.982205382887
701.0,667.7752596179092,21780.507827991383,31045.864666955873,4204.965167587354,21313.420522206146
702.0,668.7336902130974,21713.607609903436,31100.137150546143,4154.908968075638,21358.428495791577
703.0,668.2515756744806,21647.60802860884,31103.879568444343,4125.402233941406,21419.334500206034
704.0,665.8440553306427,21559.025977958558,31151.96525936507,4106.795356788557,21468.529756319153
705.0,664.6503399710822,21492.347034691178,31162.87779234886,4085.4734764406867,21518.67415350403
706.0,667.0097876862285,21447.17057436896,31147.338299410734,4043.848730117763,20151.89820673164
707.0,669.0124248933704,21380.690643885344,31096.288420324934,4088.0894895096303,20193.259571096223
708.0,668.7919779446552,21315.734623869805,31016.875273806567,4158.040485303078,20230.622183480562
709.0,668.1543509086168,21273.88527659496,30897.017031565978,4223.698520860693,20271.673204475068
710.0,668.2241686547893,21207.597128380854,30866.98178324599,4260.075764216847,20306.686268449987
711.0,670.5942802736488,21140.869301159604,30860.82071678153,4265.866206996577,20351.110665721135
712.0,675.4224421936451,21073.144377267865,30825.059169714208,4276.937223153811,20410.15660902667
713.0,679.4243937637278,22218.054704879363,30834.772056236245,4270.7072303561545,20482.912839734934
714.0,681.8493270201279,22127.011765771447,30918.708091185286,4213.948455585356,20551.069333932628
715.0,683.7631806101429,22059.508361801905,30966.060010077832,4153.970213330213,20620.813792092184
716.0,684.0554425162115,21992.762171291586,31037.602043593026,4063.24521182683,20700.67701651365
717.0,682.8123897823637,21927.15174931694,31135.64829999575,3995.133046076478,20742.56415298736
718.0,682.6227151847946,21836.30172376474,31228.939625527317,3976.4824606499174,20772.802350489113
719.0,682.2241395283891,21745.383569817033,31350.178499029666,3937.542779065301,20802.847098185306
720.0,681.1311366079022,21654.68371796613,31499.016703086127,4016.431566010608,20818.259753233055
721.0,680.5724670465528,21563.9586074499,31576.206941324024,4026.682352985944,20833.832379562966
722.0,680.5685836753642,21473.436022034944,31601.011335121668,4087.6014213316535,20837.729434848563
723.0,681.0687302055987,22439.607945094875,31561.405963382032,4173.59330856663,20835.184629910767
724.0,681.5856329335426,22395.074599728152,31504.270611381995,4242.114181418446,20833.002935953253
725.0,679.8919453937029,22353.084976940238,31439.23715323089,4270.538231640878,20871.57299058405
726.0,678.250338734021,22312.27838977313,31396.496033160187,4238.1862914302965,20950.351333667695
727.0,676.6643473628235,22272.353555692847,31423.63952381374,4158.9859086588385,21024.31573967123
728.0,675.2076272461461,22208.218968024124,31497.86335632231,4069.463825651841,21104.201745198952
729.0,676.4105284649428,22118.981368451423,31594.525930857148,3993.6705944934447,21184.310784874044
730.0,683.6906251044784,22026.920972217547,31669.610157900366,3961.979227067836,21237.57472892042
731.0,692.4454725862466,21933.583223146023,31721.096304702303,3939.4688519822294,21298.125424922728
732.0,696.3072905968131,21841.611237768084,31720.72892562483,3961.548668535992,21352.110036745413
733.0,695.4708343701307,21751.227454848427,31716.041688149526,3993.3661889070518,21401.035187714944
734.0,693.4745309473464,21661.173060686604,31713.249057581113,4041.90301151226,21434.12992663011
735.0,691.89349447854,21570.838237907687,31736.098732967155,4082.1731622639427,21458.716100365084
736.0,690.2510421313216,21480.407813150847,31738.080183744307,4137.651347768426,21483.905999659182
737.0,687.8297049826906,21390.25556448768,31767.037201167248,4140.664362855043,21541.552679846223
738.0,685.4983442046124,21300.54776026896,31823.494452910243,4128.644338846876,21595.666212842636
739.0,683.3161398360082,21211.2941387827,31951.9664229865,4065.9656434145427,21649.507544879187
740.0,681.3410014270913,21166.720269504935,31919.504027150215,4059.0778951649236,21705.39912842324
741.0,679.6234442320368,21123.580947640494,31885.55769665752,4041.145892257187,21770.778525191392
742.0,678.1945033465214,21059.007267148347,31892.552439248757,4053.468213673651,21806.40192666682
743.0,676.9542673262241,21017.44116048514,31913.51319331857,4017.537556508234,21850.585839332212
744.0,677.6627696317141,20974.985256314903,31929.53254360713,4002.445241215381,20519.526268800837
745.0,682.1773848561261,20932.766714557685,31867.873022001484,4040.7368444537838,20553.4005557211
746.0,688.5030527269546,20913.340584700552,31764.35677436039,4120.289622154618,20550.495483791903
747.0,695.7413881941255,20892.019200832085,31655.852148707592,4173.592947262069,20573.923530028413
748.0,700.5442534574089,20849.462845657043,31609.940496333307,4210.531233759131,20596.09463774354
749.0,700.1730634762836,20785.034640193237,31655.767225317973,4189.958711098483,20637.353391569162
750.0,698.2258381044055,20721.6820315153,31705.227635420393,4154.682731017117,20688.442679461896
751.0,696.0356623477614,20634.204593005386,31794.594033610207,4130.451343190102,20731.96518103574
752.0,694.3556805073271,20546.411436685183,31890.537778778977,4096.340018016668,20780.618519499985
753.0,696.6104861880397,20456.704817029524,31986.36753700013,4066.424087991754,20825.654600565093
754.0,694.7371533461097,20368.61925881375,35627.14036373789,4059.816173521985,20863.372491310034
755.0,694.9339484986891,20279.940009993625,35686.67894882488,4030.9153636174233,20937.30538464264
756.0,694.6520678520934,20213.909965287832,35698.79683976905,4018.488762596471,20999.112656040932
757.0,695.0923395850324,20171.260929408603,34441.74182184211,4016.578201891574,21055.348792349552
758.0,694.7989867075937,20131.143984567643,34396.86250113634,4032.707731112712,21094.233602532742
759.0,694.0768967580484,20093.20230565648,34323.27508343297,4074.5547439867664,21126.021080444392
760.0,695.6647955904557,20030.990913526817,34264.18247951104,4153.030372222251,21141.923896885342
761.0,698.9459127444775,19993.582349228884,34159.501262056656,4238.829426605002,21151.00242119948
762.0,702.7257209760267,19903.799258056853,34120.240593669805,4337.911150272758,21165.2876324529
763.0,707.28145990305,19838.689989169365,34061.61040197159,4372.329178599202,21221.229320032326
764.0,710.0272254610184,19748.411514681702,34146.00472704909,4325.729308186573,21288.018443427532
765.0,711.1304867050985,19658.430641901337,34286.377855476974,4227.6863116860195,21366.076518036585
766.0,711.7121402847887,19568.59681174792,34435.92987939885,4133.813239153408,21435.317824636553
767.0,711.291508404653,19478.941879687838,34641.829643891906,4007.37566935535,21498.096830837476
768.0,710.8992477694462,19411.804047504684,34790.22339887352,3893.613842296241,21560.503979873007
769.0,709.5366581458347,19323.44507175306,34885.222237158225,3864.710697463453,21606.359692058886
770.0,707.1161439926145,19280.690517884468,34877.511696196125,3861.5344941717694,21644.763267260336
771.0,704.8730923999937,19262.303425008744,34835.618562974705,3866.662103243677,21669.720217965736
772.0,702.8697280016364,19244.692698481747,34791.7090154502,3892.6584673448865,21675.307979191522
773.0,701.1781350176157,19183.470354060446,34825.74562261842,3916.1563132834594,21681.6711031736
774.0,701.0736673801573,19096.195217007065,34863.374550173954,3976.763185654037,21681.690104573318
775.0,705.2991738482618,19007.229861803553,34850.614807163984,4066.9024174251927,21687.93634351432
776.0,715.4820509646087,18937.95888730661,34801.31967040258,4128.745697674726,21718.13326992911
777.0,725.3519894931245,18868.75528857266,34775.0894862478,4154.387864121459,21765.50777011449
778.0,729.6055038592491,19937.406189469202,34778.78684484033,4121.635141669812,21818.352337752396
779.0,729.9731001994023,19876.715493602384,34817.92494314319,4076.742645005909,21881.113087370075
780.0,728.5671361698178,19816.711055673466,34837.05548951962,4024.7481434675137,21962.211787974942
781.0,727.7286320904229,19727.92875246996,34906.59161902666,3994.2146377216227,22022.932791280735
782.0,727.533067774171,20770.06491702,35004.38027336503,3965.770880741918,22064.89024813212
783.0,727.2798222080767,20681.337115253147,35101.48058362347,3925.552143967173,22117.854689226293
784.0,726.5357528028251,20615.07630032001,35130.10159038694,3930.051575102173,22149.677828198706
785.0,727.478698702589,20549.61816690165,35130.3949046667,3936.0049920257698,22195.91777520089
786.0,728.3501159261263,20485.303807375763,35128.75573345111,3930.031945616105,22252.359056166937
787.0,728.5277315003231,20422.114155816005,35092.18546007778,3962.4877497994667,22295.733978797918
788.0,726.4343867468789,20333.49026726181,35152.519581278684,3967.0777049260782,22332.633411512412
789.0,727.695772794683,20243.373866482365,35192.89075037237,3985.5166823439786,22370.60564901339
790.0,731.6358508289071,20151.80139734298,35213.948622713826,4033.6932549451967,22395.792205868718
791.0,735.4610208945568,20059.797071785095,35239.039976729444,4083.3073839635,22418.52236229054
792.0,736.7469559564661,19968.45563030909,35312.932523401636,4099.049548951348,22441.305688472978
793.0,737.3081133669016,19877.148590881625,35415.81709076328,4075.4761853040695,22480.903816536265
794.0,738.2159261313677,20950.67044543431,35515.72658835476,4016.8053551139205,22553.135528916697
795.0,737.9598884034976,20859.330775709444,35619.01582922401,3966.091055316232,22616.650500775366
796.0,736.8449265836206,20792.73613965219,35652.83452255931,3933.256861702871,22683.244416526824
797.0,736.0102809766186,20750.929620754934,35642.93465545675,3927.6536148250475,22727.372404745023
798.0,735.3763262964966,20758.540351418527,35527.52747898171,3942.8009304376537,22766.589135142152
799.0,734.989599518284,20745.606773422667,35446.10481065733,3943.3039837580645,22817.478122922414
800.0,734.892566973706,20709.336648660337,35388.15048792501,4013.579693185647,22815.98028017518
801.0,735.2054408704147,20673.12778509542,35305.35288485421,4095.110868373617,22819.31549802983
802.0,739.855351311216,20636.243025014563,35212.83695065366,4148.8859272555455,22851.060344671856
803.0,745.1720267894287,20596.43655612294,35123.933152702826,4189.6540971168715,22893.55546128322
804.0,751.0303813289189,20504.267391658428,35216.237954641096,4150.441759928772,22946.963587009122
805.0,759.4550687991865,20410.256698279554,35298.85140620012,4094.774315721694,23021.4916524183
806.0,764.4299781081551,20316.982488863945,35387.750182632735,4030.07521603976,23101.334320557147
807.0,764.9631553995666,20225.11332254276,35508.82394032114,3964.5554071370843,23162.96170394566
808.0,765.1880701568191,20133.27958947493,35683.70654298407,3891.1893147805795,23198.362853606013
809.0,764.7074584464974,20041.715488384605,35836.133527080114,3835.7718535606055,23232.488172999485
810.0,764.284678803249,19973.63960641954,39867.7820725012,3835.8181991656124,23262.899668641774
811.0,762.1677939795037,19906.62975116592,39894.81916536882,3895.107859376658,23255.21752579066
812.0,759.1708044540655,19840.4984102495,39922.54552710962,3946.882078072231,23253.47646011511
813.0,756.4844230351898,19749.880411850707,40017.82717212655,3978.2876351172563,23257.702787411297
814.0,755.399010027138,19658.6741781578,40088.53209275169,4011.250453211406,23275.02356883411
815.0,755.1430981660366,19567.618832551296,40156.48673774807,4037.7997250050694,23300.08903004935
816.0,754.4807261987337,19477.183666213197,40227.48590083205,4053.867635629716,23333.14350070642
817.0,753.5710951037966,19434.14279640405,40225.74964251608,4031.8358228681172,23390.550202388
818.0,752.5513223224011,19391.780760410402,40252.652139037236,3965.549305794808,23469.283094299324
819.0,751.7058869952659,19327.223831820447,40262.42490146075,4229.627223755078,23556.204341976434
820.0,751.261665621687,19287.31794295274,40228.31666588048,4219.360019870267,23616.788286490297
821.0,753.7573953057376,19270.558113571573,40115.269072082694,4217.068466456803,23688.169563902145
822.0,756.9677005552983,19228.47312766688,40048.15554617715,4228.920858109788,23747.486078796388
823.0,763.2756564677445,19136.346520871994,40074.189420326744,4248.016345080193,23799.953967980244
824.0,770.3051624925639,19067.065127041267,40093.27807108668,4253.069765033488,23843.678854387545
825.0,774.9246794153781,18998.52785023193,40167.09375676779,4236.489818855342,23874.523862599668
826.0,777.3627151274011,18930.75878662253,40183.90139052333,4591.556240211979,23922.83365815827
827.0,777.6214118251427,18864.3769400791,40228.21521752928,4607.069163080138,23945.530988815008
828.0,776.9193140802562,18798.928106665066,40290.43949453927,4597.060733269592,23976.32456378711
829.0,776.8687842577141,18734.167026940486,40324.37054466852,4592.800076658871,24017.330965287332
830.0,774.6741746416249,18644.949586838262,40412.156441855426,4559.633289040145,24077.223212696328
831.0,772.5420512552954,18579.73603808677,40478.93825905637,4488.989713644349,24152.710569798302
832.0,773.5891980280799,18537.46605947843,40560.235200472904,4381.470436086896,24222.419090066618
833.0,775.0762733536559,18495.000183810338,40591.82268819985,4311.961441112023,24290.526259032038
834.0,773.1837182325021,18454.535071170267,45766.738990322745,4261.377904401838,24326.21256557728
835.0,775.2232345209749,18388.275390582246,52425.52589598867,4281.892758304134,24343.634062884692
836.0,779.2424900873467,18321.86744781132,52526.47531583087,4312.407728693996,24343.102736255863
837.0,784.743600974508,18255.52441180945,52629.930186623926,4335.640282391107,24345.78563348563
838.0,785.6362729675973,18165.354164893528,52765.385643631555,4381.459422738346,24344.944419247335
839.0,785.255986768811,18075.95059421772,52863.07102179662,4462.009561199227,24335.335617939545
840.0,784.8446336156925,18034.464368174726,52799.58813690616,4580.845586115763,24317.44193338611
841.0,785.1051065837423,17993.267345720502,52733.627886864095,4675.365184522861,24317.356827416585
842.0,786.1261724484123,17929.318834660688,52682.80022960724,5217.819704594931,24330.80846903034
843.0,786.0684575294681,17863.318112240813,52632.629426406114,5278.259366616175,24379.462443680823
844.0,788.3984833837601,17820.429179628132,52491.19969128642,5329.09337364781,24449.143971859074
845.0,792.0065196911346,17753.085713405955,52436.22496463271,5339.795840493609,24532.98887349189
846.0,794.4885425866571,17711.249462214306,52436.211286337246,5270.775630674295,24620.780013163436
847.0,796.5616641017433,17644.56229556387,52464.69659455534,5199.6492402856275,24722.475543970886
848.0,798.7754781101296,17577.932233918727,52528.05899370244,5111.248410215813,24820.132948566697
849.0,801.8611574706616,17485.082154713666,52655.14067807301,5042.703006925944,23446.81662628347
850.0,803.288018823929,18483.117096069363,52784.62392400282,5002.962881298607,23513.84499304633
851.0,806.9023607826447,18388.47710061544,52879.34953530739,5007.716027173285,22271.89499219142
852.0,811.5834476559818,18292.946114739272,52853.455176218544,5081.477793360202,22341.50786678963
853.0,814.1147723594468,18198.02745094759,52864.439345320265,5147.445385403406,22402.58827994804
854.0,816.798714359976,18127.751561780417,52887.71979217703,5158.759700187668,22471.005295088988
855.0,815.9288440476264,18059.078646689723,52950.239571845945,5128.770392408843,22549.871413076336
856.0,813.0999946767422,17991.876134668906,53013.35615979976,5100.529443922204,22627.60174504521
857.0,810.7072484271929,17926.329588081142,53178.5184224348,5047.580135963315,22680.280610570342
858.0,808.9727034449772,17860.977780484907,53372.73749559378,4982.168296844348,22730.319842139714
859.0,809.6371443971896,19066.477772517803,53235.16452506368,5047.38043709149,22761.8140098022
860.0,812.9208442188674,19139.112910949367,53043.19869140129,5071.542470672435,22791.37311942044
861.0,816.0243886358874,19186.9390053345,52862.287628797596,5133.869409587382,22810.760268392594
862.0,819.1403527536714,19177.406521873396,52838.39749194861,5636.927810025437,22861.5177889775
863.0,826.407560147665,19139.707138025115,52798.1132270736,6284.91925688711,22925.734341222837
864.0,836.0608210271491,19098.703508121394,52831.60216582135,6241.284970293103,22991.055827058255
865.0,844.0222287097455,19058.76511151227,52941.79119488073,6155.072743306374,23047.060714603893
866.0,851.1464848103336,18963.886310501206,53212.341185198544,6036.158347894269,23101.954371069707
867.0,851.4862977950087,20251.54529188427,53468.91089403433,5902.749914065466,23147.83626457957
868.0,850.0767948070593,20190.29135288215,53614.00294650809,5859.064204019919,23190.69632385679
869.0,849.7307231070387,20158.72259103992,53672.74876359859,5886.916324577024,23207.81428356824
870.0,848.7289933833173,20130.952257239976,53638.95355836382,5978.239310834509,23226.436971753326
871.0,849.778459205091,20131.046926736497,53510.88973343186,6074.39234238075,23256.477915994525
872.0,848.4371539720671,20199.451346465965,53219.25064987569,6190.700433445243,23287.362815203418
873.0,850.6341345560023,20175.885320630743,53096.80936122945,6349.467689710012,23299.12154307169
874.0,851.86917027701,20184.848985625908,52910.19197402935,6486.477133544017,23321.29678667802
875.0,856.7828883572254,21716.1685965549,52816.12008028723,6555.003336270576,23362.05355975007
876.0,863.1551739145918,21662.378355338114,52830.639859160736,6546.567180949112,23425.743758264725
877.0,866.3197983890458,21609.757677219513,52988.63330114868,6409.140843743131,23498.096786947553
878.0,870.4084421583,21516.67518168256,53233.9157308077,6281.005964226204,23560.064830394225
879.0,872.942593653686,21423.98276734867,53419.0260599507,6189.0677978535,23628.049286670957
880.0,877.380555801917,21360.15254259269,53595.96881005197,6081.384179799499,23686.04260913784
881.0,879.9889597630847,21297.78161969118,53780.940335335676,6000.158316399393,23726.67346282864
882.0,881.8991216552874,21203.14689443557,54027.16652767541,5951.1062424869415,23750.442246523497
883.0,883.5045151120273,21108.419514437817,54193.48360375085,5939.960300512211,23786.956851883828
884.0,881.543321700269,21015.688035701172,54369.74450651905,5962.043414485618,23804.080372289212
885.0,880.2076249682971,20953.61558497632,54499.31330009596,5980.036282546406,23820.05465712105
886.0,879.5676038979489,20892.53791361636,54582.176151537555,6071.704779963633,23816.58455274908
887.0,878.6855910478073,20833.207883720137,54614.95969968232,6190.349547176207,23818.434158308843
888.0,878.3979604559443,20740.586410707292,54757.36201091978,6258.803278022894,23827.334480066533
889.0,881.8033446088302,20677.056667963134,54839.61537370026,6301.176019986031,23851.308200346626
890.0,884.4168875085,20646.273647008995,54870.600740233844,6343.202259418523,23872.30852871335
891.0,888.2719464196177,20616.793221746255,54935.99409897464,6346.852456206799,23896.696657301392
892.0,892.5340922031394,20620.27182410851,54885.549621655446,6341.09503496509,23945.338183475695
893.0,898.9578101833005,20591.551586483034,54787.96969995599,6386.4480015007175,24007.699215921355
894.0,906.1236462887059,20564.495851455704,63764.912665360964,6440.991682743643,24084.181454192963
895.0,907.3594444896524,20537.429483119555,63841.194768813635,6340.5331795697475,24165.46570914709
896.0,909.5966787049144,20475.028564667362,63955.08041119079,6282.945277785633,24236.468150251123
897.0,914.9455586001144,20410.658124149282,64028.622280993164,6292.450436133181,24286.808053018274
898.0,918.5888634641008,20315.43940871599,64133.31572941122,6293.530397749798,24353.734481139545
899.0,920.3477313207231,20221.015099205353,64244.33830615243,6292.752525761105,24419.907573196593
900.0,918.1597746759389,20160.191115369915,64371.80467514132,6248.8169411943145,24480.657611399492
901.0,918.7788788886461,20099.492640935594,64303.75100939155,6362.054207624476,24527.261856093424
902.0,916.7581689922088,20103.34200439143,64181.48577283185,6427.735862858142,24571.051793126677
903.0,917.7537755346485,20107.628377900353,64056.23425794333,6540.723865530841,24590.087077167434
904.0,916.1549138894726,21535.17222365136,63928.56832029381,6570.401308454819,24649.371453459193
905.0,913.1910197144515,21537.645317781353,63838.49200533686,6590.796247680824,24698.647723621747
906.0,911.3286800133988,21448.149989403868,64004.16552947716,6571.334985947691,24752.874643700674
907.0,910.742693949756,21358.307880833538,64222.88129677904,6480.899304919907,24825.935597030173
908.0,914.6194551454068,21294.428768898204,64345.811217117036,6474.4114523939215,24867.67908253669
909.0,920.2329605544705,21231.2489919698,64516.84217938322,6457.8886089084035,24897.764437603917
910.0,923.4891889578989,21139.354617591005,64808.98132791587,6413.268163179418,24925.11358799127
911.0,927.249018545804,21132.343485871395,64854.291163950926,6417.971455619785,24944.146328226667
912.0,928.1064388397917,21099.394790247603,64969.944563092205,6439.285955582512,24951.441979269945
913.0,932.0316604827899,21005.628703096118,65174.98237445802,6509.517679045365,24949.86210596917
914.0,932.218034433922,20913.360238893187,78469.25172825501,6578.246839646366,24953.984642326675
915.0,934.8021499980666,20819.43332519067,78834.22780809451,6554.225677454309,24976.51718747403
916.0,935.6158807464333,20726.25662232298,79142.50212960175,6562.574548012462,24998.67073418644
917.0,938.3971294057479,20631.53450045309,79400.33680730403,6595.540237665603,25022.752001684974
918.0,939.8894051986367,20567.440498064447,79415.31318145119,6696.678317872742,25057.347257921792
919.0,943.028291702671,20472.575036389087,79509.44289160031,6800.742799566546,25091.582581674218
920.0,946.17990719082,20470.94273757374,79395.24346481162,6820.655940085523,25154.25617137083
921.0,946.5874594890221,20407.42663564797,79493.52122478482,6802.722348866552,25224.784536978215
922.0,946.5796916652763,20411.954136014538,79406.55587443121,6790.793266205,25290.85608997848
923.0,948.0615101697365,20418.548478041528,79249.51407760577,6781.522333339131,25371.266064611038
924.0,951.2255270137491,20393.816390787746,79124.15637476367,6806.6089396206025,25447.80612528471
925.0,955.5417610662325,20369.27621288832,79044.96566427122,6796.524194275307,25527.56058254026
926.0,961.8571822744403,20336.463396576233,78985.15425284974,6789.0971950269095,25604.94790265927
927.0,965.8430930457755,20305.09160665457,78926.74137729804,6758.898131758607,25692.715256939508
928.0,969.3895959928749,20270.175670122375,78879.51075183004,6736.613680611957,25775.699583014135
929.0,973.8284393951081,20234.402321560956,78931.79239014587,6727.462220625877,25824.21616099271
930.0,974.1732235030106,20171.602110334832,79014.10389193827,6766.7454093845045,25862.224258273352
931.0,974.2581493963792,20108.61516417256,79046.33483233544,6878.414530774498,25878.82994078278
932.0,973.7409180173852,20015.218512625543,79222.05412059752,7002.746940729283,25874.010646767973
933.0,973.1464824270012,19921.995378576055,79456.02589383957,7127.083839061321,25853.97537014964
934.0,971.3376079865612,19858.534145575486,79623.97258022372,7208.266790882768,25852.7570647416
935.0,969.911522227418,19796.445101509937,79697.57972032698,7297.259080162013,25874.078472999696
936.0,967.6903857348433,19765.016588202416,79868.64663373618,7263.767224906258,25907.65204765814
937.0,965.7788048192141,19735.535209149424,80259.69779694229,7071.332665940438,25957.679641909508
938.0,964.03148833559,19674.750837294472,80801.18349310047,6807.496208708928,26024.228539564803
939.0,963.7015514826616,19614.400651974564,81220.12152686645,6578.752543512808,26105.8879607882
940.0,966.4110927753728,19523.03819576451,81485.84358192855,6525.523276275384,26165.049026806337
941.0,971.1334325108645,19487.655368845455,81697.38401020854,6417.330173754456,26222.863180173816
942.0,975.5035096573965,19484.05717075539,81708.7859599373,6400.949137484204,26264.59727758023
943.0,980.4178645218628,19420.69210274041,81791.0961341382,6459.823294760768,26293.736299040083
944.0,985.0610000117593,19385.899683725427,81707.5619976788,6579.339943021837,26316.62384835338
945.0,990.5648639453693,19321.7901529194,81755.10467884195,6691.359985252284,26328.661808565907
946.0,993.2941951664341,20642.681845978015,81742.95181315402,6860.709530406674,26327.67941239628
947.0,994.9053678407627,20551.208729809656,81767.55214324078,7056.821854088218,26327.11518535332
948.0,995.162295488516,20513.945310767216,81570.08373506184,7215.743222431407,26363.65606003153
949.0,994.5948101677162,20477.692625923828,81416.49493286449,7345.460357518415,26401.882002388986
950.0,994.3703232897212,20441.819819704615,81407.44718030271,7381.271885636575,26446.10152041456
951.0,994.964337259369,20378.285960148183,81480.48749846387,7329.952299769039,26533.07693625286
952.0,994.8345001434242,20314.77580000268,81613.39988832589,7228.140070106448,26628.921051122856
953.0,994.747666114077,20251.202026631483,81902.14327381633,6993.540714084658,26747.995793745285
954.0,994.5861617696412,20159.787989116903,82334.36522103341,6742.224882309231,26858.173160247483
955.0,993.0689296744631,20068.832550040435,82772.29733785227,6543.26163931711,26940.980903548567
956.0,991.9060736349076,19977.891118084044,73126.57623771651,6483.869922555441,26998.51918334244
957.0,991.2693444748398,19886.891016773672,73313.28834843083,6536.283985610959,27013.452410362803
958.0,991.145244243763,19822.50336141245,73441.07475652287,6617.648902773297,27012.25924228169
959.0,991.3448141209196,19758.9357935007,73486.09474675579,6716.538985074877,27029.26189889625
960.0,990.3738098818185,19696.636947355768,73542.92708409054,6831.413031915867,27034.046115256275
961.0,990.2741815773084,19632.49587206729,73520.32882338221,6998.850559285054,27040.205054613514
962.0,990.7969905147104,19568.89283385359,73501.95404747588,7127.122129178381,27064.78098332436
963.0,994.0241886484238,19476.65319288794,73598.06748148514,7193.325200494887,27106.060886651645
964.0,1000.8203560465607,19382.44167739301,73891.31112867453,7125.583134766039,27149.58387264796
965.0,1010.6422041621408,19342.76007450589,74054.24874986197,7015.820852266021,27210.552396920255
966.0,1014.9993758756189,19278.443412377237,74244.89270650751,6926.424979990914,27274.168857246514
967.0,1017.0048094383138,19248.099209834145,74220.41269865696,6935.357812583286,27334.062476250107
968.0,1018.2015168611083,20617.308975393724,74436.34102512879,6740.682806728756,27396.751307617546
969.0,1017.4952576455967,20705.99399411687,74417.12041047764,6574.766519407955,27452.162921384508
970.0,1017.5111176319267,20708.027879715475,74511.24847690733,6504.928629632263,27484.963712846868
971.0,1017.6629186435588,20648.60112393177,74621.30183014082,6563.598557954228,27494.549175871223
972.0,1018.7500805539042,20586.527298080586,74740.8903062192,6620.137453204989,27503.923670209268
973.0,1021.7701587894243,20523.497388453845,74902.45246512404,6673.489393176371,27499.84218258042
974.0,1024.995554234052,20491.440998673173,74798.52901978685,6858.648471260631,27493.037457985523
975.0,1027.4245798823868,20398.2833886079,74745.05543934145,7024.149665416122,27526.153436531535
976.0,1030.8913612653819,20304.155177555906,74732.7062755512,7170.877229364118,27556.05137360707
977.0,1034.3471185781777,20238.43671467136,74657.22727571466,7299.555067555565,27594.634458186796
978.0,1036.932841320737,20172.973661809665,74582.69262785507,7417.526991810299,27637.99637843643
979.0,1037.074149109044,20141.469206376656,74431.64299290517,7511.953200610293,27692.59641716248
980.0,1036.3226641242286,20077.414525009226,74356.34192444239,7554.146594357913,27772.848724804993
981.0,1036.719249735706,19983.30890915324,74304.41987592894,7630.4968322445675,27850.76226802097
982.0,1040.307055516179,19887.439548232822,74326.2595543287,7667.554717810659,27924.292940823867
983.0,1043.5368554154577,19791.26372947308,74356.80449588038,7642.476295145096,28026.47088991982
984.0,1043.8142257657228,19725.21283032009,74367.95009637157,7545.294554056109,28149.788929344657
985.0,1043.512612598614,19631.08588423645,74485.84463504724,7437.731903467603,28265.21976884308
986.0,1043.8383638802698,19565.412787658664,74623.93913734742,7295.042713998717,28369.996738174414
987.0,1043.148478156972,19501.032321758965,74809.47236745704,7166.914610358763,28451.15031572196
988.0,1042.6880286591238,19438.22137111374,74864.26483655986,7195.303413889424,28497.036545034236
989.0,1040.9898923845885,19376.236276219053,74833.75818564984,7191.994261762257,28499.82719075888
990.0,1040.718767643095,19401.386682364307,74643.12908637818,7329.876145004686,28498.243333028884
991.0,1043.4074578131317,19428.63685093082,74404.6657907309,7485.4528426846055,28498.658583611497
992.0,1046.776258762647,19395.590615320398,74463.72339252057,7453.474684789631,28549.507785578877
993.0,1053.2254506133552,19332.526615289073,74635.43198191836,7378.636631155729,28608.90370392337
994.0,1061.2877783100548,19268.97244967324,74892.24123864426,7221.681357716408,28685.619152767522
995.0,1067.6596329483668,19206.3080260038,75208.04726274336,7139.483599377538,28701.16467172834
996.0,1072.7303065175229,19110.468439041735,75665.10916488728,7007.573548169465,28723.286179366834
997.0,1076.5138683596638,19014.625144045945,76147.99496045835,6861.570880524113,28744.998998658008
998.0,1075.9696040876158,18921.135550419665,76651.64121343322,6680.430975753253,27268.69422896842
999.0,1074.262839030816,18829.144512065777,77065.81267081728,6576.88685703303,27292.158279086914
1000.0,1072.4714385741393,18794.7592260034,77187.1252521045,6600.7302712083365,27298.593864215323
