"tick","Money avg. 1 Producers","Money avg. 2 Internationals","Money avg. 3 Wholesalers","Money avg. 4 Retailers","Money avg. 5 Consumers"
1.0,498.9376870856426,39914.77471951861,23449.830492878405,5588.08979111328,153.29696027860047
2.0,497.8753741712852,39829.54943903722,23399.66098575681,5576.1795822265585,306.59392055720093
3.0,496.8130612569279,39744.32415855583,23349.49147863522,5564.269373339839,459.89088083580134
4.0,495.75074834257055,39659.09887807444,23299.321971513626,5552.359164453117,613.1878411144019
5.0,494.68843542821315,39573.87359759305,23249.15246439203,5540.822288899731,766.4848013930023
6.0,493.62612251385576,39488.648317111656,23198.98295727044,5529.2854133463425,919.7817616716027
7.0,492.56380959949837,39403.423036630265,23148.813450148846,5555.081871126289,1035.7453886168698
8.0,491.50149668514103,39318.197756148875,23098.64394302725,5543.544995572902,1189.0423488954702
9.0,490.43918377078364,39232.972475667484,23050.628602572324,5532.0081200195145,1342.3393091740706
10.0,489.37687085642625,39147.74719518609,23003.016208747445,5520.471244466127,1495.6362694526713
11.0,488.31455794206886,39062.5219147047,23190.403814922563,5352.267702246073,1648.9332297312715
12.0,487.2522450277115,38977.29663422331,23203.233415604467,5299.28524955408,1802.2301900098723
13.0,486.1899321133542,38895.07135374192,23155.621021779585,5286.872740125159,1955.527150288473
14.0,485.1276191989968,38812.84607326053,23108.008627954703,5346.3477172686125,2037.24885730874
15.0,484.0653062846394,39030.62079277914,22760.396234129825,5409.955086832398,2115.007129429061
16.0,483.002993370282,38948.39551229775,22705.267355938253,5429.421699220971,2237.080758303608
17.0,481.974013789258,38866.17023181636,22651.467979897905,5434.735487328425,2373.481966543668
18.0,480.94503420823395,38783.94495133497,22729.477726082623,5354.212439078127,2509.3189689208452
19.0,483.19105462720995,38696.71967085358,22812.83712263633,5270.914237282839,2645.140420760178
20.0,481.98832504618593,38613.694390372184,22998.134240502222,5102.443746315676,2798.4373810387788
21.0,480.6430010812848,38531.66910989079,23150.54271701954,5002.403057480789,2904.6153742001516
22.0,479.13245261007194,38449.6438294094,23228.174418041177,4952.556764280748,3009.685197138603
23.0,477.4705789271407,38467.618548928,23145.103686449078,4975.674628849134,3081.97300141468
24.0,475.6331843071688,38385.59326844661,23094.474805199796,5043.524471096947,3152.8212190082463
25.0,476.5247779372925,38299.16346735883,23044.43342395051,5100.5963297553,3235.185696729602
26.0,475.50396675197806,38214.562404902805,22994.984279422984,5159.647222751426,3315.9569900536285
27.0,476.09682367530115,38126.9648832152,23004.881988800058,5181.217184753592,3395.4262964993395
28.0,474.76314125903036,38041.23206339615,23015.854696486946,5166.965075123989,3510.1382627334942
29.0,479.20289286394427,37946.119647818734,23027.289122459508,5151.924315795936,3625.0603435729654
30.0,480.116899964969,37858.40629804913,23039.170771436064,5118.040058985675,3758.0536765067604
31.0,481.42288736076824,37768.85897715093,22990.91980694779,5123.5268946490805,3891.3800101485454
32.0,483.2577737937393,38110.86164284148,22508.962150378575,5109.137524860542,4044.6769704271464
33.0,485.75405814253054,38019.04062964468,22450.59532669513,5104.176655323259,4188.640597372413
34.0,488.5082747973103,37927.92485460469,22394.81537714973,5099.420172964495,4332.495439163869
35.0,492.5089340944519,38057.77647500412,22397.57020386449,4907.553194764771,4476.275707650228
36.0,496.463367620225,38223.515600785206,22361.03047061458,4712.05681662898,4620.012465458216
37.0,499.29188700964323,38128.761078609576,22505.250453022873,4566.18551021794,4763.733855385154
38.0,504.34241624956206,38028.96272937096,22583.264188136596,4555.893993204785,4817.18284234424
39.0,507.0147554816138,38132.45719486525,22618.360781167154,4433.5057328847615,4878.57824976276
40.0,512.186128450446,38030.3871647159,22851.3929497185,4318.850748851244,4929.102197392897
41.0,514.6077590061047,38130.04731090722,22759.03941823315,4256.817638144306,5010.021755857686
42.0,514.6006939423023,38033.77605237477,22775.97377813927,4315.360826156943,5027.385727083518
43.0,513.8561174942321,37937.833348875894,22795.71572286753,4377.23213514233,5040.671777586797
44.0,513.3708961563457,38042.30196271204,22618.151594594536,4440.201508488065,5051.660038032426
45.0,514.0521506049163,37943.509259213155,22638.788502739997,4499.850361636772,5065.339690421337
46.0,514.3037371217137,37844.96655571428,22720.57757228923,4510.615232538029,5088.526426898814
47.0,514.9824852525868,37745.6238522154,22804.766995097747,4511.738071576981,5120.012809100243
48.0,516.6283580820387,37644.23114871653,22949.431814487776,4442.911273646928,5181.043656921234
49.0,518.6404101687415,37542.30823618508,23067.997511801972,4324.784096878311,5309.076642768473
50.0,518.4971026076298,37442.53163218219,23193.417912850036,4176.492129181594,5462.373603047074
51.0,518.8615195353383,37443.803016803875,23282.19201097176,4028.539908558517,5571.9195113305905
52.0,519.900689470866,37344.46447173333,23340.993346997824,3965.131600263161,5681.264228174191
53.0,521.5231126006229,37344.60687534092,23303.625133215977,3899.226795397981,5790.417813149872
54.0,522.1869156686095,37460.8612043146,23088.642114300692,3875.6144211175406,5899.389822851027
55.0,520.1670973446096,37473.898412107366,22974.783554260684,3850.8977978539124,6009.719663470826
56.0,519.0318048967998,37702.676394391216,22718.12610520362,3789.6165786989955,6106.009744893717
57.0,519.2030385603584,37606.87669902084,22714.225028314366,3777.6837831582015,6194.995845747241
58.0,521.4129979420377,37507.54925887508,22714.6987186635,3790.5069307695207,6258.669691422122
59.0,524.8197717533792,37406.777747688175,22862.690513749672,3766.7230911299494,6262.928303746592
60.0,528.84433740002,37303.64651830569,23017.659374875664,3735.2060767207113,6271.733795236727
61.0,533.4977731257997,37335.4046971265,23042.251134051217,3695.3549424266457,6285.6898163238075
62.0,534.0128314928332,37234.97477391644,23183.16957937872,3709.3672510194774,6257.888918830162
63.0,534.5123291122147,37233.648678610676,23161.188127400896,3758.381299666499,6237.161796591348
64.0,534.5044856427735,37132.19501949105,23300.77265365399,3762.6844464078063,6218.756029354897
65.0,534.4934205148808,37030.966661016064,23294.441606599998,3831.756662914034,6232.845960752892
66.0,535.7664053230403,36928.03551949565,23278.062134379918,3912.2418104754834,6243.296300820572
67.0,535.9512162490141,36925.73553742403,23163.72018116923,3980.430700313645,6266.040128825179
68.0,537.8804054565036,36920.04733170509,23047.895851525675,4040.136741912345,6297.051364497963
69.0,539.2670654457215,36814.96414112651,23089.33305648502,4040.0758645083006,6348.119862257523
70.0,539.8428602499671,36710.01253104959,23073.397235367844,4057.512873833728,6419.97613755087
71.0,539.5070639148048,36706.70502854766,22959.96700907373,4041.512424238725,6524.819302754367
72.0,539.2976734069334,36602.76980230322,22941.98544589588,4039.433767061727,6618.270732651896
73.0,538.3492410125086,36604.68559110511,22939.157231078258,3952.026611644789,6718.441194710754
74.0,537.6112198428535,36502.0999654488,23102.718367082423,3803.9603943479538,6836.66475729294
75.0,536.5442512811331,36400.985805331715,23210.48149335345,3740.0840892041065,6907.821862004444
76.0,536.8290732366531,36401.365519393614,23157.927519568035,3720.2008938883655,6973.995756070354
77.0,537.6073369015498,36399.04829652893,23107.60811511209,3722.603218696712,7017.0426514417895
78.0,538.6521527332013,36397.48544752319,23053.372876870897,3740.5941131391305,7044.526959380433
79.0,540.1086962212446,36396.42990573053,22929.259547359976,3829.5191529162767,7045.016917709557
80.0,541.696074261821,36290.82621584948,22844.88504796113,3964.4559332647937,7041.142091213066
81.0,545.1554605069429,36181.53867318977,22820.877028308638,4019.9885842792537,7078.590962514671
82.0,548.8315947019207,36070.558219793646,22858.424176172182,4015.109683543541,7136.899864292086
83.0,550.3502169331988,35961.42408932837,22961.831264910892,3981.3997759407403,7181.573311500197
84.0,552.2628107647664,35851.89171649887,23074.01528397385,3917.4032943186153,7251.35184682257
85.0,554.5183132509153,35741.93751225229,23254.191055642597,3808.4736348144957,7321.281687424139
86.0,556.1609817673418,35732.988473708516,23343.71435014943,3672.5355336995244,7412.559675801776
87.0,554.3115961416145,35730.988943586985,23424.292985870576,3526.2579632956376,7516.877258550738
88.0,552.5283963697196,35732.467718395674,23503.50303783704,3429.3380545863934,7568.911304154293
89.0,550.8140048520212,35738.772048609775,23379.456812118417,3491.794377387688,7592.92131666703
90.0,549.2014699623094,35740.45683507859,23261.163964981584,3567.079022094945,7604.494923688942
91.0,550.2031278097982,35841.11045497547,23038.735460107164,3639.726349514549,7619.106262422342
92.0,551.9412481939623,35942.88877006847,22867.795811273318,3688.374859285095,7618.846407182944
93.0,555.4398268727529,35835.736042234144,22834.937781435132,3775.3537587314236,7621.724286492106
94.0,558.5638925603557,35727.832050706835,22805.57532630566,3846.5036426811585,7639.150325516133
95.0,562.5903712857157,35617.27224416205,22780.746894363896,3890.1733699599663,7682.971352758276
96.0,563.8357171422806,35509.311878089095,22819.9076539176,3853.933309624446,7766.444036941926
97.0,566.3527768584323,35398.504038377134,23042.60630563324,3680.396866698462,7866.688547475015
98.0,566.703201608509,35289.77861483839,23335.684908548566,3463.458019976412,7963.624774634634
99.0,567.102306734835,35182.318223931004,23571.47718064214,3315.56966039314,8029.113347470854
100.0,564.9972471286201,35079.9996729955,23756.961053213396,3217.761559553937,8078.293711766358
101.0,562.9464632737418,35178.71470509739,23687.171963711437,3168.507977488394,8115.731942099438
102.0,561.044340512733,35279.58616714818,23613.083295276007,3150.4036971360033,8119.883371668947
103.0,559.3155950605113,35281.65950298878,23494.790007307427,3230.639907165749,8116.570153757982
104.0,557.7289363299001,35180.37453509066,23477.97697519496,3305.629007096247,8119.061307941299
105.0,557.90376076265,35077.58956719255,23390.398005349078,3395.290001300105,8155.857557613817
106.0,558.7809096685448,34974.34755008684,23422.19589006373,3403.4264129428916,8196.885554526983
107.0,558.5210965395007,34972.152005801465,23419.699021368764,3373.134030824727,8233.801276756658
108.0,557.9686924569763,34971.07572560847,23420.386469023306,3326.1644492308865,8283.048435744533
109.0,556.2928531400205,34870.26465703005,23466.75148017548,3341.2316626644733,8306.011083927207
110.0,556.8614192322494,34765.954436477026,23517.056697774147,3321.9886775367113,8361.500309082823
111.0,555.0156157202246,34664.58350358267,23571.171659947242,3339.1073880661847,8378.654152604962
112.0,553.9945022867445,34561.89938451208,23559.997005578047,3404.9729142998667,8390.805851588275
113.0,552.1215193674592,34460.31834182953,23548.924223971197,3446.3990808655717,8427.780059514165
114.0,550.318247857546,34358.737299146975,23524.083924173636,3475.5482818467026,8487.106448011556
115.0,548.6161606210961,34257.15625646442,23503.556792590116,3776.2663984584115,8577.246341074744
116.0,547.0439774807448,34155.57521378187,23545.958432168878,3739.7728352261747,8664.021765322515
117.0,545.625496697528,34053.994171099315,23653.669795378533,3666.4898248919108,8751.368721293178
118.0,544.3203783471857,33952.41312841676,23714.4647211318,3583.644593099768,8845.715608651833
119.0,543.0152599968434,33850.832085734204,23797.982251925376,3524.8436832125717,8910.884037951
120.0,541.710141646501,33749.251043051656,23831.328453009224,3505.9645297757743,8971.465279315456
121.0,540.4050232961588,33649.6700003691,23866.531104756705,3500.0149988627313,9015.976046180313
122.0,539.0999049458164,33552.12138876382,23788.914305975413,3551.569944335019,9039.692475531532
123.0,537.7947865954741,33655.60062540503,23631.26160953678,3601.1514446977885,9066.240426227625
124.0,536.4896682451316,33763.351780112745,23468.981412139863,3644.2444219279323,9100.504402764695
125.0,535.2095498947892,33770.64465174001,23367.245458981473,3696.2241389174883,9128.084796659481
126.0,533.9883377179701,33778.0337325978,23305.238778068062,3715.9990828441205,9152.850032774733
127.0,535.3159071884173,33678.791779577776,23273.173201901605,3770.1547026050353,9175.441552664604
128.0,540.0141224870529,33573.86390052928,23243.577876718944,3834.8272671629484,9184.820491089766
129.0,543.573723628896,33469.040952254734,23255.549007805734,3862.676438948083,9196.931023640222
130.0,543.2737262828595,33368.58695409801,23270.07563201829,3867.2854922632955,9233.66881128876
131.0,542.8866400288603,33267.69197576602,23286.170417087855,3854.8269426895395,9288.670890637442
132.0,540.9851510078963,33168.421651197335,23254.872691404376,3857.4052481458275,9373.830029902145
133.0,540.8487477847433,33066.110218393,23223.935359159914,3849.598604507825,9471.290767923896
134.0,538.5898463618468,32966.353316506604,23232.533599560713,3809.568574823919,9567.76512221558
135.0,536.3296021817562,32866.59641462021,23201.86597720303,3808.969005458613,9658.110327389873
136.0,534.1564704438433,32766.839512733815,23172.210796982643,3842.7589196727063,9708.259261049447
137.0,532.1205391435642,32668.082610847425,23143.460449277,3885.7435351421427,9747.21736594939
138.0,530.2694590144621,32570.34091261369,23115.300885847515,3921.4958809735404,9794.518960909081
139.0,528.644142631294,32573.63488588651,22980.69770601139,4625.851951130462,9883.112096572828
140.0,523.3405884025135,32578.449224425516,22883.903217863583,4631.3629663930715,9976.885864561458
141.0,522.0563742200878,32585.310348353294,22903.632246848538,4530.305336002827,10059.488713075962
142.0,520.8052974327793,32488.60432162611,22996.78493081251,4398.291788908457,10167.597156896392
143.0,521.0225995078434,32390.39829489893,23134.63535208409,4233.264678945986,10264.747987804936
144.0,523.1610599407029,32289.51821117469,23278.006978194655,4089.0150205321142,10336.762686074959
145.0,525.9644718997714,32286.543023617447,23354.97550295086,3937.7649577422676,10416.349309499143
146.0,528.3313455536221,32286.619945608956,23474.42115563948,3791.3498237522267,10445.461034464863
147.0,529.3612495606576,32187.389986087932,23626.78791607806,3683.776475005796,10468.82208390502
148.0,528.9060636256003,32190.98462495021,23674.52435624507,3609.389707868198,10497.43690322736
149.0,528.0956434795871,32296.438438683836,23618.185230867537,3601.938862348941,10494.006151914513
150.0,528.1989351428119,32302.777935940223,23629.46433535355,3624.689073897723,10456.058105304257
151.0,526.5836915748129,32209.112483672492,23658.70736688359,3694.6293494802576,10421.131054256539
152.0,527.3540298823805,32211.218593774618,23677.28615958876,3715.5777196524145,10380.091037148912
153.0,529.1727340175509,32211.640441342504,23693.86420399575,3686.0331272252974,10389.101774382128
154.0,532.7871154531539,32107.74798959965,23679.501628302805,3756.3504050859833,10393.618226702542
155.0,534.7666026594238,32005.82473268831,23664.838825790794,3817.8633455784616,10407.612637745297
156.0,535.9867159033136,32003.680345095287,23529.95774262515,3885.366338691313,10469.409918893994
157.0,536.7868833996736,32001.904307267443,23432.28499279284,3885.6959188767455,10559.426595946556
158.0,535.9297208167104,31901.684971477425,23400.573990000477,3869.8023750166653,10664.337983338019
159.0,536.3358037664383,31901.607932547635,23261.56991831859,3866.4330353293303,10796.369979305706
160.0,537.1226983383157,31797.632486789065,23228.59095054032,3802.8262879747886,10949.666939584306
161.0,539.2225569543062,31795.363894727587,23165.444935556086,3709.8925601297797,11093.630566529571
162.0,540.4489790619153,31687.766223225422,23173.79071378658,3906.930038307374,11227.505195771057
163.0,542.8634317503835,31576.69824888336,23182.720602256377,3899.6992753062927,11283.500205096301
164.0,545.0393108147028,31464.30252019292,23192.66146523625,3915.814065335494,11312.825194591589
165.0,546.5655630890283,31351.30191727286,23204.23560657679,3956.0523109807664,11313.658258468182
166.0,545.8809926944372,31240.765182840107,23215.341633880977,4015.0666194690257,11294.324689990659
167.0,542.5054612116778,31134.353073148846,23186.1840031949,4119.673589793009,11263.304380814772
168.0,539.4121427557358,31027.940963457586,23155.98077131164,4227.379815694239,11230.85184303333
169.0,536.7068647370817,30921.528853766322,23126.177708816533,4332.257153935015,11202.385738809833
170.0,534.4847677134453,30816.116744075065,23098.068017319332,4386.406302687118,11233.185567310335
171.0,532.7562523939232,30710.7046343838,23071.051897981575,4434.371002821701,11271.209398847268
172.0,531.286057992111,30705.29252469254,23119.025788144125,4408.651132217023,11317.69809394749
173.0,529.8233057963766,30600.88041500128,23123.27537791379,4392.135341082021,11389.639340622778
174.0,528.3605536006422,30497.51022669929,23129.98019196845,4343.443471420827,11496.997322197416
175.0,526.8978014049078,30496.212215127653,23111.483865841314,4262.337831457324,11604.77433641619
176.0,525.4350492091734,30500.12507114488,23125.71147525981,4124.242108062721,11736.083163972215
177.0,523.9794398705817,30607.06346126909,22978.72815668672,4102.9381805513385,11848.3985538409
178.0,522.5544797029147,30609.65704448165,22890.448875400478,4125.877424011706,11908.099653470275
179.0,521.8863282413749,30510.13618452986,22859.267617409045,4186.825841663458,11924.093095684333
180.0,523.6002079767239,30507.33022530788,22772.20834086018,4250.092310147808,11937.456196438325
181.0,526.5383890662971,30503.487893820355,22677.734787929334,4326.031746175513,11943.093706952977
182.0,528.3887907369684,30502.409742155687,22615.80448277346,4352.0903549931545,11966.949269478373
183.0,530.7988171470596,30503.37866061829,22553.32785239748,4321.96700042466,12054.130557391369
184.0,532.1116813095065,30400.556421850622,22547.622890798048,4322.514971736389,12108.639201407908
185.0,534.6278125882545,30395.943091288438,22521.79533876053,4274.598991750952,12178.36031871168
186.0,538.904278465339,30389.892722668366,22498.359269087126,4206.132480194637,12266.89787901251
187.0,541.685041232757,30387.453651258093,22510.10519479067,4139.931311490466,12308.856104648094
188.0,543.8800287959835,30279.214352783853,22593.200249104317,4058.2678581122736,12354.321667902306
189.0,547.1793518684656,30167.908965943097,22640.24548051116,4010.4401283318657,12403.379144345283
190.0,548.1599060980424,30059.107266041516,22683.567395392667,3971.7006552795715,12447.212794619825
191.0,547.1773045501147,29952.816559515246,22757.16333266051,3939.7709873245367,12449.131762225223
192.0,546.5571872235777,29845.571402665002,22802.819445723348,3923.0475474128325,12466.72060991615
193.0,539.0952101762152,29741.09410544787,22886.30068192841,3864.5316682421744,12489.846487215087
194.0,539.3780434025218,29633.4038914502,22932.08014288649,3870.8529054106643,12481.55448294966
195.0,538.168758439298,29628.98738206994,22890.23402070339,3910.523798928004,12470.122014059962
196.0,536.9916483518158,29627.9747992677,22848.03734650297,3936.7426781638724,12471.767469352246
197.0,535.9412848297533,29631.3751674072,22760.39343013969,3997.708321638414,12481.593206165702
198.0,535.028177209877,29637.010197360432,22669.35852567736,4050.517359323224,12501.342192965712
199.0,534.2828987354169,29644.754016523555,22533.217702926173,4147.408621673761,12519.14837739672
200.0,532.5914495022362,29542.546022319977,22459.719596873758,4208.698205830498,12579.427034277505
201.0,531.6676047774288,29439.088028116406,22420.495842329863,4237.943258724724,12638.850157424276
202.0,533.5227741920539,29330.042060941065,22416.735763924615,4232.18764245626,12698.42899533495
203.0,534.9549777400215,29220.838675654646,22414.908467422818,4223.4166355773,12759.14130964127
204.0,536.6655518906069,29110.1269821261,22377.03173435486,4237.758926731104,12835.34931300105
205.0,535.2056257034801,29004.72769487238,22340.262293553238,4222.687270835715,12945.758463408612
206.0,533.7054422917021,28899.32840761866,22337.692938096356,4189.25572742678,13039.324740380573
207.0,532.1587745396664,28793.929120364937,22337.45669058268,4174.170464608004,13108.883599065779
208.0,530.6016467065621,28688.529833111214,22514.505550857495,4128.096218329844,13173.126460207253
209.0,529.0510302700596,28583.130545857493,22483.925936803345,4122.104578726088,13266.744661753233
210.0,527.5253723509591,28477.73125860377,22514.658263215286,4066.949848438244,13338.292059516094
211.0,526.0427207180732,28372.331971350046,22576.985886266437,4206.135402804074,13374.386063058571
212.0,524.6198951819451,28267.93268409632,22731.84422229069,4163.013202302249,13401.175999087509
213.0,523.27162663672,28165.54114200957,22781.501613344266,4094.62102789586,13458.005916238017
214.0,521.9784855888435,28164.165285280924,22788.68776253221,4010.85286911115,13532.764381820401
215.0,520.7400276207698,28265.605898850623,22752.30609670604,3937.56112082938,13589.830114075385
216.0,519.5220229496796,28268.871925368127,22756.329626674284,3866.0655890852513,13646.35014298089
217.0,518.3312754844846,28375.764776205804,22686.473698566653,3823.197491730432,13705.933791795564
218.0,518.4194790549789,28379.10165033158,22661.696464128698,3783.2956706121677,13759.660954044262
219.0,520.0104666684789,28375.94769985935,22640.626884901216,3777.537259492851,13764.026216632052
220.0,521.7555633572686,28271.582752839728,22721.681325702823,3717.681952687873,13753.317942671381
221.0,523.2503676650464,28167.668889123026,22750.66253403798,3733.6097213069365,13719.7108691704
222.0,524.768600375349,28063.752201314135,22777.318528077383,3757.0693749718357,13680.862661473067
223.0,525.1361298315853,28062.07402690039,23289.395729593085,3811.371274772173,13637.339215330976
224.0,525.7153496174109,28064.177108864544,23275.690993996257,3831.337134346755,13599.75417137801
225.0,523.9924483852477,28073.824110322785,23224.11774797372,3865.73130420336,13589.229934419545
226.0,522.2610377415144,27975.445188342008,23224.841274390747,3897.9591600073027,13582.875007426559
227.0,521.1552185720484,27875.816266361235,23945.578886862277,3900.6172149743757,13614.511109769974
228.0,522.6660216406857,27870.73309735077,23856.681857027088,3931.58529832938,13655.954766373708
229.0,523.006451164226,27766.907632139482,23824.75209557965,3939.1256697466815,13727.186989612357
230.0,524.6639225461992,27659.701469066815,23790.58976771074,3901.023536522841,13862.30351138733
231.0,524.8285077190095,27554.267156602822,23792.29653967244,3818.3475806047927,14015.600471665932
232.0,526.754940058082,27444.477283623528,23797.806908540922,3739.6261201972684,14159.564098611198
233.0,526.5762740245123,27337.43074651681,23806.923123640376,3665.698303024523,14293.683769771053
234.0,525.6803253460826,27231.131697886736,23814.568608564765,3615.4342105901587,14398.779217001007
235.0,523.5919744928598,27126.85982547235,23822.453167479827,3596.832829550123,14462.125562875613
236.0,522.2562179601396,27021.169563100106,23791.162865555776,3654.5751216740223,14470.05449471252
237.0,520.2944103416343,26916.670748292465,23726.309342363955,3765.8483640350537,14447.429342648335
238.0,518.4550906477175,26812.17193348482,23661.79756012047,3872.438911833162,14432.133956543634
239.0,516.8138972462943,26707.673118677172,23631.540410032507,3954.6998184634103,14411.13316528853
240.0,515.2471360254973,26603.17430386953,23602.923393301186,3987.2547516815625,14455.812804674897
241.0,513.7455521442972,26498.67548906189,23609.845745440973,3985.10462366835,14506.935769041838
242.0,512.3268773687151,26395.176674254246,23653.281673473248,3918.1446606803843,14602.675056188287
243.0,511.00570153823946,26292.69034007632,23704.335035997952,3812.3390071483573,14707.745849926881
244.0,509.746107439127,26291.204005898388,23692.393174370234,3732.7051746527,14812.677431978873
245.0,508.48651334001454,26292.006909162606,23712.5889178079,3618.3865843030967,14918.921508073718
246.0,507.2394192409022,26292.561749455406,23705.02916761937,3571.504397605433,14971.517015327325
247.0,506.00888745983,26298.269598940507,23691.172656187693,3538.348912783166,15010.379485556505
248.0,506.0737374078885,26298.424274770954,23710.230417580606,3475.0580715061747,15047.355518921615
249.0,506.5993418726637,26302.02464930098,23693.79667679299,3469.334875270263,15051.286145744123
250.0,510.04049733611396,26302.202277371995,23676.698966193348,3473.792199986353,15039.244390830872
251.0,514.408327362337,26302.86719091265,23627.3712102164,3522.0415805248863,15007.669823162347
252.0,516.8256703522072,26195.400984849,23596.029867887082,3598.5311592337166,14986.655391075641
253.0,521.3999297545575,28028.932395951717,23565.729105933755,4185.533589077112,14981.830377097427
254.0,521.4079038389347,27924.703793674515,23535.34649747606,4260.512334843811,14982.057415088846
255.0,519.6793642779287,27823.84444476507,23471.984776455723,4340.4638834795505,15021.378940817063
256.0,517.7718995034681,27722.985095855624,23409.53965845812,4378.903116321621,15109.131501637894
257.0,515.7679757264683,27622.125746946174,23436.16771327296,4285.115534558,15233.742012832028
258.0,515.2777052687977,27516.965756287264,23467.309363914534,4162.149864483649,15387.03897311063
259.0,513.1247858081458,27415.4183046979,23502.262235250644,4042.8893321368073,15531.002600055896
260.0,511.06487470293666,27315.204186441875,23540.83841764956,3976.873720835106,15608.39131836953
261.0,509.13939257162065,27216.34731798793,23547.00941701303,3938.747757592883,15696.208647515079
262.0,507.34746585398665,27250.82378286732,23498.879940292256,3941.4547444488426,15742.847426405766
263.0,505.7241216602312,27287.691894621763,23387.261149767768,4035.7931838487684,15764.765253071402
264.0,504.30124844663595,27190.168359501153,23325.044131336304,4169.942610527873,15741.533598207585
265.0,503.0169493427325,27092.644824380543,23263.414612904846,4295.623332648757,15729.311502537554
266.0,503.06384935321415,27125.121289259932,23152.68818409623,4391.473010981452,15752.941433191096
267.0,503.6109847698987,27022.392019988176,23150.175233705104,4414.94037464858,15793.298005882742
268.0,504.342566688838,26919.60675882851,23179.877001822177,4384.359812532149,15841.680775759436
269.0,503.01806064463574,26823.984496587676,23213.466483461223,4349.665200252476,15889.538706827876
270.0,501.62443507832955,26863.06549055117,23170.647242319286,4312.231672081048,15976.190190254198
271.0,500.15919363559124,27038.725122775035,23107.588365393378,4233.500165394438,16061.389228614837
272.0,498.6296051281522,27082.798403838267,23125.28904790276,4109.319726534407,16147.419755345014
273.0,497.08727290598387,26992.60347656359,23126.57884209237,4076.2976165044274,16230.544423004263
274.0,496.2005938480787,30276.56145096867,23080.90639844508,4103.047463530629,16250.57195602955
275.0,496.6112702191219,30389.237415627904,22984.647740581273,4112.531723089756,16284.830656272316
276.0,496.7068395777886,30398.159470851355,22932.36048652447,4115.386021103868,16333.539718543494
277.0,497.76401150919764,30304.234728473784,23594.849645024777,4147.5779484801515,16351.186658017761
278.0,499.7914178266833,30207.57473736735,23596.486770980402,4202.257400444764,16351.284482250321
279.0,506.7816668117635,30099.689703595606,23602.140738694867,4235.143266937427,16370.516604337325
280.0,509.44339752594965,29997.306517190318,23611.822905071847,4184.480581636862,16470.700063350618
281.0,508.2525142399154,29900.75610279367,23759.825208030503,3989.0775791966685,16556.29583554149
282.0,506.1696097690883,29805.516573568406,23916.49977401998,3785.5244418370885,16639.746993717916
283.0,503.96529384712557,29713.277044343136,24080.652240611733,3562.437495424382,16733.37219875295
284.0,504.7020258311859,29618.992257152615,24173.127765402725,3473.4617496116316,16775.47816597901
285.0,502.35457469282187,29831.88169550187,24061.947081931023,3423.3095086037692,14435.454110669136
286.0,500.15655174001745,30149.921221744633,23828.245466885386,3471.7659387539193,14464.759536075879
287.0,498.08846885135085,30268.105471159768,23640.428192883457,3593.760494731784,14493.227010209474
288.0,496.8475203987176,30179.744909509023,25683.797033059036,3731.834014995025,14509.432466806098
289.0,499.2767315670583,30084.259792332476,25613.186220430674,3876.0253152546807,14521.836548823103
290.0,505.27068367722063,29980.522299257213,25542.575407802316,4034.7977148370446,14523.222151609676
291.0,507.18295044315624,29882.493580773982,25472.35626184063,4185.871626942397,14532.359254857809
292.0,508.6191778074993,29784.06478961961,25402.92520577849,4342.3354735036055,14537.779452362223
293.0,509.4964020358369,29685.345695941636,25373.46104986069,4421.638072806433,14575.880549214618
294.0,507.3585954106202,29591.296452481078,25385.636995063433,4431.693151491601,14638.957529491754
295.0,508.2458431041806,29490.63545360912,25401.354886357487,4347.833960908018,14780.926718962408
296.0,506.3856811495582,29394.145455046266,25538.459219495708,4130.546583412855,14934.307506798425
297.0,504.7690656351685,29297.01829458344,25405.462178302383,3893.483748759344,15063.68829463444
298.0,503.4813757548927,29200.114648352497,25526.984161991873,3721.019100730969,15166.219116945997
299.0,502.4023780468849,29103.715901864674,25618.650993548912,3587.7570635469324,15264.616399571443
300.0,501.4996549814925,29108.991024129587,25617.47905267168,3490.3945520951847,15367.522520988116
301.0,499.54284311352166,29123.688810774634,25573.019576044084,3526.239694416668,15395.176945603427
302.0,497.79856221180097,29245.52845759414,25391.724940993627,3663.634274120364,15411.661073383151
303.0,496.1605411458692,29374.490477523395,25203.51045960279,3831.854137205079,15403.009553211064
304.0,494.65885702685847,29508.642882981178,25043.286956354605,3926.9948847267947,15424.54886305004
305.0,493.3404903373828,29420.413732509398,25041.518343163774,3979.5259354460864,15449.327299122195
306.0,497.79628348777663,29321.93458203762,25075.975821493594,3972.3676123561804,15490.40641982382
307.0,505.1138933943553,29215.73794065284,25114.113034266677,3967.0346956496055,15526.91754155173
308.0,507.4369367554305,29216.3334120814,25062.897991102436,4031.399008986533,15536.317830674434
309.0,505.70413190345755,29123.336890334966,25071.694430323754,4057.620039389146,15575.292322894446
310.0,503.71601124992014,29030.340368588535,25084.147233862524,4051.2088388749853,15639.385866492088
311.0,502.8047780649864,28934.843846842105,25167.423665476763,3953.6194270524197,15711.91231847886
312.0,502.15087968868994,28839.162609287443,25169.988157088537,3978.1012342356835,15761.274927171047
313.0,501.93505123156353,28742.22196105445,26367.489770485918,3960.63575964641,15812.007306270492
314.0,502.187899881013,28743.945782545805,26357.86815303276,3996.9893875619796,15815.367776996063
315.0,502.93936239339246,28645.262483623686,26457.072975969888,3935.7177869465904,15866.10523544994
316.0,504.1692534794275,28546.123789733494,26640.96637790868,3682.4375843697744,15913.179608300057
317.0,505.1464082377329,28547.919341843874,28404.541623389425,3567.1796350437057,15957.048822788785
318.0,503.6985665526632,28555.935770111,28456.394764844983,3528.7528450205327,14016.47644471209
319.0,502.2774962038624,28569.179841379562,28413.445948020308,3623.7776312958626,14043.692943364695
320.0,500.8649962440943,28476.301888255053,28458.512709205006,3698.025065332352,14082.093237506862
321.0,503.929008946914,28474.49157245748,28475.29586801742,3738.0813573518426,14110.99988290977
322.0,508.18918702144106,28368.815988010356,28574.402308745808,3789.0706739324805,14131.160947260056
323.0,512.8577517678276,28260.325886430077,28676.972176750973,4101.3203183445285,14174.047819461424
324.0,515.4938679129947,28154.586767025943,28782.035850431075,4096.383128749652,14225.687697066083
325.0,516.4800080425275,28051.35495882638,28888.69880844928,4070.0124858664985,14292.310660075369
326.0,515.4379436625934,28051.88119454386,28852.458486624884,4073.9204281933353,14375.140620700024
327.0,514.354936487392,28054.55949748822,28755.76872218944,4125.504655496531,14457.586057924249
328.0,514.7480186884819,28057.46911715763,28655.367091727123,4136.929878390875,14570.1023859035
329.0,514.4583891273064,28063.361688111072,28551.76390597633,4131.480382141943,14695.126168456098
330.0,514.207853418086,28062.307871231795,28452.599912931928,4148.507488728461,14803.297779526054
331.0,512.426994575351,27964.230513708306,28479.795358216033,4114.338445265638,14920.438771567022
332.0,512.0573216448047,27964.33494563023,28424.75462872222,4105.243314197894,15021.274767752133
333.0,512.4379807363259,27965.135209840635,28368.367406012414,4089.728121850302,15127.117114290937
334.0,513.5182852481844,27968.52481728986,28309.298732152034,4167.184654758426,15163.036380832056
335.0,514.1974280401184,27975.82637775274,28248.797980366602,4291.52831350914,15162.231919291993
336.0,515.0206655441621,28085.848955636648,28052.426417790684,4411.70157777606,15197.518019497702
337.0,515.2314960654555,28087.93040323604,27941.846319222717,4489.552870126421,15263.93460369759
338.0,515.9853300593866,28092.09297940912,27925.305520078087,4468.182634784313,15345.029224205373
339.0,517.7439867647304,27990.023904625337,28136.937188318952,4328.13183352331,15424.949514783882
340.0,520.567543507519,27985.88250811921,28282.051492354345,4170.684174506499,15510.556971568214
341.0,524.0504832141039,27982.700196357826,28434.935206595226,4060.3863945718954,15553.979159679518
342.0,525.6847459084256,27985.32333956379,28594.914736566338,3985.374964679956,15565.17696143528
343.0,528.3853385816564,27980.13206421285,28703.58330103006,3940.9034927829457,15587.370632705239
344.0,531.1660174978762,27974.17481699711,28912.09639317684,3849.658933185905,15581.949947720512
345.0,533.5310850943575,27969.36874162588,28963.80610464958,3892.1002251395153,15572.416814102431
346.0,532.6097494041868,27971.48359820406,29019.61611882866,3946.797000296694,15550.2550878955
347.0,531.8922865499128,27973.553910462597,29030.18947798881,4024.0005235933813,15538.891769814341
348.0,530.2530987077333,27980.268727784107,31717.704392721957,4076.950814632056,15546.190273461536
349.0,531.914994086129,27874.69064656478,31908.05685938554,4083.8393575140067,15555.207780100838
350.0,531.7772452310829,27772.1973456725,32020.58055904507,4096.69745245279,15598.627913401231
351.0,533.5191884149488,27775.435266107845,31956.130265294774,4157.637455591571,15640.236196495462
352.0,533.7629701755029,27770.178479586466,31891.853475889606,4985.829253840535,15767.651720302798
353.0,533.8536195237066,27663.81464397125,32050.034635355165,4825.633877577174,15903.032849396372
354.0,536.6349952189618,27552.234070041428,32212.136905975698,4639.8772071891235,16052.023836678029
355.0,538.627109377102,27442.521547950062,32377.887756357373,4476.433585173402,16184.853376166157
356.0,539.6515684814494,27434.35774563427,32326.73937499777,4421.365870390666,16308.205985785458
357.0,538.3368620801766,27535.401947664617,32165.00779958965,4385.303366745025,16422.516240703873
358.0,535.932846493261,27542.626221211,32037.247413295405,4460.762812183286,16496.546394033332
359.0,533.7928993635098,27551.672481473517,31963.275398590617,4559.176606157579,16527.903886154432
360.0,532.5625073925646,27562.199629116352,31759.87049209397,4801.141766395982,16532.85536251272
361.0,532.4823150264505,27460.854727658905,31664.74967382315,5016.722647509543,16555.606128754032
362.0,535.3473552045434,27453.396187198894,31530.74995927432,5197.093781112841,16571.686706870532
363.0,538.4593815962403,27444.882566848504,31395.983493995347,5387.0892691533745,16608.679952657072
364.0,541.526763510533,27334.357109951437,31540.805344793844,5307.869907791639,16706.712773316616
365.0,542.6460473673709,27226.052559736352,31756.674629288744,5178.6362255853,16808.212778355115
366.0,542.2631090207608,27120.60606136683,32108.370335696745,4941.197120657622,16924.459514457183
367.0,541.1624976279143,27017.02946283733,30725.70039898105,4721.39929369028,16992.02444841172
368.0,539.3538067479797,29612.52006584452,31033.354862759283,4463.919056374166,17050.65134718088
369.0,537.5762646067935,29600.310420245994,31230.916056965634,4317.768423402245,17090.770604276753
370.0,535.8515931006292,29594.601454539206,31228.058899050095,4360.855742926194,17111.149299529123
371.0,534.207545685374,29675.14801409112,31304.06359820598,4290.519368710681,17114.164290332978
372.0,532.6827951574719,29842.08671217284,31250.300433929315,4270.492302000962,17103.83376166232
373.0,531.341703057929,29831.61956548885,30012.62159608739,4271.543168041678,17110.583922626975
374.0,531.4024108560542,29738.467519038626,30077.076538195535,4344.379130661167,17099.632796433
375.0,535.7123887201511,29719.0997165031,30032.724053788977,4457.1562922462745,17091.08289462733
376.0,541.6038089402052,29698.04566658494,30022.494899340487,4495.922237213164,17110.33904520141
377.0,544.8260225451801,29681.603823872436,29971.31355399638,4544.8199444629345,17149.769804700496
378.0,545.4373496251168,29670.160953033144,29858.16512544944,4596.801217516184,17230.581303084797
379.0,546.7302847244741,29570.661801743387,29854.59231878511,4580.105136220327,17334.068742482195
380.0,545.4542907995143,29474.134886687978,29812.962868882005,4613.294799158133,17428.967523871153
381.0,543.3525678987095,29378.50406614325,29811.953985613796,4629.290760247614,17507.579787531184
382.0,541.870755911554,29282.523113353996,29773.23220355333,4655.922268396358,17607.480088461783
383.0,540.2647612247258,29186.474211141795,29812.41154595766,4616.88542485326,17699.51602298157
384.0,538.8728053772353,29169.932764624973,29786.72313283758,4581.957876824403,17787.699434603834
385.0,536.7190650971036,29074.534688418724,29789.033319347414,4619.086641385962,17849.779066693078
386.0,535.4824551630938,28977.884099329916,29752.178693118967,4731.085987569938,17886.14219727738
387.0,534.2441583448701,28882.085621062455,29716.454832266438,4821.02683305834,17938.77129574696
388.0,534.3196656348421,28785.78965304447,29722.377740714757,4873.723705237879,17989.116424735468
389.0,534.2168181555551,28770.22593044854,29666.947858609205,4813.234563397532,18122.236053046403
390.0,534.3189242522465,28836.591780963186,28749.526239924107,4674.600247639158,18253.97176538992
391.0,534.7823557915539,28824.902660658314,28868.663255814878,4473.502534552775,18338.42452773402
392.0,534.9749135420996,28816.33737695738,28994.35648512979,4274.394500430925,18412.779086668143
393.0,534.1729566726282,28893.783931257836,29068.55722384803,4130.432982457058,18437.749001226333
394.0,536.4336595755469,28879.391141662352,29104.281825055055,4121.592771073088,18447.64975397848
395.0,540.7151045994676,28953.12705018896,29079.699823201616,4149.353961900127,18425.196819992736
396.0,544.047839334698,28939.501500817525,29151.75078903197,4154.780824715579,18386.948020326956
397.0,547.3503343396999,28926.515070037007,29095.515472494455,4307.493694827905,18347.832810704444
398.0,549.319452347564,28826.216895900157,29066.703798663344,4497.186322417556,18311.318735685614
399.0,551.3529129167537,28724.50172210593,29037.860142953043,4680.830392033299,18280.353292275588
400.0,550.2256349588104,28626.40357769805,28992.22516703526,4835.223864812523,18286.638422727843
401.0,547.5864520230226,28530.184659840637,28947.553014938654,4936.632809523457,18332.497039057143
402.0,547.1155310004103,28430.494303255793,28903.63951822568,4989.594884983455,18414.89887803647
403.0,544.5144088353275,30278.09996266833,28896.319144791836,4944.62043861115,18539.912854139613
404.0,543.8695267830983,30180.985834497522,28925.74938910672,4842.782959245845,18676.10189493338
405.0,541.6175354421712,34074.38180251127,29027.21512028224,4615.177149011268,18844.0066837203
406.0,539.431447642118,33979.91492600694,29097.9905480459,4440.941702258611,18997.911472507218
407.0,537.3772532410808,33887.06967196265,29138.37939149467,4360.874239258137,19107.853155297707
408.0,535.5002562468312,33875.89654095101,29048.62404037578,4391.296673053604,19199.43436526076
409.0,533.8037210523529,33948.57553860358,28898.316081608187,4500.470887652593,19233.092996680934
410.0,532.2649619756252,34027.21699599515,28734.987678329526,4641.037147487237,19249.375866884056
411.0,530.9007300729593,34107.63441601394,28533.982257882577,4805.161980346847,19278.031554636425
412.0,529.6417820666405,34111.10381820002,28386.333765826654,4960.717804983405,19313.783114085185
413.0,532.1945723234298,34017.33297232787,28370.840627478792,4998.327226734454,19380.013171075352
414.0,538.7535545954281,33996.96218379305,28370.07622650308,4908.807185131575,19481.006406952496
415.0,543.5625935872346,33897.162824997606,28465.73133474753,4787.150339438469,19572.041658011265
416.0,544.610240105805,33881.40537631266,28549.158488337605,4659.573470543329,19630.136901745216
417.0,542.7187004662259,33789.22272608672,28698.334164648288,4537.8095872590175,19675.708592524465
418.0,540.5710936338025,33697.84007586079,28888.803351560295,4394.815675414351,19701.23844785076
419.0,538.8556816190352,33606.28301952409,29015.062374175002,4322.17578448091,19729.822788676087
420.0,538.7285967087757,33592.694427265866,29049.488855056963,4266.841576591657,19775.724217727795
421.0,537.6083091520895,33583.46823958384,29027.921652711055,4301.954450960578,19800.30040713345
422.0,536.8669825087369,33576.51120577261,28994.85224263382,4321.15826237371,19844.762408268896
423.0,536.9600185512417,33570.09606901082,28962.81217414437,4356.570700722014,19874.704378308674
424.0,536.55308845073,33475.735242734685,29028.63839189153,4348.789650648098,19906.020337059275
425.0,536.4955144246217,33380.42502802366,29097.952016231837,4340.987479782061,19935.460394470967
426.0,539.1198031162912,33280.34225696672,29137.50228650403,4350.549428198162,19978.48699239332
427.0,542.7520717275204,33177.39258986622,29180.892362362487,4405.834162780178,19984.781016870344
428.0,545.9127212134662,33073.566227697505,29183.335342742826,4482.977377585169,20011.442583816966
429.0,547.7267992736533,32970.32985953302,29187.939543992627,4561.346406290486,20036.242302006453
430.0,547.3598533087214,32869.363068735984,29194.383213430854,4642.351307111536,20058.10862618577
431.0,547.449098376747,32767.077500782416,28449.5531843685,4771.612760686811,20082.926056721004
432.0,546.15541254792,32666.360952772586,28381.202328129915,4942.649884420189,20106.018818277156
433.0,544.9733274603155,32565.324404762752,28343.107721891334,5014.611094930801,20174.55503259109
434.0,543.9254655852428,32463.96785675291,28306.41624590747,5030.982477232565,20284.251457427974
435.0,543.5571186056342,32362.091308743078,28329.249119936325,4959.9166710552345,20401.004462144258
436.0,541.3735353052193,32263.5407557552,28357.591645625213,4854.013634736042,20539.157495593903
437.0,539.3349357131224,32244.990202767316,28370.09924299866,4677.903344462643,20696.589719621374
438.0,537.482417980801,32227.83915197466,28385.7216567526,4554.440037027499,20810.263219155924
439.0,535.8011461822153,32130.92296286725,28455.34217991428,4457.373658865115,20900.00334402241
440.0,534.2352104297333,32114.806773759843,28478.48587021313,4391.521570809857,20963.289454026883
441.0,532.7803956181612,32102.936302079725,28498.51728713048,4369.060768034678,20993.75984571769
442.0,531.3777750642882,32089.25832296916,28445.874356687833,4469.01678727736,21006.632119009406
443.0,530.0237984889218,32078.16714229502,28359.874584157908,4612.885707483782,21019.628033648245
444.0,532.4577208421467,32143.885741558894,28252.098818404902,4770.524673016339,20993.443302518637
445.0,536.027160801937,32210.22087357271,28142.101081110173,4918.22200062472,20974.06104920557
446.0,538.5260965200528,32197.10950369191,28082.24786697538,5053.2695821369525,20962.430748305705
447.0,542.1067615974247,32181.950338682836,28023.945771963958,5176.475606634454,20957.287539416993
448.0,544.9673826693311,32080.435996270833,28050.521695516472,5194.911890419433,20999.348273278734
449.0,548.3007286682689,31976.900440902806,28105.91441908238,5099.4741448859195,21099.303300044416
450.0,550.6486954601479,31873.46173924856,28188.63803136657,4949.641796217138,21214.111323328587
451.0,552.8428259900759,31769.120145674897,28307.779703552562,4764.994746805101,21319.47541282345
452.0,554.1576609610198,31665.00870502651,28435.38526531051,4614.021047535954,21391.345476253293
453.0,553.9734840696219,31563.987363997832,28570.781929193578,4415.169598155078,21491.71526313622
454.0,552.950797067652,31465.414169313382,28678.84703861698,4273.905650865839,21575.813370354714
455.0,551.6148738492832,31527.955910252233,28691.355893389165,4171.372018477177,21626.481714021924
456.0,549.7374785769193,31597.28861897761,28587.375225861328,4263.91813817116,21641.83646937035
457.0,548.0183493555639,31590.943026984794,28496.58242471021,4450.359863488328,21620.822789886435
458.0,546.4737331924598,31668.99242457988,28353.36281871039,4634.799536432789,21601.64897105161
459.0,547.5507449786761,31827.148764672795,28156.05306589438,4809.769639485389,21589.3975780901
460.0,549.9245972624108,31824.778712702115,28049.74906714999,4977.922732442205,21586.39293806543
461.0,552.1328788661472,31726.114923253364,28003.259304117666,5114.5688169969035,21606.568688480358
462.0,554.5238374340207,31626.189968415198,27956.47098566847,5213.338256035197,21656.653072837
463.0,555.9295163150975,31526.58979064714,27939.97334891211,5262.948333968921,21714.150254760883
464.0,555.1226339304397,31429.40684252756,27956.800724915658,5210.635891224607,21815.89977216687
465.0,553.8694110505756,31332.345013157494,27976.238062288638,5103.4820299891735,21956.976887072775
466.0,552.4590361050674,31235.19510726827,28059.041843433974,4916.671057791554,22094.972040983695
467.0,552.7399552146906,31134.98290253857,28147.204385282206,4723.2490981416495,22232.39583580302
468.0,551.2752924132935,31036.725230176173,28208.13333102397,4615.404228481783,22366.880627862418
469.0,548.9676788797123,30939.623944663137,28234.57887175894,5737.775187380227,22477.868800292956
470.0,546.7807439452474,30842.5226591501,28262.298256798407,5704.6608942848725,22555.882001772738
471.0,544.7697674149485,30746.221373637065,28224.85653660349,5915.419307392727,22577.929521503826
472.0,542.986392296124,30650.729593119697,29571.47899568463,6226.52160753287,22581.463443553952
473.0,541.4486497888622,30635.23781260233,29478.35951292629,6485.286293658115,22583.011457418495
474.0,540.104321471237,30620.696531652025,29385.699774774526,6641.139682931291,22635.72521186226
475.0,538.8493739646955,30525.20475113466,29419.028482825142,6690.3733912712305,22681.60151995234
476.0,537.6416494960364,30429.712970617293,29491.017192363543,6687.332411272527,22720.61279393972
477.0,540.2359147440784,30329.021190099924,29499.72697924695,6675.139633804567,22820.215266201416
478.0,543.8311197438138,30226.63747283914,29579.597774081874,6532.135410780922,22924.343019218588
479.0,547.8678443567903,30203.082177197593,29643.11876581623,6291.2341129039305,23042.27490334724
480.0,550.2444924523445,30183.89972163323,29725.076811228424,6018.34440761205,23158.0688797609
481.0,550.6892972163024,30165.19696159748,29716.09835119925,6017.014330872222,23218.298527765222
482.0,550.2290792375063,30150.412644973152,29796.557369474674,5911.54016813502,23251.434800878364
483.0,549.9177390008601,30139.175789133747,29792.496484354815,6027.085192612953,23245.22024948823
484.0,550.0063879226292,30131.10709733535,29823.34404800925,6073.38960696211,23241.11035074701
485.0,549.3894209036658,30126.81230419104,29813.508204797537,6212.196895624486,23223.86739494089
486.0,548.9292424500467,30124.971822845146,29786.50898848136,6414.9554285757185,23186.89155246715
487.0,547.365426822786,30029.893337957077,29828.855576052338,6586.4184493051225,23163.52981045348
488.0,548.3307743755785,29931.614853069015,29841.048220996665,6723.7820285033295,23184.661887677186
489.0,551.1481244026559,29830.418813989738,32220.56921571255,6680.880875501636,23238.01433284663
490.0,554.1976285399255,29810.03854773287,32248.24596773849,6625.227707649175,23303.92005029982
491.0,553.1124066054879,29800.31402406874,32239.381198197392,6478.733419822015,23440.053390118264
492.0,551.719128547165,29967.009976700563,32128.28724736449,6302.6026284587215,23557.369969317177
493.0,550.3512328101497,30138.916786037287,32051.84188610658,6058.594530423688,23674.968556815173
494.0,549.1316330557336,30143.154657629515,32120.474487087165,5753.146113685572,23814.712120136766
495.0,548.9699914338659,30051.43370943691,35076.78726433399,5457.250941953089,23944.59690934723
496.0,550.6201364606461,30036.283185940632,35131.71176469818,5314.267601154847,24034.537402256647
497.0,551.6586083754532,30120.691962822457,34986.628678536836,5347.615219548711,24097.873621303977
498.0,553.971729361241,30022.408470112165,35065.71479624533,5389.124567074993,24127.57468271322
499.0,553.8215185794254,29926.689046405263,35074.94681498038,5508.531077007191,24162.96975098113
500.0,557.3602710776197,29824.22267766004,35085.647817121,5728.191355573111,24148.532207513956
501.0,559.4310793177389,29722.19843749891,35048.181034807974,6029.73571787828,24124.932065470817
502.0,559.2866411935723,29622.986274463143,34964.12448795891,6392.030955594562,24101.42792481791
503.0,561.0989818117807,29519.65266881704,34928.037768759496,6732.9603593973425,24059.985780365274
504.0,562.5441847593515,29499.198944552463,34810.59745088154,6936.4021598835025,24086.937437570956
505.0,562.951814317525,29395.304330775092,34827.89484148591,6945.5750897062135,21511.194661317844
506.0,561.2507633995875,29293.803189690036,34993.27041140152,6622.574622271764,21678.80753310844
507.0,560.0123661076292,29192.327896920604,35266.084066408745,6166.765818678415,21846.420404899036
508.0,559.2794033999214,29090.742843139797,35602.875397942145,5646.276538690058,22007.81105446741
509.0,558.9873175366525,29080.093622050226,35812.56262908235,5253.810118880045,22132.9022809522
510.0,559.0943671790767,29061.162421436373,36045.439108463695,4963.111867823086,22204.284486926506
511.0,559.5096182204564,30939.61135801166,36096.703582988855,4883.627408360694,22234.94225687811
512.0,558.8451764158206,31054.358012727847,36021.14001093661,4896.340601880672,22245.685707206827
513.0,558.9865816958737,31171.612483967907,35813.86408508773,5093.968122597633,22241.636723607124
514.0,557.0365274137688,31298.41650229399,35526.46173104072,5392.551955988199,22229.98943277985
515.0,556.4562823453665,31280.142403614034,35345.07599362581,5815.120683747234,22197.690829454357
516.0,558.2438912763632,31260.244718477516,35159.216553419144,6112.726011966335,22165.0664156321
517.0,564.1011652408977,31227.174180638565,34980.26533173787,6438.298813748669,22139.997677576426
518.0,571.7441988281989,31123.514443953456,34881.385446145476,6616.550395738747,22197.1647789699
519.0,578.6168013200535,31018.79267422756,34878.56170141811,6596.607100678868,22312.51409685714
520.0,581.5239853253049,30917.306558626537,35026.01598596811,6404.19022840932,22441.05523441387
521.0,580.7203898520926,30819.449509697253,35139.637597170484,6228.647947516505,22579.050737381065
522.0,578.5038857527366,30723.659127434636,35264.856218388515,6041.761789237975,22717.479882269166
523.0,576.1732132772888,30628.548772950504,35444.82076076826,5772.482010965089,22870.763702894943
524.0,573.8589540523872,30601.45778619035,35553.52569901243,5539.984352183268,22998.68210869485
525.0,571.6414491919269,30577.08895182965,35432.201955152035,5576.470587902278,23102.810793705372
526.0,569.6009469892658,30620.684606991406,35229.94249644341,5753.9961901243005,23128.94657065278
527.0,567.7405724016868,30667.614278186153,35019.996832257326,5964.653532023639,23137.584193464925
528.0,566.127636911895,30645.655991584088,34889.850064274484,6180.044868723395,23144.130537005432
529.0,564.7728419758121,30553.98154101459,34845.146076574456,6383.179216315333,23157.274189615804
530.0,566.0643966342564,30458.97375711175,34852.29328092028,6516.859790823095,23182.38544303686
531.0,570.829016484871,30358.92585694371,34961.07141602576,6541.692664633705,23213.48531479886
532.0,576.524869602346,30499.235099967507,35128.59067352458,6466.4807034648,23269.512711802512
533.0,581.503797251679,30393.19605541512,35307.387019582144,6394.88712646523,23318.334549651434
534.0,582.5241723217721,30292.481640701404,35545.59431025405,6326.793889131881,23333.01923323797
535.0,581.0672563157722,30195.775641578522,35796.63710861526,6154.026437583316,23399.36652383805
536.0,579.5028204138724,30179.069642455644,35925.26625480282,6042.249381660145,23455.438595808155
537.0,577.873662321717,30164.50237289972,36105.58627887296,5874.049064087128,23512.598350273936
538.0,576.2908022885948,30067.796373776837,36242.31300316332,5834.481433294783,23567.068499133427
539.0,574.7739086155169,29971.09037465396,36383.902922744535,5835.616867026279,23571.078801916323
540.0,577.045263266333,29869.18437553108,36476.349015848995,5908.586789366959,23580.30452851612
541.0,579.0083104680317,29767.60051819512,36574.07729038422,5996.313525747252,23577.84355555922
542.0,578.9772280603545,29749.116988666203,36597.32202323958,6090.279058748363,23568.812225484828
543.0,578.8464386610025,29734.679341057505,36566.690629859695,6220.7019090971935,23563.148481337314
544.0,577.1799569372585,29726.78751469349,36464.4389733417,6383.643535998261,23573.102876459874
545.0,576.1491422445571,29721.3070109609,36403.987663621374,6500.621799047819,23587.888280603293
546.0,574.3872699803323,29718.154791699275,36343.907239715154,6557.5536940303255,23641.30617144361
547.0,572.7138722014301,29624.60208449286,36324.87107012282,6469.615254542477,23721.811240149706
548.0,574.8251696815006,29605.895883049878,36274.771145505394,6463.7082429865,23817.36480322633
549.0,576.6676045013352,29588.919597299893,36272.45519365649,6404.861486116302,23925.794868742803
550.0,577.9395993466602,29574.07423274871,36270.046014500556,6326.661021313896,24047.41251357497
551.0,577.6914351509454,29476.81514326199,36347.62366958239,6281.967592828239,24144.39630405399
552.0,578.3315880077753,29379.09695468307,36428.86047459067,6254.590147502315,24226.186343702964
553.0,577.9316024198622,29363.87104963185,36387.26110461682,6242.426341867148,24320.72039038703
554.0,577.7586106001107,29430.555226642962,36266.708368288935,6159.663672018772,24406.950645215937
555.0,575.5765595529361,29503.49122358427,36172.95391606821,6156.141139350201,24474.341330872827
556.0,573.5218672206687,29580.030669090018,36122.472174366936,6138.7359800660115,24526.29511332304
557.0,571.6838888898743,29488.31060585435,36176.92470097065,6143.5874030199275,24592.759204733975
558.0,573.7604086009983,29390.590542618684,36238.61823718247,6162.973097491527,24644.505183941972
559.0,580.2268361753078,29284.865247534293,36447.963830962675,6140.505537438749,24653.013556045276
560.0,583.8077003069754,29183.071804882136,36665.74690186904,6104.796658261177,24669.169161146216
561.0,583.2728058827165,29087.924193161092,36846.84935592612,6060.490645700905,24713.915421270016
562.0,581.9443582056165,29156.417621613116,36828.20457387705,6060.767127972929,24741.553043030573
563.0,582.0062357316933,29229.06362638175,36842.64239565045,6015.956589182445,24786.473741775288
564.0,579.7158956904047,29304.048539429717,36912.19220840119,5938.409745126257,24828.736982879138
565.0,578.9894453803677,29381.470409839094,36922.13113762265,5869.91075879623,22419.887546052378
566.0,579.1494049488367,29288.460050810914,37108.2156543355,5833.830733539239,22463.155545715425
567.0,580.7745236641177,29273.53143448528,37162.51367408497,5847.754134541154,22492.89930540712
568.0,584.8947153770976,29257.387318177178,34934.68458955598,5866.493200782546,22515.09406902282
569.0,586.7088317515166,29246.746045628202,34929.45752522524,5912.8943821216435,22540.147449936052
570.0,587.4451103209243,29240.107395462477,34961.79521757901,5930.7843593923135,22563.031736546964
571.0,588.3071197824178,29143.576742875077,34970.79926844969,5975.358290737563,22622.777810529264
572.0,589.152410710644,29046.96322097337,34981.80445872439,6011.574732741651,22689.33258269517
573.0,591.7498014677249,29026.574119814897,33318.70360321861,6065.871661694764,22725.11301612727
574.0,593.2900621657668,29009.055438096326,33290.86247494018,6104.1575950506385,22770.38854422725
575.0,595.0994090997123,28908.860425157796,33323.685246085144,6117.303931314721,22832.94042963304
576.0,594.9605871318034,28891.27036986582,33266.5470854134,6105.423820646894,22938.92577073677
577.0,595.519770601252,28873.92765858005,33126.90118007262,6188.152600186759,23025.005183379584
578.0,593.3290567428686,28862.197681968126,33051.45286812483,6154.713277530284,23101.926935457068
579.0,590.5167220251459,28767.05259478682,33003.83305332002,6191.310280053162,23195.98542917529
580.0,588.5883456311246,28670.907507605512,32958.53221823321,6187.932644711715,23326.255130198762
581.0,590.1505477234164,28569.291000871744,33016.98534244559,6134.8899828020685,23430.618459399506
582.0,592.3847847438891,28465.7625308415,33116.555941969884,6081.422560598765,23507.845971003153
583.0,591.279972295166,28366.65558848602,33224.097808676976,6037.259551320929,23572.335610408445
584.0,590.3841918592734,28267.264075569525,33299.04152959892,6056.556330253124,23603.57689576138
585.0,589.6079328983683,28167.585515651,33413.16472237638,6048.330109077607,23632.96218585045
586.0,588.7642357157754,28068.670536129775,33527.599689696974,6028.099905934984,23673.36777357467
587.0,587.0722227546167,27972.602019837846,33606.874113359685,6004.338604583795,23741.896615427544
588.0,585.4472254391676,27957.35446141876,33634.12207353688,5974.049791321921,23813.877860655663
589.0,583.8742972877975,28025.877353944725,33561.76771555041,5991.309424234039,23872.221682116447
590.0,582.3774735073866,28014.44846252309,33584.939856470446,6006.920765250779,23905.399515578607
591.0,580.951461640732,28006.653872493425,33720.800308575155,5959.447066191298,23915.663411107875
592.0,580.8607495369098,28000.27978115909,33825.5285201743,5923.622218392062,23935.60413242091
593.0,581.4207003866832,27996.468137514075,33898.540386737186,5921.1025716313325,23945.75522880201
594.0,582.5934625875656,27983.317454906533,33981.52394557088,5931.618891192327,23941.34318833566
595.0,585.5738567774673,28050.32083207563,33913.99181574216,5986.6318639304745,23960.2804884243
596.0,591.622417282996,28113.144457792452,32545.606094203573,6056.432296791041,23970.511647567426
597.0,596.128907200118,28180.498940681082,32482.237652781187,6075.507260388751,24015.77691986197
598.0,599.5160661518802,28169.119044240437,32497.837689595028,6068.258006678105,24059.428504613643
599.0,599.3592072279658,28074.053975352228,31562.35513724324,6050.71376718542,21929.607147954634
600.0,601.0274410941272,27976.429825646803,31582.074205927427,6070.353336014172,21989.243677085302
601.0,602.230239689993,27879.298937814263,31658.52989185496,5996.152413029016,22080.092332219952
602.0,602.508601465071,27863.40048258921,31722.88770596609,5875.584282097907,22182.26263053766
603.0,602.1151136572507,27849.830302540395,31736.41626635586,5811.780912181476,22277.80439187015
604.0,602.0027679720971,27837.9486151065,31689.2892328684,5808.240402790156,22371.88483272433
605.0,600.6256734615426,27830.043285660515,31640.77866642163,5849.402910741024,22429.540934454806
606.0,600.2248900561486,27815.10414325531,31555.681659323665,5955.655892583196,22466.1312253662
607.0,598.7517587114127,27804.291941487678,31468.824716968884,6090.1126435591395,22480.15866808978
608.0,597.7071303328266,27795.569563150184,31350.26923923377,6256.240433088722,22493.670581756156
609.0,596.7530652889666,27869.424701086922,31186.5068548038,6374.497609774034,22547.010165487754
610.0,596.1520264584801,27944.794241604104,31099.05127005496,6383.058981058223,22626.5736091832
611.0,595.9229337055,28024.64852847776,31063.0211425405,6314.499838135497,22724.452502184482
612.0,596.0871121836044,27933.719860079567,31179.581992336585,6175.050210068786,22832.046341793764
613.0,599.5915104104644,27923.42069178685,31230.131975882032,6091.584640305565,22908.957077306186
614.0,604.9771660114939,29925.278110043047,31311.53249905602,5995.481305853633,21078.264801350037
615.0,611.4531136334438,29893.979382461664,31370.847369241492,5885.110675064809,21185.011601454436
616.0,615.2690320084129,29799.99645329605,31329.76857547655,5808.570143911652,21269.951774295558
617.0,616.7174746104563,29792.46950985268,31382.750064944903,5734.896057870402,21348.782850247313
618.0,617.0383845008419,29790.021908228093,31411.083317606102,5697.64752841797,21417.857870069092
619.0,619.7757807212796,29786.972480375487,31494.62530496499,5642.605962907513,21457.915766371898
620.0,619.8101034553974,29791.090531310045,31553.2627247328,5663.354863774868,21458.442197251374
621.0,621.8843763426426,29776.172568639842,31591.076158247717,5710.477277990014,21461.49749538837
622.0,621.5324691618222,29846.612363658816,31563.427491482715,5794.162829487599,21452.44350292055
623.0,622.6232749890901,32659.747710448893,31539.260620381105,5856.91621877459,21454.97966338134
624.0,625.5566143558908,32771.46887245299,31515.646480928448,5881.422306538196,21482.29216352333
625.0,626.1999943747113,32781.207563430966,31538.788064475644,5872.366537419438,21534.293847204986
626.0,627.4202286844071,32793.163896646336,31590.88127410784,5797.757222856883,21612.08702431513
627.0,628.8584354506959,33012.23505183417,31607.996242661062,5616.0784473341755,21726.213049629132
628.0,631.3792113233857,33025.14418500288,31667.820006373116,5474.061282648195,21842.48095978346
629.0,636.4105240090234,33124.304653801475,31611.086148200287,5407.227221862501,21958.2414115211
630.0,640.7473931756821,33018.67504096724,31647.760864892673,5354.481311569846,22060.44377224413
631.0,642.9043610814142,33035.59378600437,31635.235329517873,5338.850504299164,22132.23397070659
632.0,644.9935639099315,32931.17161192313,31678.308622159366,5365.334046138059,22169.743265262136
633.0,647.9923897721612,32823.30025556684,34947.12631507157,5449.645791493297,22205.41047210061
634.0,652.054838924636,32812.48210952562,33559.7719401297,5562.369504241465,22273.43433610127
635.0,655.6243960587844,32701.32779853188,33482.67915206502,5672.36560299475,22344.500966617128
636.0,658.0596255889217,32705.197870488264,33433.7240742551,5696.446846932695,22422.206629433244
637.0,659.557226855885,32698.986295086943,33394.36007087703,5723.946433552957,22494.59158603749
638.0,660.8702222186482,32590.626152321085,32415.00386827266,5741.505370687005,22571.393025672063
639.0,664.115367653713,32595.066237487415,32427.93324793529,5765.284355020502,22599.07270587726
640.0,666.0279348142643,32718.217602263034,32401.155448036472,5745.308818460282,22654.248597643676
641.0,669.8128718053622,32602.378415077692,32497.70263437753,5683.38009361513,22716.14750308092
642.0,672.5929948283856,32609.906838993244,32602.308092485517,5598.7746709597695,22749.105162753007
643.0,677.0166873041246,34093.58261763885,32712.626747178107,5515.910729181573,22773.98808215639
644.0,680.340986594725,34085.84457157231,32827.087687839085,5414.748470199498,22807.26004949497
645.0,683.090614887992,34083.501287486884,32826.43184413262,5458.549694803755,22825.403927935964
646.0,684.2323453229833,34087.05619141717,32852.54224479329,5470.4365257225045,22844.58667472897
647.0,685.5962763472234,34254.436999848695,32800.648323772446,5480.412010177603,22861.46899787324
648.0,686.2868538253334,34428.774509577015,32720.8324487704,5547.843401226965,22853.60914028238
649.0,687.294603520362,34494.304011819746,32650.395426592764,5629.909671337699,22869.728092044617
650.0,688.4653555337906,34565.184868722776,32576.807554105093,5683.301666925823,22906.51089529187
651.0,689.9350148612996,34639.11244191136,32467.560690712144,5785.2945426392835,22933.545260920677
652.0,690.6213059788422,34626.877947574874,32397.390094186576,6059.4171558673725,22975.099617986845
653.0,690.1922357586113,34525.60654171407,32385.4266508374,6131.238309296916,23022.97972574547
654.0,693.0182652856023,34499.73019022746,32337.19603994198,6099.683236726134,23137.59186957091
655.0,697.7483746476174,34472.88484196334,32313.126631050134,6023.2825893232,23260.98645599429
656.0,702.767421779048,34447.051761497445,32339.204639110212,5867.665458677563,23394.408974550402
657.0,703.3544312308738,34428.39234946994,32368.729007450038,5715.099284974398,23521.978574900684
658.0,704.6188520310129,34408.99719372012,32372.84212898225,5657.12228475131,23607.27336435538
659.0,703.8469142914744,34393.03948127043,32353.558716282616,5661.040703600564,23670.478777131946
660.0,701.9812973333039,34291.2416591981,32379.47327918744,5747.689609328088,23676.975952116845
661.0,700.1866520275216,34189.44383712577,32382.29902925738,5866.32698551307,23682.361994371204
662.0,700.3347578855221,34084.64601505344,32326.75439150913,6050.549201818464,23694.03191417483
663.0,700.6838281805665,34982.638620489226,32295.64173935778,6212.638587877313,23701.781749611127
664.0,699.1319554688677,34882.81591233182,32315.766009381532,6273.679629262581,23735.619497446096
665.0,697.6761002271099,34782.993204174425,32317.88172215099,6342.313575779378,23780.327279516416
666.0,696.3186273434442,34683.17049601701,32349.274934305075,6336.894825983226,23851.122218608707
667.0,694.9906237777831,34584.01445452628,32411.265581715867,6263.683809072834,23942.963418312975
668.0,693.6901455979753,34485.55481843978,32525.926301532934,6091.429733435391,24057.588451289706
669.0,692.3896674181674,34453.76184901993,32626.258483878788,5921.887242435972,24149.520217698813
670.0,691.0891892383596,34424.94275335651,32680.210967920433,5800.825438774837,24245.48286239522
671.0,689.8262110585517,34327.149783936664,32755.793739787874,5784.783091737486,24287.65225418656
672.0,688.6066629753144,34230.04135375562,32800.71849231182,5820.369609046775,24321.94477830462
673.0,691.170931158881,34195.30361488958,34393.75762229271,5905.614436483975,24346.76978656663
674.0,694.3428254465332,34161.485560541616,34375.439948845764,6038.06931823098,24338.42743169182
675.0,696.7056335686383,34130.48447701189,34294.15522787016,6212.08954267672,24348.477888272355
676.0,699.3733989919549,34100.185778071944,34210.51736458274,6400.522094417198,24350.07894177993
677.0,701.4757190836564,34069.01845906257,34110.35670504273,6588.841646583508,24364.163312704914
678.0,702.2076268410258,33967.16471510505,34084.864615504295,6714.03299757118,24400.539005775452
679.0,700.6901401146798,33867.710177203175,34035.467539946556,6798.728948397637,24482.44478870794
680.0,700.3982150445117,33767.149859856756,34040.429605648394,6846.3318874369725,24549.15449125632
681.0,700.0722789192947,33666.891416444014,34050.04343427261,6800.677635027455,24675.651318074306
682.0,699.7964233904239,33633.48702455393,34019.283212596565,6760.283693652244,24795.820946655833
683.0,697.8428529074806,33604.766943951836,34068.83672550643,6987.216772707219,24896.244142279047
684.0,697.2961619313111,33577.71872927169,34047.33644823428,6886.02757598822,25039.649156312913
685.0,695.3102614450169,33622.50500232306,34022.67700213534,6737.40714502358,25178.78152417226
686.0,694.3187652089064,33670.5836100709,33995.08852184041,6660.97605028489,25275.06173120576
687.0,692.4491789562492,33725.182864573115,33994.13522717528,6538.561419577453,25374.988447597352
688.0,690.7584470427722,33698.67149880661,34078.225864398526,6410.450895897449,25454.13999029769
689.0,690.4913041275207,33672.734418950524,34135.130020798984,6385.89397623641,25492.67254169117
690.0,694.4539107829878,33572.10873309597,34230.67927277282,6436.209850894323,25494.02025730862
691.0,698.6085134396398,33470.10108420855,34359.936659758045,6464.501629743967,25484.6407563652
692.0,700.5953736623069,33369.76762851859,34522.81619334333,6461.668857145801,25469.326059522216
693.0,703.4327364727014,33267.45652922831,34633.1389655438,6529.30533136037,25453.08402877005
694.0,706.003457242562,33165.00598878544,34719.58228123912,6611.772799181574,25447.136743293693
695.0,705.7626988682638,33065.80838794385,34863.620347507436,6537.334466552531,25490.724426715355
696.0,704.4692779868542,33034.14470098863,34939.99108660276,6488.354512327528,25537.20601852042
697.0,703.4665897918319,33003.26999660534,35006.8051537647,6450.49740250712,25583.30903731571
698.0,702.5527122715463,32906.382748605036,35099.67636493265,6410.386904546976,25644.006089368802
699.0,700.2722633609432,32879.729109104606,35143.662578001014,6356.88086873006,25716.063562428542
700.0,698.0970876658588,32988.50863213383,35038.13421430353,6369.42708197573,25794.03483773726
701.0,696.0822040897324,33101.86917971221,37013.61635945748,6373.538836074289,25874.92278899034
702.0,694.2919802216566,33152.26064107009,36944.4632144847,6373.920465281254,25955.631519833005
703.0,692.7709240438547,33061.02989035704,36930.85466803987,6442.1647132497565,26029.46079044545
704.0,695.8504893040678,32963.965806310654,39577.73164737431,6546.696197284522,26084.703315281364
705.0,702.007874333236,32928.58282659093,39511.453680143386,6649.843751371568,26140.98079575795
706.0,707.8894064097997,32825.17691463435,39462.7094014489,6863.423041678776,26155.81708783358
707.0,710.9930731373051,32723.68268579882,39415.66211007131,7053.369408697199,26184.485280562327
708.0,710.6200284370728,32625.531938374075,39335.400461430036,7263.0260992565145,26221.765124937563
709.0,709.338663752274,32527.965251058456,39357.937403932076,7258.121501389716,24311.63586122191
710.0,707.0357993589137,32431.225236547027,39387.00520541235,7194.07670600434,24448.108120541227
711.0,704.6855360900988,32334.485222035597,39522.84794190481,7002.553614526789,24597.401626826384
712.0,702.3650145754117,32237.745207524164,39708.526470332064,6816.156804002958,22963.556193479424
713.0,700.1744894432934,32141.6718596794,39944.39706864846,6622.986613596857,23065.82305637409
714.0,698.1729195293917,32046.956510920794,40195.56619776049,6536.880945059349,23107.51207912106
715.0,697.0213741122325,32018.802031345156,40327.9469303779,6542.614179078707,23134.75946294517
716.0,696.1745537105112,32060.990097684673,40360.08601550241,6632.275282474138,23140.259738821984
717.0,694.7779848088394,32040.904613241644,40437.65152530312,6747.983744521893,23136.21003760288
718.0,693.4697467748279,32090.99271059234,40398.50168026399,6877.377903416209,23153.455515749218
719.0,692.8421143463934,31997.986974518728,40479.462567044946,6999.09866031335,23174.537639516147
720.0,695.0704872498201,31902.539391484686,40528.663970650035,7157.3003242992545,23193.81639991525
721.0,701.3502380251284,31868.269867808627,40475.135193131544,8529.454688461112,23240.903535168294
722.0,705.4964520286586,31913.750080408554,40391.01956345659,8629.836586202468,23304.431358873127
723.0,704.6368031735625,31893.86075489371,40438.66707907432,8606.02272416035,23384.991843474076
724.0,703.2426172858936,31883.591534876512,40580.490859052545,8375.537676998549,23502.741959127437
725.0,704.2063632142416,31860.94485412456,40642.83282767,8280.976221341456,23605.6039787334
726.0,706.0234283698277,31763.8484889876,40803.08079112958,8133.975313700878,23712.890186369834
727.0,707.3071343006246,31800.261922826747,40857.162426573406,8042.929539441783,23793.146533106516
728.0,708.7017828890492,31769.827027336665,40896.929234290095,8038.792189001744,23870.150219619838
729.0,709.9794941280269,31754.359892287575,40958.0368081225,8102.144980311087,23901.39622923002
730.0,711.3934917169945,31657.236268358065,41008.603479479185,8256.407201427888,23933.79557458042
731.0,712.1705963717253,31712.686495386257,40969.177267541774,8331.44596428919,23981.669622012414
732.0,714.5875466525706,31834.99380472984,40821.241811654,8458.436470081673,24031.23939971286
733.0,715.4045903938372,31894.297837451308,40764.66483099875,8582.52576798477,24062.962939756933
734.0,716.661273719525,31884.329972681382,40802.414448502095,8638.52724269668,24105.46448510002
735.0,720.5357587067039,31848.583877822726,38758.63492426817,8548.137237388752,22566.0298506088
736.0,723.2518480532901,31747.558472502817,38957.5773599386,8437.540144187478,22622.31316802174
737.0,728.235092030324,31644.224220715387,39141.03149740568,8368.485272439339,22670.429761096046
738.0,730.0222883165098,31683.78464086839,39196.75382784779,8310.746009336484,22726.955053624817
739.0,733.3128990258252,31788.57715559424,42137.23275299236,8327.841261092353,22783.852519479235
740.0,736.7011907958683,31900.641528729346,42079.23891108255,8333.683809884411,22844.09976278582
741.0,735.466863714061,32091.24738084693,41985.45870885617,8366.072063305997,22879.45410311276
742.0,734.6692802309137,32218.704797297254,41894.08227859999,8500.844931966265,22895.493018910376
743.0,735.6635107820398,32272.129817174733,45586.93106629922,8852.222196258761,22910.702780944597
744.0,741.26386576275,32306.648214606474,45445.39281961252,9105.306158281806,22929.127913272507
745.0,750.5213651814654,32272.494421570176,45487.86392384718,9156.64729980084,22980.43438119067
746.0,757.6236803147685,32241.382984478885,45535.88223569788,9097.385420888708,23073.80391351005
747.0,765.3093028504089,32366.60300102603,45468.18564666144,9056.097735819636,23142.93529420817
748.0,765.7693327107218,32589.259464833747,45646.02929484244,9006.66550606172,23178.4167525227
749.0,766.3581821324575,32488.57694025587,45954.173869907994,8762.372413856494,23269.503077500012
750.0,767.4002445276413,32480.84647940488,46201.31136281397,8538.58206088481,23346.16102627503
751.0,767.132365780682,32461.644695185314,46531.18988282792,8254.765574828303,23417.803951985752
752.0,766.2375937125871,32441.659119956745,46737.68754232451,9753.757101984538,23487.07893603001
753.0,765.6997744740945,32341.519496501034,46974.89916026112,9729.003727613634,23520.03989208023
754.0,765.2378993923751,32321.779347041484,47068.29575677338,9927.400694899528,23510.2636556154
755.0,764.9415574954875,32304.478987229297,47125.78007513819,10173.703904222099,23498.473152755687
756.0,764.9721965461426,32290.250059071033,47127.67252998585,10468.525549395546,23491.934091805157
757.0,764.0331463461214,32281.02439222002,47126.9515928184,10729.994171312354,23497.003153779573
758.0,763.1937417227889,32182.10363751036,47244.94790525858,10891.435565179765,23517.680737071943
759.0,765.5915781301455,32077.862882800695,47409.81500466745,10954.08714848119,23553.586759845184
760.0,769.8543456815507,31969.73342686954,47573.73635849821,10829.491892417906,23653.561534987784
761.0,774.6202724781849,31860.207625501513,47869.4830852422,10534.05682458208,23758.705351327375
762.0,779.6611170687531,31749.514600491784,48300.83985097095,10102.856396503748,23855.03605291468
763.0,782.6336735072351,31722.02462308824,48602.816601896695,9761.004331219305,23946.569670638157
764.0,783.5963590095391,31698.93618865443,48784.72236616576,9620.794256001998,24018.332478508088
765.0,781.791960906911,31764.802556496543,48861.8154873379,9654.479281841031,24045.84794610411
766.0,780.086487622027,31919.15824022653,48726.261852977936,9956.404942176207,24039.272467025334
767.0,779.6566350287505,31918.04678228092,48717.684938083716,10252.499398659904,24034.374574234505
768.0,779.2040687167131,32329.988281115857,48478.21206767691,10677.04557664629,24024.982124911377
769.0,778.2983322702487,32561.6270773364,48167.89482108341,11168.615293857289,24018.206985145094
770.0,776.300296803445,43452.57554654269,44499.751092200466,11629.648270719486,24022.429848874133
771.0,774.1909453287569,43491.62573798646,44350.6790103314,11959.16442025904,24070.88414360257
772.0,775.0477327569221,43389.00926276357,44292.41436461151,12142.584644602406,24152.432446699746
773.0,777.8579391414058,43279.626289657725,44338.20362300814,12055.388340198037,24276.640898519796
774.0,779.4203172511543,43173.772724984294,44429.01665187282,11808.587434052379,24433.894875854796
775.0,783.2621618393812,43062.55720454295,44594.875635265154,11452.255698350464,24593.618850191775
776.0,787.0646710655867,43217.69629538271,44698.08686996907,11078.017306332315,24735.77252503661
777.0,792.174003144358,43374.28595777614,44846.65641919352,10723.230548739108,24848.169771958175
778.0,791.172487677474,43550.152024446965,44898.001168673865,10627.914139733763,23369.202464058562
779.0,790.43170860663,43729.716975475414,52307.18970552172,10810.784463637028,23405.40663850197
780.0,789.9635233290985,43910.61440664377,52225.91027008274,11125.413635801058,23407.51852830271
781.0,789.775832514436,43810.17286236783,52244.93875532632,11460.568140067011,23417.79175506413
782.0,790.5758518933292,43707.97891643758,52232.93207288034,11758.985375193373,23452.547591225193
783.0,792.6399907767151,43736.274541792496,52199.28823530175,10920.50526635021,23494.695539678927
784.0,796.9934052954369,43760.42701319901,52288.04641501332,10918.35983378666,23561.83341105606
785.0,800.1520071780591,43788.48846561288,52427.68603922777,10820.188581684095,23646.066288194543
786.0,803.6051580328319,43673.08366410392,52728.20342147472,10644.788714599588,23725.620707823928
787.0,808.1790166775033,43552.00895531088,53131.55823138946,10372.478548285275,23803.592087732086
788.0,808.1663614408806,43442.559113768504,53510.41908953383,10123.331448294066,23882.15699330778
789.0,807.641432491558,43335.92401652618,53827.58347158839,9984.08873736662,23942.60835245363
790.0,808.9281878141409,43492.96814409583,53912.39806860332,9981.069498199635,23989.528186045933
791.0,810.234032738606,43659.626331194355,53862.88436429328,10169.232777909894,24013.441136410693
792.0,810.1014427083716,43839.390271521945,53770.43431889044,10479.107414229982,24006.166615163464
793.0,807.4601030809872,44171.92860567942,53669.98267641769,10735.026807912416,23995.29654631633
794.0,804.9941646197196,44381.19336395814,53636.367539455365,10888.393900337085,24020.865979365717
795.0,804.0297092624854,44733.70057380936,53563.24853926813,10953.587661088644,24067.015391879595
796.0,803.7107594687657,44951.61035253267,53644.763056276046,10984.17384960852,24092.051856804068
797.0,804.0432185379992,45006.332877308196,49596.59996533047,10735.628870256714,24168.94052361252
798.0,808.0037504031595,44902.435382706775,49896.35278372072,10519.958209886994,24239.40845668425
799.0,819.5005954987457,44776.018728728945,50181.43147217267,10348.472057881447,24299.588481538536
800.0,825.7228810828894,44659.096636758506,50440.78953671202,10181.828577215972,24369.090768545342
801.0,826.403679596842,44554.45357000756,50637.84457422107,10063.996021320887,24446.971899240256
802.0,825.0264080012768,44612.70830587253,50707.53973880547,10044.38133621993,24514.153233789293
803.0,824.07759634565,44663.20195257725,50605.259623173406,10239.098472438835,24576.657358075852
804.0,823.6991132171822,44692.40607276037,50543.05123183197,10416.035477327778,24632.01981904394
805.0,823.1281992450228,44588.992377018956,50500.09294373178,10669.068200127722,24675.7089749084
806.0,822.3545314169635,44486.45551753789,50459.04955249932,10914.065830413754,24722.835314474552
807.0,823.6573422958161,44516.885228297004,50360.09573511615,11193.125544692575,24757.300055473148
808.0,824.3568030557311,44553.75262299796,50260.29125792112,11483.676980087765,24786.948378872665
809.0,827.9777111051751,44438.427651495906,50258.96786646328,11604.332162920853,24865.152796394595
810.0,830.3070001213146,44477.10995874487,50265.31335867333,11523.78792942113,24988.812142779498
811.0,833.1424252156687,44498.48577506267,50451.476283792006,11265.506370761355,25103.806985445397
812.0,833.5809072661262,44544.29856645502,50679.30501120103,10984.048106134891,25205.484868263207
813.0,833.3286958324637,44434.77993145066,50993.184567325196,10705.494719100792,25297.6667466068
814.0,833.156639157302,44326.93627170281,51218.29315189219,10665.26116866661,25339.68929422282
815.0,834.3323692766957,44484.052679469416,51304.92025646683,10631.002890028236,25390.70308982063
816.0,833.0937644975704,44655.08671274508,51389.04629450933,10616.657105427537,25433.26774475198
817.0,830.7119568549291,44826.8027367142,51407.56504146924,10704.706280893357,25466.434161373938
818.0,828.5320417561231,44868.669686438254,51480.73416576551,10799.70027391558,25498.119425710207
819.0,827.8443853688341,45043.9496598561,51505.34687074102,10906.916914159412,25522.204089220446
820.0,827.9049815988449,45362.99073743534,47979.59727915043,11033.2977073144,25535.90803498099
821.0,828.6821297448573,45413.224706772045,48055.44002984505,11254.61143986539,25509.58980162905
822.0,830.0694921430535,45461.25420759452,48172.26760401289,11427.51699316536,25481.6562834122
823.0,833.5665824203021,45356.00231681871,48357.00492342442,11460.420272966076,25500.580887455555
824.0,841.908042795426,45235.62838394403,48584.69507166354,11435.563251398366,25520.50008795058
825.0,847.59200438438,45252.41388724408,48821.354210357116,11295.428872939021,25555.083630117853
826.0,850.2587964535719,45143.046000415976,49037.095521029696,11180.094500241645,25615.30665555443
827.0,849.6753090639011,45178.224227128194,49271.10485399252,10971.91904350376,25675.037550455098
828.0,849.052298512195,45353.2675611605,49464.974006047574,10680.99728253997,25758.274663224893
829.0,846.9466386525723,45395.143807140266,49413.678157065595,10788.188274953058,25838.278351433913
830.0,847.2267835154412,45567.44477562352,49279.09273727952,10957.80780043445,25911.29692483882
831.0,845.6316432064101,45741.35612232691,49144.03082747084,11137.953744758168,25981.442245266975
832.0,846.8894246754411,45777.4704249728,49055.81373394106,11405.115992896366,26020.2541831324
833.0,848.2701993235506,45952.65930978023,48924.550271166525,11703.16686197263,26043.493196099927
834.0,852.5547273699567,45982.65024551681,48841.71507424304,12057.713941752387,26046.272120999358
835.0,854.1884313201571,46175.03600515302,48659.054800449005,12401.353495304314,26074.05410505598
836.0,855.9557111611899,46217.15786794027,48560.75584532637,12590.610004830469,26145.783971314624
837.0,856.4847056141876,46395.226135742014,48471.97249911548,12673.736419288667,24698.57821594692
838.0,856.6390282381572,46427.97177384764,48589.36434175558,12536.358519151,24795.304932943734
839.0,857.1425075040479,46323.12783017281,48770.51615059559,12257.000651684228,24936.148063760502
840.0,860.3386346890464,46210.767689782,53344.263082857084,11996.978819124608,25066.073718319967
841.0,862.3875143856151,46098.446986030605,53683.821593118744,11657.614368618213,25178.303965500712
842.0,865.6734748080818,46113.74243895121,53950.61214932657,11369.910614017346,25278.962228241697
843.0,864.5707623834692,46007.377744258105,50436.571103405244,11162.386391518996,25347.028044887746
844.0,863.8074812418573,45903.77978623274,50545.93000020692,11346.584676940778,25360.845954922195
845.0,863.3672389714429,46068.52585409477,50531.48349480284,11639.987335862026,25348.869830392952
846.0,861.3461240490552,46382.37715940278,50526.11644842792,11869.464102259864,25329.828405584114
847.0,859.0439274517136,46575.56946803307,50526.10701786641,12107.155707728058,25326.1726897902
848.0,857.116719671091,46481.732243578976,50749.38367095865,12022.842138353393,25381.501080681464
849.0,859.8357848289663,46520.58440666126,50863.208493270664,12069.863412102966,25417.83279704161
850.0,867.971986436,46538.12203468835,50990.94831363729,12012.32512697302,25486.332747627963
851.0,877.3028064710287,46686.5883767985,51082.89444699124,12044.108662594537,25516.712311423973
852.0,884.7811311053124,46851.29398607828,51214.20792121139,11928.540749406646,25577.772207743452
853.0,886.0311660436997,47045.03865132264,51419.547412615386,11694.57851300334,25642.82099926971
854.0,889.4463720584849,47376.51426813016,51456.33469025294,11599.345384381802,25710.893640225106
855.0,890.8551555930402,47989.42139832822,51341.65099651144,11565.720752032163,25777.48386714334
856.0,890.822326462853,48176.91690271044,51263.24014317479,11700.845722247184,25840.0660285779
857.0,890.6348839785319,48381.81792168723,51177.05557580321,11836.607138923795,25902.58929680367
858.0,891.6890672202096,48591.272717010426,51074.69703613269,12027.099064102305,25951.86713759701
859.0,892.5742055869246,48629.52204323565,51003.57543255873,12278.467090129236,25994.247094195147
860.0,892.4876794423697,48708.26351137822,50918.387261061536,12633.892858518564,25999.87266162654
861.0,895.6711389384375,48604.16592014876,50928.07688388909,12785.118107127346,26063.68755801076
862.0,896.7674241481164,48641.97025326135,50919.26231850682,12787.405129454728,26165.325442764915
863.0,899.354329043552,48534.94006751424,51055.683063907665,12657.232542512449,26270.402110972052
864.0,901.4961146023952,48428.70355286508,51234.699888487885,12489.056687444825,26369.68512142671
865.0,903.2717358770337,48467.65962314717,51377.11690357192,12292.387345880947,26471.291741851357
866.0,905.7804423572096,48630.69504930499,51515.037913062646,12058.886223122554,26565.491824085588
867.0,907.6071292512199,48656.906272994536,48551.136012483,11905.221652093815,26641.11884810328
868.0,908.6022931064344,48544.89157142187,48736.15848514182,10933.982036285635,26693.549317712663
869.0,909.8710450692286,48430.6550543214,48919.03395864389,10924.1293678375,26722.10591437001
870.0,912.6691989345566,48310.82847496578,48969.584412931654,11091.402877372835,26748.832049668064
871.0,916.0308996843753,48187.257338907904,49027.34657922691,11304.306945243914,26754.456567136855
872.0,920.2897448737458,48058.86381418448,49119.01526927998,11523.316123518105,26740.410259335953
873.0,924.6739301158944,47930.147681439434,49188.65766982735,11713.002200861101,26750.878575449144
874.0,929.7245026665521,47799.51606997531,49217.214213794,11851.03831384474,26805.13028448689
875.0,934.7275742221755,47944.69314357969,53059.90968450594,11930.415566163558,26863.36349003172
876.0,934.6747037633681,48101.875036706544,53077.10689304065,11888.26032402129,26954.765774848514
877.0,934.9278199983682,48128.644526489785,53187.87500078505,11797.265345812035,27045.53881924111
878.0,934.9989907733434,48316.74112523354,53408.71203919402,11548.54098792307,27121.976554738267
879.0,935.1159094426167,48516.55375527501,53548.56743038711,11459.622174244116,27168.07523391055
880.0,935.3837481661648,48853.517213074534,53639.38856537053,11342.916618292185,27223.571217495864
881.0,935.7472844922922,49318.379257593006,53652.10616109825,11284.633518568493,27267.127419565848
882.0,936.1778252561344,49767.93134462292,53468.30024068624,11478.735159458842,27300.008075388498
883.0,936.6668047548037,49939.4496329679,53352.94526769268,11736.134581496995,27322.218657485595
884.0,942.8136411350345,50235.080970149575,53231.40853786305,11981.385417227853,27328.181042382348
885.0,949.1304455691327,50398.303351330076,53154.265327185,12114.658567318254,27382.06129623029
886.0,954.0363177621379,50708.03244575393,53082.523594131395,12103.691329736685,27467.31640597126
887.0,957.8515585956943,51060.3010240229,53056.60316240106,12033.010831249545,27546.82375578839
888.0,959.2168939415842,51103.298828385836,53246.415504243836,11777.300077948345,27654.81298725037
889.0,959.0587757144732,51000.98038901382,53429.062095698224,11617.168532536987,27752.40253883403
890.0,960.9495991251888,50892.50490585097,53685.64249087928,11402.971656609025,27837.99867978859
891.0,960.0971480033481,50923.176187900106,53843.66974820928,11241.010176050424,27925.474595925494
892.0,960.194991455219,50956.46280891173,53970.351141000654,11131.851494410048,28004.8144718654
893.0,959.4377165213546,50994.11422633533,54106.53482823085,11097.141766688204,28048.542046816125
894.0,960.9407936868092,51029.458193065824,54133.145164063295,11198.936554596581,28086.735029540545
895.0,961.2081056625224,50920.07011623942,54251.87223811842,11278.07229254287,28117.51389955106
896.0,960.8713869583869,50811.4161127052,54380.21257021611,11312.992868035284,28163.635260572995
897.0,962.2651364694958,50697.702082361844,54522.64507071027,11385.94504554035,28189.128411961854
898.0,964.2704862620482,50581.04649893857,54679.800228919434,11512.580076745422,28187.183700263042
899.0,966.0469873644732,50465.949563528564,54817.59234073847,11698.119348587852,28170.894786248296
900.0,968.2578934717103,50352.223750614794,54967.66938163351,11883.528531398892,28149.73865480214
901.0,967.0584489041529,50516.80651497386,55020.90534840054,11924.733885291807,28187.265217918364
902.0,964.91462220442,50824.10843371333,60278.3154604158,11942.629635939822,28231.915398661033
903.0,962.9378848391457,51146.86017968376,60296.29517641501,11922.865587083965,28285.57259041224
904.0,961.178724658921,51192.06398211025,60473.5073279744,11787.060864386138,28369.10426166662
905.0,962.769993031664,51229.624028643295,60528.23986843575,11727.492601054195,28471.16862003634
906.0,970.0228372947519,51253.08878516252,60659.880382989424,11635.293687801028,28554.950807611232
907.0,976.7259350517759,51130.72618712339,60828.234954806816,11579.602174452515,28633.900808221082
908.0,979.7428109247447,51015.469021987934,60972.86319813892,11597.128253337725,28693.515597325295
909.0,980.0932308985746,50905.993704020126,61090.12574052466,11720.054194305407,28721.95774864926
910.0,978.499223457569,50934.624913698375,61171.869184661686,11854.850915625264,28737.68740168703
911.0,976.930401837592,50968.23989519698,61180.73452076354,12057.61513640614,28755.289783823748
912.0,974.8166660557611,51011.520263055216,61163.35379819461,12296.197074316924,28768.72874761512
913.0,973.0700864074057,51045.04145392677,61196.08137908555,12549.959976628843,28757.73879561545
914.0,973.7088696236725,51209.69408454495,61207.35760054631,12698.24438464336,28774.889656109102
915.0,975.8123640512829,51379.12240598496,61180.13865202098,12782.724580928694,28832.08189960721
916.0,977.8039373310145,51417.002249741025,61210.71945004617,12775.557287130106,28926.436535707337
917.0,979.4481100510342,51580.22512173818,61252.84395759131,12686.073891974882,27421.436317683405
918.0,982.1948894887339,51877.93246638002,61311.197422869795,12501.653381000688,27530.40987619682
919.0,982.8032667884781,52051.613275245,61443.02852780049,12298.604075207271,27638.393341030074
920.0,982.5536637166335,51949.732317680355,61665.60289512263,12212.934467658704,27710.82379740796
921.0,985.7477953979012,51976.36970774288,61874.15514533758,12119.359273172462,27769.691994792352
922.0,996.106823720778,51849.38766361848,62065.58449726198,12160.594772048604,27805.27342379743
923.0,1003.4001511767883,51877.43083090526,62140.69041465453,12287.796625748975,27829.157422900167
924.0,1006.3073573284034,52185.49834119405,62008.799551146156,12537.422857553143,27841.51768374345
925.0,1007.432337401356,52671.34728636609,69104.17361488989,12782.36779375081,27842.31732412854
926.0,1008.8834758076136,53019.49019036456,68978.6199996572,12977.639692396766,27860.5511787795
927.0,1008.8544811393336,53221.73386305251,69011.17064695874,13014.671847439393,27911.39222152101
928.0,1010.8398439581064,53400.196437195584,69061.17775296699,12972.831225136222,27989.865854790805
929.0,1010.7075504532637,53434.899625407554,69321.22236167433,12798.622120491604,28074.63472437912
930.0,1013.7563886634096,53464.76302371255,69634.19383005306,12639.240844764241,28135.462514602197
931.0,1015.6243402361451,53495.7455292655,69987.493091668,12444.485176831875,28197.024086748526
932.0,1020.47240946596,53525.276194458995,70268.42156537704,12299.45381673633,28262.277588358236
933.0,1024.8483187980328,53834.393162591856,70371.34219948942,12219.46213353882,28314.849891093363
934.0,1026.1058227160238,54029.07707606095,70524.48234138406,12194.285792910077,28347.84300602673
935.0,1028.2848543364025,54387.82303733549,70389.56588512719,12353.339577167922,28376.282581528776
936.0,1030.8498162592027,54445.69265956006,70375.80158887258,12553.007881297359,28397.499685951683
937.0,1034.7398743200927,54466.52396115531,70341.02070139365,12810.465367762348,28409.356363677965
938.0,1040.5653171614824,54654.39093009739,70182.03161628653,13112.049872167125,28416.938468273605
939.0,1046.5308135598077,54676.36511294905,70133.8661782006,13429.983282723082,28407.818699691594
940.0,1047.3788345211233,54843.73235012707,70022.6406240035,13553.90464232882,28473.54213271649
941.0,1048.599901610849,54869.04127523836,70056.66437752517,13527.896931642015,28572.418539942548
942.0,1048.6507144910115,55034.63622164055,70157.16953147725,13382.91383369749,28673.13592492546
943.0,1050.7210682760046,54919.6739345894,70498.97374070038,13096.11374984887,28793.80518216663
944.0,1053.9351657816453,54800.963644159194,70873.00496289284,12879.812780308937,28877.134273394357
945.0,1056.902454151138,54820.93761664205,71104.1454460948,14861.548596083385,28968.517930406688
946.0,1061.8663484156575,54832.813706812136,71432.57723181715,14671.537105938292,29027.273563078223
947.0,1064.1285520819101,54994.55017288445,71570.39727501343,14655.994588783435,29067.46360469443
948.0,1065.3217717383081,55303.88769044318,71557.26540394397,14771.374763833694,29089.74416101894
949.0,1065.1636971262153,55630.785395816856,71533.8479069736,14885.144491585586,29113.29125525764
950.0,1065.184300028787,55952.780794916864,71391.12769749585,15114.0650630867,29137.926501326423
951.0,1064.0663601445362,56157.27322638203,71469.3860634011,15192.092162380644,29158.330204118414
952.0,1068.0786585803671,56350.65184997541,71477.9343878525,15191.974726975794,29228.137681975593
953.0,1071.4175965855711,56382.174670264816,71619.91719124943,15051.42811947579,29327.881414879477
954.0,1076.1882410611329,56552.000461095355,71867.63902768558,14951.080489250873,29356.06503821634
955.0,1079.2696964953905,56729.74417573336,72141.15590677189,14767.394795355633,29402.420904806673
956.0,1081.4090429338585,56768.61587421674,72471.60284858952,14623.376792570885,29439.100704977936
957.0,1083.2375179280448,56960.971355624955,72745.00853530374,14454.845641893737,29477.136645024053
958.0,1085.5808862938438,57004.204770665114,73005.49836076707,14313.894287812114,29532.65869599384
959.0,1087.7235016219136,57201.231474448265,65950.89579052475,14381.7616338498,29572.27522943729
960.0,1087.6817799583819,57100.95486690671,65890.79837853958,14750.114228835724,29588.633013478033
961.0,1087.3937599942728,57292.75849424983,65706.97357783244,15129.634919584565,29602.158081846086
962.0,1089.9987579290719,57321.10795860945,65588.5625384836,15506.88145120509,29617.034624694938
963.0,1091.6710828997016,57211.9848838732,65564.34598074698,15837.983885376156,29634.39460996424
964.0,1095.49743692747,57095.171006401964,65576.38710685857,16114.394738915067,29656.599043730235
965.0,1098.715139942558,56977.00069713587,65593.44764028852,16324.043743274546,29699.884874189174
966.0,1100.7324670741805,56859.31357361588,65581.84516953754,16434.090843956204,29788.67563690079
967.0,1102.0192188999074,56741.430812875704,65641.80990449771,16452.601593324063,29881.262668960306
968.0,1100.8974559983253,56628.25029130786,65852.12315431947,16245.336013556393,29991.761467422635
969.0,1100.9689139933826,56512.623647608685,66077.94313536231,15986.306617413464,30113.579442709353
970.0,1101.2119186990822,56398.27860538431,66348.84103399332,15763.10714698479,30206.126790842274
971.0,1098.5249442198333,56429.36580312254,66454.31817991365,15677.283957619504,30295.54806457738
972.0,1095.9658523069445,56608.653174305095,66475.00172454456,15690.00882223938,30361.984590373024
973.0,1093.6023833106008,57070.78209361525,66400.31957639763,18102.474879565078,30382.396900077358
974.0,1091.5003096235466,53363.48208037965,66104.59292560577,18394.72649902851,30399.80949411019
975.0,1089.7907208905704,53608.90454042633,65941.08226151046,18725.07348072806,30418.480124940932
976.0,1088.4433531726215,53739.9382246597,65880.57123779759,18992.404921598692,30439.245387181476
977.0,1094.7461180835408,53757.33758105776,65984.62207353779,19114.611585149843,30458.48705615524
978.0,1103.7295618380895,53651.66791455158,66203.24343365089,18915.199834194842,30549.13790137205
979.0,1111.9036675730317,53645.11874547228,66412.23939303383,18682.212816204454,30631.859860008884
980.0,1115.540134420977,53657.86471525486,66732.60212036387,18381.161447331437,30688.022018253585
981.0,1116.3190432194401,53676.377609802126,67014.06663367136,18159.345815883444,30737.167494698384
982.0,1117.9181958202914,53694.30669695817,67352.86923256214,17884.483422325884,30778.215911760686
983.0,1117.9397572075627,53717.232748403636,67642.36113124888,17738.47665172166,30801.55021628599
984.0,1116.8812041419706,53623.03327957556,67972.05522914237,17664.44418285983,30814.97355662866
985.0,1116.7455670349834,53628.117806678936,68213.96619791098,17613.558978057747,30833.66191311806
986.0,1115.8199139111407,53743.39578856664,68165.21864345754,17848.477089813554,30861.66477541125
987.0,1117.0560540522322,53859.336729817885,68023.4391562728,18243.797015139207,30880.218879969158
988.0,1118.772198062501,53971.801994213136,67938.49416200841,18592.326710630987,30890.04140614396
989.0,1123.6256856146708,54074.5749210035,67798.75409415539,19015.004691110877,30901.063484720467
990.0,1130.5084295100569,54070.03163419133,67717.53555582486,19344.290898099305,30937.818821534394
991.0,1135.2968038423326,54068.00061862728,67634.0424200213,19752.58084663243,30953.380515237088
992.0,1137.9777175898255,54061.96072741233,67650.56785873206,19854.84139810549,31016.453992295785
993.0,1139.4339001917103,53955.98327823512,67732.65235303638,19817.823947303896,31115.131362441138
994.0,1141.881774897854,53950.04546186143,67728.80268618364,19757.31409070419,31231.41596918257
995.0,1144.0796405858312,53838.30798178122,67894.7245300406,19599.96520913915,31331.894644913442
996.0,1141.373655347923,53734.41374420886,68068.25827425791,19419.245793803162,31436.362640413277
997.0,1139.6230923260196,53628.630811168216,68184.58172876938,19383.510699405953,31523.476475818963
998.0,1137.2852115777346,53524.04766320749,68264.12387573425,19492.96119062485,31585.62133101631
999.0,1136.41977873003,53416.92928690282,68352.54642469177,19671.572371141516,31626.35750033556
1000.0,1135.6381254026946,53309.686853991356,68481.65694669742,19784.63173892927,31670.795165819654
