"tick","Money avg. 1 Producers","Money avg. 2 Internationals","Money avg. 3 Wholesalers","Money avg. 4 Retailers","Money avg. 5 Consumers"
1.0,498.9355237808011,39914.90871881589,23450.083061932757,5588.110155930506,0.0
2.0,497.87104756160215,39829.81743763178,23400.166123865518,5576.2203118610105,0.0
3.0,496.8065713424032,39744.726156447665,23350.249185798275,5564.330467791516,0.0
4.0,495.74209512320425,39659.63487526355,23300.332247731036,5552.440623722021,0.0
5.0,494.67761890400527,39574.54359407944,23250.415309663797,5540.634779652526,0.0
6.0,493.61314268480635,39489.45231289533,23200.498371596554,5528.828935583031,0.0
7.0,492.54866646560737,39404.36103171122,23150.58143352931,5533.8230915135355,0.0
8.0,491.48419024640845,39319.269750527106,23100.66449546207,5522.0172474440415,0.0
9.0,490.4197140272095,39234.178469342995,23052.9017240615,5510.211403374546,0.0
10.0,489.3552378080106,39149.08718815888,23005.386622061793,5498.40555930505,0.0
11.0,488.2907615888116,39063.99590697477,23427.871520062086,5392.599715235558,0.0
12.0,487.2262853696127,38978.90462579066,23454.65723832263,5365.504054130782,0.0
13.0,486.1618091504138,38895.81334460655,23407.142136322927,5353.313130395353,0.0
14.0,485.09733293121485,38812.722063422436,23359.62703432322,5370.86542560313,0.0
15.0,484.03285671201587,39129.630782238324,22912.111932323518,5389.873289703166,0.0
16.0,482.9683804928169,39046.53950105421,22858.721830323808,5409.546701347766,0.0
17.0,481.92890427361795,38963.4482198701,22805.919228324103,5421.409070736174,0.0
18.0,480.88942805441906,38880.35693868599,22753.715763212498,5418.264208479622,0.0
19.0,484.8062018352201,38789.76565750188,22813.10177916844,5393.23610784101,0.0
20.0,483.6364131160212,38706.07437631776,22875.67090633831,5358.7771721672525,0.0
21.0,482.3594449415585,38622.38309513365,23160.73597050886,5279.756901267166,0.0
22.0,480.9581669552911,38538.69181394954,23337.183759007403,5222.160446005284,0.0
23.0,479.44224950195735,38455.00053276542,23402.002893041208,5186.729530935444,0.0
24.0,477.79706470643197,38371.30925158131,23467.326791970256,5161.231633540411,0.0
25.0,478.62700504584143,38283.66939579906,23532.74627692546,5136.5931782648595,0.0
26.0,478.03071373576336,38197.40025966306,23598.256568605513,5111.983286305357,0.0
27.0,478.04006006257794,38109.72061954028,23550.26145734964,5110.114412541007,0.0
28.0,477.03158526082746,38022.84270660326,23502.266346093762,5108.375177527054,0.0
29.0,481.50258114946536,37927.10705691901,23454.271234837892,5106.759099325981,0.0
30.0,481.49632297203436,37839.52125183602,23406.276123582014,5093.583310801949,0.0
31.0,481.62732041593273,37750.78179003504,23358.28101232614,5080.4075222779165,0.0
32.0,481.99305691391487,37933.63197272856,23037.32863550455,5067.231733753885,0.0
33.0,482.4436067845743,37843.50685735885,22981.224477791307,5054.055945229851,0.0
34.0,482.93333528352093,37753.33712759591,22926.45623544649,5040.880156705822,0.0
35.0,484.67730414816583,37710.00469775265,23040.20183838329,4984.549055166913,0.0
36.0,486.4914877939835,37665.558223015716,23153.162872834393,4927.577825724029,0.0
37.0,488.0588249638881,37599.754722612444,23286.05832754219,4869.976740929283,0.0
38.0,488.3850606093846,37507.22473988791,23428.406664163187,4825.878121626851,0.0
39.0,490.8930092058173,37410.09953517754,23554.375236531538,4785.300824651118,0.0
40.0,491.68239346355733,37349.20118555776,23629.042568105775,4755.206506613179,0.0
41.0,493.3262135851054,37250.94073905364,23563.260000156068,4759.264777426439,0.0
42.0,491.68919480069115,37155.76294891606,23497.47743220636,4763.55692628539,0.0
43.0,491.87024610471775,37139.014140637504,23349.973918439122,4767.684955866107,0.0
44.0,493.55653511495296,37037.13051201143,23280.803735894264,4772.085745150948,0.0
45.0,494.38020522406407,36936.363073272936,23211.633553349406,4766.118023391293,0.0
46.0,493.98215708008064,36836.12291551438,23142.463370804548,4760.409357125459,0.0
47.0,493.0641124767828,36775.69316628181,23033.484982411614,4760.469110235871,0.0
48.0,492.3295354158316,36674.674600347025,22960.911451895634,4754.95818803127,0.0
49.0,490.51625009212097,36574.627832143204,22888.92542137966,4749.361606108717,0.0
50.0,490.0937243734303,36472.210641822065,22817.538185155576,4734.913814356286,0.0
51.0,488.4427612813536,36371.12669977311,22800.299628960885,4709.758224256506,0.0
52.0,487.8819625964795,36268.22060233088,22784.710517626507,4684.284783943797,0.0
53.0,485.345516354526,36167.81928777112,22770.744501161724,4658.526922613747,0.0
54.0,484.2571259949885,36065.45073388959,22758.375938850804,4637.827846802747,0.0
55.0,482.6944240760721,35964.49676817078,22746.930399695735,4623.623374521829,0.0
56.0,481.2528934815508,35863.20101310765,22736.37457939641,4609.439169107193,0.0
57.0,480.0242796608352,35774.46693955157,22655.093455770322,4607.151261027119,0.0
58.0,479.0537582063289,35672.2874751465,22585.122160298903,4605.246073049319,0.0
59.0,478.2096744817531,35570.71791963323,22595.033959706612,4594.957738460445,0.0
60.0,477.3974065458277,35468.717949314756,22673.69501020006,4572.161063257896,0.0
61.0,476.5660804083542,35378.960445557845,22741.71307105221,4550.841600557303,0.0
62.0,475.72784104297546,35277.21193238355,22821.59960254756,4537.228309588118,0.0
63.0,474.877404428606,35175.08171508275,22903.37981648296,4524.090095365297,0.0
64.0,474.6056592454003,35082.06847567889,23007.83385948896,4504.875870412433,0.0
65.0,473.8007055200674,34978.87003404453,23036.381069552805,4493.877146574892,0.0
66.0,472.9891781194889,34875.281452923045,23013.390729190483,4484.488221288863,0.0
67.0,472.172391778714,34771.300760211845,22983.194284597885,4460.690380693873,0.0
68.0,471.3597316191152,34666.926378228876,22953.17947172674,4436.713850006707,0.0
69.0,470.5270390711241,34562.15704482851,22923.924708990984,4412.559735073642,0.0
70.0,470.26343650944216,34456.10907644867,22858.51622077496,4395.611758835461,0.0
71.0,468.1558775657761,34352.20204264181,22872.26739345843,4362.980553809202,0.0
72.0,466.09795438899886,34249.29500883495,22887.727787880274,4330.047004697671,0.0
73.0,464.1174128793437,34147.38797502809,22904.849531778756,4303.648576199487,0.0
74.0,462.2414449753655,34054.14170059857,22914.301724651235,4281.057842729039,0.0
75.0,460.4934012303473,33965.11250928922,22920.132170176847,4258.720267541346,0.0
76.0,458.8999289198848,33866.2228124151,22851.8639884683,4257.9303118288835,0.0
77.0,457.3515956000218,33793.54109649756,22822.91735136982,4244.9747718789495,0.0
78.0,456.4370624513515,33707.56816613668,22789.742944177407,4226.612297996522,0.0
79.0,456.81053862376723,33619.7530303342,22754.599190537967,4208.454383733825,0.0
80.0,456.7726932600558,33519.00002097534,22772.31892699431,4182.089855755889,0.0
81.0,459.21742550784785,33414.16647397575,22783.505737442687,4157.088446888396,0.0
82.0,461.1293042921051,33308.93947364126,22789.665526923207,4127.758404545794,0.0
83.0,464.3276101722255,33200.750417596566,22767.76025468288,4103.8581851748495,0.0
84.0,468.1211119729372,33090.159678951735,22746.24108938423,4080.9097248126086,0.0
85.0,471.16970712535743,32978.8985994083,22725.093969189355,4057.7420586647436,0.0
86.0,473.66990146268034,32866.74080915647,22650.889714452995,4045.0696279319454,0.0
87.0,473.81520394368624,32756.487552905048,22576.685459716635,4036.2820529162263,0.0
88.0,472.1761461089831,32648.189733460407,22502.481204980275,4027.6675105231234,0.0
89.0,470.49902795260186,32539.891914015767,22428.27695024392,4019.401554695412,0.0
90.0,468.81952716229694,32431.59409457113,22354.07269550756,4011.4435790531957,0.0
91.0,467.1608141809902,32323.29627512649,22279.8684407712,4003.7392458828185,0.0
92.0,465.5468039455413,32214.998455681853,22205.66418603484,3996.2508402139015,0.0
93.0,464.000334777663,32106.700636237212,22131.45993129848,3988.2787640920005,0.0
94.0,462.54206369253274,31998.402816792575,22057.255676562123,3986.1579055791785,0.0
95.0,461.1564621414874,31891.10499734794,21983.051421825763,3977.4203704292872,0.0
96.0,459.83933158615577,31784.807177903298,21908.847167089403,3969.079646093967,0.0
97.0,458.57610661825004,31686.950786908557,21826.78898390315,3961.1586060622276,0.0
98.0,457.3195376782266,31590.701231025534,21740.77396560517,3958.2029766613655,0.0
99.0,456.08796873820324,31485.403411580897,21691.241113165157,3949.885659245203,0.0
100.0,454.87694078058115,31380.105592136257,21655.03386181134,3928.7500972555436,0.0
101.0,455.5597279456137,31280.429103525566,21603.88993289689,3909.086627537982,0.0
102.0,455.8323071286203,31172.242341939924,21559.31417882483,3899.274531942336,0.0
103.0,455.57477324581777,31064.247263150588,21515.168739835743,3884.7519964908383,0.0
104.0,454.16684303435534,30957.52645903983,21464.946970434234,3865.82210159295,0.0
105.0,452.6596618395044,30850.805654929078,21385.53254914873,3357.344469162675,0.0
106.0,451.0903667999994,30744.08485081832,21306.11812786323,3342.6007955256414,0.0
107.0,449.43815834650854,30637.364046707567,21226.703706577726,3327.787953623021,0.0
108.0,448.54645212391836,30529.417419307814,21147.28928529222,3311.477839217356,0.0
109.0,446.82726987219473,30422.444452518583,21067.874864006717,3353.23852559456,0.0
110.0,446.2331310907816,30313.760924375438,20988.460442721214,3347.2900349053825,0.0
111.0,445.2748119008377,30205.25843867949,20909.046021435708,3349.707256690314,0.0
112.0,444.3596781002842,30096.44407979506,20830.219100150207,3352.358330379204,0.0
113.0,443.51947618948196,29987.262782303736,20751.988883084712,3346.5767437290833,0.0
114.0,442.72909113151195,29877.691304227214,20702.121713287994,3330.243917556205,0.0
115.0,441.9652399126842,29767.706622592796,20653.26138663584,3313.76568512299,0.0
116.0,441.24820388491537,29658.285969643643,20605.825048275598,3297.0207671503526,0.0
117.0,439.3874001233833,29551.224602027563,20559.810460906512,3261.688384476821,0.0
118.0,437.57354299689416,29453.975588922418,20538.56597013097,3212.9462477002276,0.0
119.0,435.83443602993526,29357.947634875556,20515.3108678519,3163.4434223157027,0.0
120.0,434.1973259041027,29263.130965823646,20460.470365142894,3358.3593894131227,0.0
121.0,432.69408296849394,29169.540901131688,20403.34672173221,3612.559703306564,0.0
122.0,431.37080584357943,29075.05158375133,20344.114260245602,3583.0994698514164,0.0
123.0,430.6375701423559,28979.97432642993,20281.846732185688,3553.6704054857364,0.0
124.0,431.68427961397106,28873.41693518813,20190.680629778923,3539.6530005914797,0.0
125.0,432.27021329088063,28766.6826026513,20099.51452737216,3532.7522952758072,0.0
126.0,433.9690726106063,28657.469702000082,20008.3484249654,3720.2893273575582,0.0
127.0,434.40944352169174,28548.807192355627,19917.182322558634,3723.7662471706776,0.0
128.0,433.58099164387113,28441.112131816793,19826.01622015187,3728.5187738800955,0.0
129.0,432.79036697592136,28332.93982451894,19734.850117745107,3734.5345385502005,0.0
130.0,432.0350938497674,28224.247462885796,19643.684015338345,3741.605798472492,0.0
131.0,430.98644642793306,28115.47587334382,19552.51791293158,3742.0989938997695,0.0
132.0,429.0878986875889,28007.586821403365,19461.351810524815,3725.6330546719555,0.0
133.0,427.2130219668048,27899.697769462913,19370.185708118053,3718.4924465957192,0.0
134.0,425.39322415842815,27791.80871752246,20123.21568456903,3710.763030387768,0.0
135.0,423.6615397117198,27683.919665582005,20040.33801587135,3704.2630204868497,0.0
136.0,422.0481678024991,27576.030613641553,19957.460347173677,3715.782216243246,0.0
137.0,420.5736595016331,27468.141561701097,20386.456707455138,3710.388523209981,0.0
138.0,419.19824039196595,27360.252509760645,20298.126722511166,3712.3710354079626,0.0
139.0,417.85136442217294,27252.36345782019,20209.796737567194,3707.9277830936926,0.0
140.0,416.5379436221007,27144.474405879733,20121.466752623222,3703.039114761241,0.0
141.0,415.24373751132504,27036.58535393928,20033.13676767925,3688.050900948445,0.0
142.0,413.9495314005494,26928.696301998825,19944.80678273528,3685.1561801964244,0.0
143.0,412.6553252897737,26820.807250058373,19856.476797791307,3683.1007965916433,0.0
144.0,411.361119178998,26712.918198117917,19768.146812847335,3681.939240772363,0.0
145.0,410.06691306822233,26605.029146177465,19679.816827903363,3689.919304699332,0.0
146.0,408.7727069574466,26497.140094237013,19592.661842959387,3697.0940024575666,0.0
147.0,407.47850084667095,26389.251042296557,19506.69743565047,3692.4242996080325,0.0
148.0,406.1842947358952,26281.361990356105,19455.57871589166,3671.4816017929707,0.0
149.0,404.8900886251196,28938.77835073252,19406.09871562685,3679.2549599344998,0.0
150.0,403.5958825143438,28835.517904696062,19454.252973738352,3614.243755723648,0.0
151.0,402.30167640356814,28732.257458659606,19386.274261319497,4129.196995381993,0.0
152.0,401.0074702927925,28629.797012623145,19318.89844111376,4119.202094063523,0.0
153.0,414.03994072744297,28528.141658452038,19252.133521718046,4090.6985935089083,0.0
154.0,412.77918618619304,28432.8784918639,20042.759165249,4062.1722376794864,0.0
155.0,411.518431644943,28337.65085541117,19972.005610789703,4042.105388871538,0.0
156.0,410.26481996083595,28242.45697258709,19899.501128088425,4021.8212901870666,0.0
157.0,409.0419144731057,28141.611547553406,19831.390803078142,4017.1048067116308,0.0
158.0,408.30975605575816,28040.129753356225,19764.374822661535,3993.9852970157317,0.0
159.0,409.095435681726,27936.385908045944,19715.24444708085,3974.9286412216943,0.0
160.0,410.19459324064707,27831.461106986666,19673.33258668986,3969.6370339752034,0.0
161.0,410.5086949344369,27726.72301005883,19633.04905735799,3950.336832866776,0.0
162.0,409.76827196014034,27622.770581203822,19586.709235290138,3942.6373604948285,0.0
163.0,408.95078443690346,27518.54501712251,19541.57960161452,3954.4136273602917,0.0
164.0,407.3541977507345,27415.020709270786,19503.78763561422,3960.679443257085,0.0
165.0,405.7463110922518,27312.296401419062,19449.958846179365,3979.1782082212617,0.0
166.0,404.1437583237595,27211.188766119285,19400.027717840683,3971.1755684580003,0.0
167.0,402.5678397694923,27115.45734286659,19345.68287994037,3961.1440583540348,0.0
168.0,401.03935573608834,27025.214175629262,19284.447214826414,3946.225695153345,0.0
169.0,399.5992283917831,26924.106540329485,19230.01189948416,3925.2501756035845,0.0
170.0,398.2688133416645,26822.99890502971,19175.751361715033,3914.3549093012507,0.0
171.0,398.3526381903814,26720.00983237698,19098.238746207528,5294.670481037452,0.0
172.0,398.6839560194212,26616.176484442047,19020.726130700015,5283.82551448077,0.0
173.0,397.98155364212414,26513.143754775236,18943.213515192507,5299.723352209486,0.0
174.0,397.27689158749047,26409.791543154548,18865.700899684998,5290.53936095483,0.0
175.0,396.27906976690514,26306.47245527133,18788.188284177493,5282.090352377372,0.0
176.0,395.17388630394487,26202.975815643626,18710.675668669985,5353.6528918318245,0.0
177.0,393.48163695010084,26099.995320404058,18633.633053162474,5368.464732429954,0.0
178.0,391.7809223868369,25997.014825164493,18557.539537972683,5357.528152915595,0.0
179.0,390.09281713447206,25894.034329924918,18493.828583772865,5334.606550859831,0.0
180.0,388.44207007644565,25791.05383468535,18441.471835606622,5301.295073059376,0.0
181.0,386.85261591249593,25688.07333944578,18390.59598833674,5267.464286633859,0.0
182.0,385.3465621418293,25585.09284420621,18341.224261336836,5241.456881105224,0.0
183.0,383.9430429789749,25482.112348966642,18292.848875951782,5242.5775670532685,0.0
184.0,382.6516435691161,25379.131853727074,18245.69611534329,5248.788583326934,0.0
185.0,381.38920395987833,25276.151358487503,18186.804224701064,5265.668259892786,0.0
186.0,380.1267643506405,25173.970863247934,18128.644886428385,5276.73639184097,0.0
187.0,378.86432474140264,25072.60618497605,18070.672966545408,5281.324652891464,0.0
188.0,377.6018851321649,24977.401339855445,18007.29594331515,5307.805963147931,0.0
189.0,376.339445522927,24883.15732111506,17929.37483977191,5367.313959923511,0.0
190.0,375.0770059136892,24789.04846133344,17849.39211492731,5387.6051576913305,0.0
191.0,373.8431377330228,24695.06898625701,17766.82388091752,5377.066093784073,0.0
192.0,372.6562939259057,25619.689483088332,17776.959724176108,5305.224953470837,0.0
193.0,373.3972227443691,25520.546758919656,17697.571757910886,5306.344193125638,0.0
194.0,376.23228363492547,25417.91456898515,17618.183791645668,5308.217585014768,0.0
195.0,377.8980237551302,25315.7983368008,17538.795825380446,5330.296050571356,0.0
196.0,377.1841175486165,25398.152834905348,17314.893313660683,5325.8600297645535,0.0
197.0,375.6011908765893,25299.624439286505,17234.567047343808,5328.176491157322,0.0
198.0,390.0658348505929,25200.19615654624,17181.45094392216,5292.693131132393,0.0
199.0,388.3044918278193,25101.451788027112,17124.112896083265,5261.891810587307,0.0
200.0,386.5049759247212,25002.707419507988,17073.056145183797,5231.926176252209,0.0
201.0,384.72125327657955,24903.96305098886,17022.61364047155,5207.464348315183,0.0
202.0,382.9829673462861,24805.218682469735,16972.301233004033,5220.194400152908,0.0
203.0,381.32018806760397,24706.474313950606,16901.179913006556,5250.3355854621595,0.0
204.0,379.76069221486017,24607.72994543148,16825.13712526881,5279.804425747656,0.0
205.0,378.32859588777325,24508.985576912353,16760.99713113674,5311.864882975744,0.0
206.0,377.0105914591517,24410.24120839323,16698.074255769865,5341.083052224407,0.0
207.0,375.75982180868743,24311.4968398741,16636.379611841166,5371.5966425855795,0.0
208.0,374.51530215822316,25387.141289801268,16587.75335558811,5383.931871716646,0.0
209.0,373.2771511606967,25289.361993076043,16540.985484913108,5378.147640136269,0.0
210.0,372.4621266461704,25193.138251904365,16493.653041372963,5353.500347838846,0.0
211.0,371.6578311325209,25099.31877861002,16453.5358392427,5328.168136539168,0.0
212.0,370.8447190794119,25022.75579235385,16404.807577594554,5284.082313511234,0.0
213.0,369.99354136191744,24947.437118009257,16337.479566476568,5269.267184524807,0.0
214.0,368.7239377767646,24865.058865830113,16262.007590422994,5257.615580231084,0.0
215.0,367.46755022743497,24782.35556843515,16194.091402697806,5241.1994825293195,0.0
216.0,367.85528185143835,24687.262902331982,16121.114420397504,5237.406903168789,0.0
217.0,369.05286897323316,24588.893857825813,16040.009533040778,5262.721396239396,0.0
218.0,370.93200866718007,24486.87316192555,15958.904645684052,5287.256443121371,0.0
219.0,370.8211427863499,24387.74254835756,15878.269758327326,5289.381529572661,0.0
220.0,370.457619922555,24288.062246144902,15798.1121228316,5295.97727481391,0.0
221.0,369.61787090623204,24188.54083733909,15723.68690343704,5290.8096550331375,0.0
222.0,367.76445467849555,24090.863117051387,15649.834640538656,5286.17786271311,0.0
223.0,365.8772816496309,23993.185396763685,15576.563692684012,5287.874287083343,0.0
224.0,364.04213504950434,23895.507676475983,15503.882030655524,5289.664779807557,0.0
225.0,362.29371399056464,23797.82995618828,15431.283046380473,5290.106752190214,0.0
226.0,360.66667046969457,23700.15223590058,15358.76573549875,5297.7230471679195,0.0
227.0,359.1913225624958,23602.474515612877,15280.590768863469,5286.070893728677,0.0
228.0,357.8371810180099,23504.796795325175,15202.415802228188,5289.295726496668,0.0
229.0,356.58319795007105,23407.119075037474,15124.24083559291,5306.446249079396,0.0
230.0,355.3543982152788,23309.44135474977,15046.065868957627,5318.654573136739,0.0
231.0,354.12559848048664,23211.76363446207,14968.360902322347,5320.897165200159,0.0
232.0,352.89679874569447,23114.085914174368,14891.136731423492,5338.162289321651,0.0
233.0,351.66799901090224,23016.408193886666,14820.07410092916,5337.207802824303,0.0
234.0,350.43919927611006,22918.730473598964,14749.643713548747,5336.760824018785,0.0
235.0,349.2103995413178,22821.05275331126,14680.324392988954,5336.442324576029,0.0
236.0,347.98159980652565,22723.37503302356,14612.136304329275,5341.115827665581,0.0
237.0,346.7528000717334,22625.697312735858,14550.241748810588,5325.261778462695,0.0
238.0,345.5240003369412,22528.019592448156,14489.121723414153,5341.948707692771,0.0
239.0,344.295200602149,22430.341872160454,14422.424092930427,5333.71434978356,0.0
240.0,343.06640086735683,22333.997485206088,14356.45687135903,5368.62646454791,0.0
241.0,341.8376011325646,22238.988484381807,14290.66901131356,5366.6843863435815,0.0
242.0,340.6088013977724,22152.363656581023,14220.001952754044,5390.428604958637,0.0
243.0,339.38000166298025,22065.751737032635,14141.390420979984,5400.473459716039,0.0
244.0,338.176201928188,21970.742736208358,14066.724907040527,5399.258169554652,0.0
245.0,337.0012184024928,21875.73373538408,14003.69231361661,5391.361005634351,0.0
246.0,337.5005579031524,21777.654383930734,13961.795475934017,5385.200914137313,0.0
247.0,338.25275503829096,21679.216103589104,13920.540795361805,5354.145097786421,0.0
248.0,338.5739057464713,21592.62835208502,13853.919927407464,5356.433524662793,0.0
249.0,338.9333860814893,21506.441971288237,13778.038110732181,5351.66667960165,0.0
250.0,338.18606270815565,21431.54194014147,13691.264198732395,5352.26741333064,0.0
251.0,337.3938903703098,21346.33736118696,13615.942057265438,5342.88228447849,0.0
252.0,336.36518825703087,21252.008388625836,13544.269727484989,5328.394237655197,0.0
253.0,336.6860744060895,21153.803798803954,13468.683826960276,5316.42849712812,0.0
254.0,337.0797042951426,21054.084402789005,13398.406720632132,5296.136105839101,0.0
255.0,337.64704831008385,20952.361859702207,13327.698458073322,5314.15087379744,0.0
256.0,337.49003457457025,20850.705822743304,13258.453696226941,5300.841664762446,0.0
257.0,336.6957658783734,20749.196312688982,13184.090729879183,5292.784395189989,0.0
258.0,334.63573248407084,20649.97685865443,13109.805925479965,5292.10298815752,0.0
259.0,332.49125125892016,20552.09073795321,13036.411494841801,5291.001926349625,0.0
260.0,330.7076125588362,20454.611332801054,12958.75830631406,5292.434276443431,0.0
261.0,328.6212030078868,20366.007334244372,12575.48422757432,5299.828384934999,0.0
262.0,326.6846051317511,20277.444690792356,12490.591310624452,5310.027355320227,0.0
263.0,324.9563126739513,25135.473965505185,12410.139591487725,5302.807479122765,0.0
264.0,323.433241391223,25041.59216058217,12335.653487538933,5289.5777004974625,0.0
265.0,322.7823460780004,24946.17702182457,12265.478949054908,5273.391296557715,0.0
266.0,321.95498697344135,24851.78616115972,12192.565135414248,5260.018043333221,0.0
267.0,321.1488819771712,24758.10071287779,12120.83560921043,5245.473596226955,0.0
268.0,320.78112045395363,24670.38572109092,12043.711540829006,5247.150108017516,0.0
269.0,319.9532221239941,24584.171766997388,11968.208133565839,5232.288596950006,0.0
270.0,319.0696864914475,24497.84696146178,11884.677352147339,5221.0678939331765,0.0
271.0,317.9851011932015,24411.715954478066,11802.728733815802,5207.179922994864,0.0
272.0,316.465893368701,24319.6471453409,11725.850267949585,5198.0073691822,0.0
273.0,315.808458200432,24225.949548324887,11650.435322717338,5188.070782839331,0.0
274.0,316.7289744741513,24128.806685975964,11576.35655751238,5168.987283480896,0.0
275.0,317.6549252575475,24031.589631468796,11503.014952320016,5150.990586633792,0.0
276.0,318.08765166622294,23935.301564654976,11429.923277811788,5130.405278047726,0.0
277.0,317.9034752292239,23846.451495588746,11347.444332118406,5112.4903110179885,0.0
278.0,316.51304264937767,23759.685334404956,13710.056239678077,5105.520560962158,0.0
279.0,315.10280497467664,23673.135570527833,13630.270051396343,5094.094344163473,0.0
280.0,313.72373434275323,23580.141737256978,13553.666030671671,5078.897923352217,0.0
281.0,313.21192920160973,23485.477360953893,13477.610831676922,5072.69364160175,0.0
282.0,314.1899094860926,23387.369973835113,13401.068566643218,5066.388710772656,0.0
283.0,314.26169326608016,23289.758621075798,13325.548812954881,5055.424993075739,0.0
284.0,313.1996858749205,23193.428930504706,13249.977890518985,5053.8597465646335,0.0
285.0,312.3919984533122,23096.07276692088,13174.957272556949,5041.3031833080895,0.0
286.0,311.0006258905686,22999.183246954726,13100.454682378935,5025.898925961161,0.0
287.0,309.0522361097502,22902.988814647208,13026.48718920998,5005.78167007824,0.0
288.0,307.12253223529194,22806.794382339685,12952.882252741247,4987.425054693407,0.0
289.0,305.2470751192638,22710.599950032167,12879.893668599496,4973.262996918045,0.0
290.0,303.464633706423,22614.40551772465,12807.533698097937,4957.711132867293,0.0
291.0,301.81110419897107,22518.211085417126,12735.829614576869,4955.1935667358275,0.0
292.0,300.3178756510778,22422.01665310961,12664.196667560613,4945.4958413483,0.0
293.0,298.9806348700915,22325.822220802092,12592.603211556725,4930.391404684292,0.0
294.0,297.7315893246971,22229.627788494574,14349.070132276054,4942.243432581693,0.0
295.0,296.4873841980852,22133.43335618705,14280.542430066847,4928.405959302127,0.0
296.0,295.24317907147315,22037.238923879533,14215.09306558198,4912.965828952419,0.0
297.0,293.9989739448612,21941.044491572015,14165.977287727832,5411.030958885548,0.0
298.0,292.75476881824926,21844.850059264492,14118.481452034704,5383.659553536766,0.0
299.0,291.51056369163723,21748.655626956977,14072.174901278193,5345.457198552382,0.0
300.0,290.26635856502526,21652.46119464946,14026.561680201849,5332.002878912363,0.0
301.0,289.02215343841334,21556.26676234194,13792.735211392866,5316.031519266162,0.0
302.0,287.7779483118013,21461.07233003442,13734.280053419468,5303.347362352959,0.0
303.0,272.0093621320949,21366.880410148424,13693.73098251467,5264.791870288329,0.0
304.0,270.7395162587468,21279.808064869525,13629.948606225236,5247.112595047275,0.0
305.0,269.46967038539856,21192.751086766766,13564.876741802018,5241.2006139512005,0.0
306.0,268.2069673691933,21105.69766929271,13498.571001125883,5217.881511554892,0.0
307.0,266.9821275998585,21012.508843965137,13438.601190374447,5192.548134620028,0.0
308.0,266.2555405424936,20918.524564091196,13378.494274401746,5202.280741014149,0.0
309.0,267.7299304270074,20820.55052309188,13319.224687423393,5178.560323594453,0.0
310.0,269.61616165050714,20720.813024187373,13258.573073869386,5152.931496756521,0.0
311.0,270.9495688805774,20620.734431241715,13214.729921244307,5118.126710739957,0.0
312.0,271.74409714013734,20520.435154442835,13172.842762809512,5077.637722345589,0.0
313.0,270.3505779894538,20422.965722383862,13135.209677097644,5059.080769803978,0.0
314.0,269.32123102636695,20324.639610634837,13098.01592798559,5017.570122595751,0.0
315.0,267.74534924789435,20227.954784825382,13058.333071358564,4979.334096558059,0.0
316.0,266.1563418747923,20133.284678513992,12999.730571915985,4963.941145569145,0.0
317.0,264.5739388084222,20046.080973152617,12936.425885669594,4948.769406531571,0.0
318.0,263.0197336332742,17771.893216401306,12865.99288062575,4935.307209528267,0.0
319.0,261.5291822486307,17683.628744154477,12799.288480307401,4914.177132585347,0.0
320.0,260.12624374141564,17586.73389682638,12735.17936330038,4893.687719755378,0.0
321.0,259.6867536657821,17487.845110084927,12672.24044453444,4946.409517460674,0.0
322.0,259.6222323431454,17387.835676886512,12609.48015576907,4924.413245684349,0.0
323.0,289.8408427011103,17286.586537381034,12547.974281201396,4949.446927823273,0.0
324.0,289.86248974297973,17185.72568286282,12489.1517716895,4923.647159735743,0.0
325.0,288.6061586627549,17088.573226475673,12429.947155241327,4904.123506276964,0.0
326.0,287.2843823181106,17000.443619753314,12372.535464807626,4878.496687737552,0.0
327.0,285.89742412036776,16912.209989519382,12314.534933688134,4951.495397780338,0.0
328.0,284.5155827870268,16825.401805412737,12255.670930768165,4930.233382567876,0.0
329.0,283.1452413389862,16732.305040006533,12199.470181517627,4932.796337537219,0.0
330.0,282.52475197293654,16647.820490175745,12138.496448549458,4913.934580548234,0.0
331.0,281.7111187950282,16566.295411473435,12070.007085026858,4913.116630671416,0.0
332.0,280.7782834717371,16493.772822726118,11992.107697768977,4903.022497560085,0.0
333.0,279.89745545623396,16421.067743197473,11909.135429832993,4893.067959317089,0.0
334.0,278.44226828195883,16341.393011266522,11826.064855925822,4886.600574162344,0.0
335.0,278.8982817719219,16248.382724621522,11745.808023647474,4878.903480739254,0.0
336.0,281.4806584233603,16148.083724606477,11666.499897604686,4864.3779921779205,0.0
337.0,281.9658299688433,16050.216866816118,11598.93933442266,4841.37551772804,0.0
338.0,280.3066289298076,15956.09086056341,11535.1411118649,4804.447044448321,0.0
339.0,278.1353503142256,15862.631520978235,11483.284842764197,4757.707573336272,0.0
340.0,276.3214085932561,15767.815779844237,11433.884801708375,4732.522759601855,0.0
341.0,274.91125231033215,15672.751286734314,11386.317563752134,4684.824179487283,0.0
342.0,272.9664329466935,15579.707710398687,11341.914008437258,4637.6040697517965,0.0
343.0,270.64862671188126,15496.908077219865,13318.717469349329,4603.114696824308,0.0
344.0,268.4653618147979,21560.907871541545,13257.351387255292,4570.53673492625,0.0
345.0,266.4333301945493,21478.262558122384,13184.310108473135,4552.0266890738185,0.0
346.0,264.60126096026875,21389.21240142092,13111.413742793762,4542.690793444722,0.0
347.0,265.11861828742315,21295.85423030635,13038.517377114393,4526.669690349105,0.0
348.0,265.7641440140123,21201.496059203593,12965.62101143502,4645.424459979822,0.0
349.0,266.9868465064061,21105.121956570267,12893.116312422313,4672.754245406793,0.0
350.0,268.6355012587584,21006.64185325602,12821.020133708833,4661.85946899255,0.0
351.0,269.997694227474,20907.110294329515,12750.798906312688,4652.657590783153,0.0
352.0,270.09471567996906,20808.479525661744,12681.487029065334,4656.404225274375,0.0
353.0,268.29181706017465,20712.542110271355,12613.910089703277,4642.862178293451,0.0
354.0,266.4570743624206,20616.604694880967,12553.14200862789,4627.561622547607,0.0
355.0,264.6438329847085,20520.667279490583,12500.309638184166,4627.584619780075,0.0
356.0,262.8832674459747,20425.729864100194,12445.367287026998,4619.88019645197,0.0
357.0,261.2065857431067,20331.804859568623,12456.216659652418,4509.250456108099,0.0
358.0,259.64236040714553,20245.122814283197,13980.793270011192,4505.356990127325,0.0
359.0,258.21510155063135,20160.556387443423,13985.150834669172,4367.04585836223,0.0
360.0,256.90475241005873,24061.59013606379,13923.764580861482,4328.926522637174,0.0
361.0,255.6487200115115,24112.17049958703,13765.191662006348,4326.5852717698335,0.0
362.0,256.4540550068438,24027.25792002183,13696.789300312716,4328.4606885536305,0.0
363.0,256.3190160527145,23944.491608978715,13626.94632624472,4330.282977284278,0.0
364.0,256.4745178219699,23860.951081750594,13555.261605892745,4473.37721092235,0.0
365.0,256.89552510273234,23778.681240971113,13480.515605649927,4467.511265094422,0.0
366.0,257.38682253551417,23687.723979280614,13405.803520274416,4466.813528021668,0.0
367.0,258.42042719928344,23595.17254604036,13334.237831319751,4478.634052456411,0.0
368.0,260.26475491427783,23500.372420984662,13259.525745944238,4489.707637412663,0.0
369.0,262.3031022029144,23403.91238395736,13184.813660568725,4510.960081759932,0.0
370.0,261.52416924942685,23310.484335703233,13110.101575193214,4514.126563304615,0.0
371.0,259.7783254327134,23218.132163452883,13035.725204103412,4522.999580758978,0.0
372.0,258.4896262592542,23124.87366363864,12962.02312845592,4557.459169139538,0.0
373.0,256.55203045617935,23032.303972772956,12890.740294511457,4540.655585523562,0.0
374.0,255.24529926206648,22938.68699116171,12821.556370378521,4559.181551985895,0.0
375.0,254.08920884180995,22844.60744481844,12754.719809481632,4552.469397403571,0.0
376.0,253.00117782378612,22750.904749598347,12687.267549375896,4542.351888254301,0.0
377.0,252.01383797612317,22656.71546823064,12620.425262121886,4554.964846525251,0.0
378.0,250.81539345605265,22632.733135407558,12504.276108830793,4540.553342998854,0.0
379.0,249.7894722362821,22538.24726482347,12438.78968980025,4515.586142054896,0.0
380.0,249.30233162449716,22443.650082095446,12374.06221546511,4487.895166520337,0.0
381.0,248.44635790079462,22349.966707174044,12310.48861166679,4456.041005547125,0.0
382.0,247.57831133760962,22294.436138886067,12221.119547815984,4437.671950745,0.0
383.0,247.180087891218,22204.723680983647,11131.020829044759,4415.209539690605,0.0
384.0,246.32153397647878,22115.187982860523,11064.072134881784,4390.186490776087,0.0
385.0,245.85464090359218,22020.091476075537,10995.586254388203,4364.841509492273,0.0
386.0,244.9820834652265,21925.14923563685,10927.488833167707,4339.2543620223405,0.0
387.0,244.4925388042233,21829.303661864833,13043.589198322268,4324.245432311078,0.0
388.0,245.02439937506423,21731.335690431875,12983.53497469604,4566.306427075016,0.0
389.0,245.8209519320552,21632.160715858376,12923.491780344466,4548.925112585935,0.0
390.0,245.20247117187768,21534.39878991733,12859.413724290283,4554.239842718846,0.0
391.0,244.13595834221402,21437.06266463545,12795.335668236103,4540.296664617592,0.0
392.0,243.13794644774939,21339.480591636195,12731.25761218192,4527.252059692362,0.0
393.0,242.512316294963,21241.17404070128,12667.649556127739,4512.8435222508215,0.0
394.0,240.86741593173784,21144.029628607845,12604.520058625301,4502.17272476859,0.0
395.0,239.21277610923244,21046.885216514416,12543.853263901889,4490.117047570882,0.0
396.0,237.56658078977705,20949.74080442098,12483.566495031291,4518.708759551308,0.0
397.0,235.95184981384682,20853.396392327548,12424.166426766802,4504.189034397973,0.0
398.0,234.39093900285692,20757.87444117881,12365.709370711344,4490.813859615412,0.0
399.0,232.9046641619995,20668.048115123423,12307.154469962754,4480.3720282972145,0.0
400.0,231.51122708903083,20579.222923757457,12247.179368384259,4477.488643040475,0.0
401.0,230.18159204072217,20490.52855019962,12186.00388520302,4458.6087320080305,0.0
402.0,228.91618987006834,20402.76085435096,12123.546842421829,4445.0772937075735,0.0
403.0,227.7220497938056,25407.495763286475,12069.35592179213,4417.8854091634685,0.0
404.0,227.92510278119065,25315.65016181779,12018.054174575796,4396.606427198724,0.0
405.0,229.47812849671496,25220.48841052744,11966.588616096291,4371.828620956199,0.0
406.0,230.70866445735797,25124.584842141965,11906.203662660633,4363.4593440981325,0.0
407.0,230.45120640302662,25032.30967370121,11846.448883391526,4353.104475331711,0.0
408.0,228.91964506636506,24943.834517458643,11786.747775262873,4342.944635519488,0.0
409.0,227.24838496472935,24868.695423491954,11717.22825583816,4327.262039104256,0.0
410.0,225.50021827706834,24782.278147503195,14591.195492425022,4382.19882295312,0.0
411.0,223.77189567191252,24695.860871514436,14526.593555922806,4385.088751957101,0.0
412.0,222.10458087277246,24609.443595525674,14462.956772321399,4378.0381214166155,0.0
413.0,222.23014506617753,24519.58489441614,14509.49524656015,4282.685547080088,0.0
414.0,223.60194285728417,24426.393332953703,14537.763756013193,4199.1475420127235,0.0
415.0,225.26510835124833,24333.10228328505,14569.27503966675,4122.17948134486,0.0
416.0,224.05758548610106,24243.83781644361,14512.738746622288,4150.027121577795,0.0
417.0,222.17979535517253,32271.80311275253,14509.003490641484,4093.1254200827852,0.0
418.0,220.29245686699772,32186.894287682997,14529.400431217862,4026.4725900380995,0.0
419.0,218.45870730870905,32101.985462613466,14469.350908215409,4265.885735479639,0.0
420.0,217.64388158973233,32014.537421857658,14409.98619411055,4249.300046788499,0.0
421.0,218.99271192217842,31922.17027573767,14433.919377000773,4218.638833240582,0.0
422.0,219.10944257833722,31831.27403450313,14375.988394958358,4211.735021284909,0.0
423.0,219.56906393732996,31798.87538246194,14353.612135942472,4140.009287332268,0.0
424.0,221.51719770305297,31703.00558105236,14293.67999795334,4166.613932786275,0.0
425.0,221.320547705814,31625.551626382377,14221.168128569285,4181.165527734511,0.0
426.0,221.49838595318403,31555.162175628622,14150.143202148538,4205.406101858969,0.0
427.0,220.24323568991082,31463.34708031521,18805.702141241654,4200.319624361016,0.0
428.0,220.20985739635992,31368.713802878887,18737.151793165693,4350.598746186858,0.0
429.0,220.92320194082268,31270.368488769444,18669.384778423064,4386.308395237241,0.0
430.0,220.42675657289917,31188.110484462395,18588.85712065733,4410.015691885926,0.0
431.0,220.62028241923753,31089.03292530393,18606.693958807897,4452.931886655752,0.0
432.0,221.2501724268622,30999.552893723245,18615.952974530977,4421.611591817958,0.0
433.0,221.60123658278883,30899.921715277178,18812.819152318694,4285.006100777233,0.0
434.0,222.14891656886672,30809.33126371037,19098.22995394319,4085.3974739785153,0.0
435.0,220.86956274593467,30735.571457159767,19185.350086111546,5116.972281411493,0.0
436.0,219.75378723582392,30652.673271196854,19257.509348769236,5019.436871469255,0.0
437.0,218.78292398356407,30570.51572965604,19233.956472200316,5019.985320312305,0.0
438.0,218.00965043503834,30487.787122836173,19352.84645769402,4940.066093575721,0.0
439.0,217.58978871512363,30404.06874105482,19374.583503216494,4880.775325462499,0.0
440.0,217.80588256142866,30318.726641646987,19327.459801691017,4870.214156279305,0.0
441.0,218.61638721937754,30216.98273565803,19280.50191567384,4868.14662979672,0.0
442.0,221.20116378026447,32581.983233956264,19190.161169466446,4898.833349407469,0.0
443.0,223.3397772389222,32479.09243364342,19099.82042325905,4930.047193256125,0.0
444.0,224.4905403705875,32376.69066994656,19009.47967705165,5054.454708793883,0.0
445.0,225.53542338302415,32273.088396253625,18919.138930844252,5086.825832413612,0.0
446.0,226.13024403218787,32168.827044487385,18828.798184636857,5179.010966030051,0.0
447.0,225.54255475065423,32065.582844437464,18738.45743842946,5250.701743219883,0.0
448.0,223.39046613757498,31964.65573984285,18648.116692222065,5288.870542232584,0.0
449.0,221.2420707641932,31863.72863524823,18557.775946014666,5330.453937196571,0.0
450.0,219.14236287580175,31762.801530653618,18468.218533140604,5393.4315833831615,0.0
451.0,217.16995886874818,31661.874426058996,18379.45679875456,5469.417120923398,0.0
452.0,215.3681965155705,31560.947321464384,18342.366347572937,5475.103119735981,0.0
453.0,213.77581232593008,31460.020216869765,18306.915852664282,5489.367076567787,0.0
454.0,212.28982177205225,31359.09311227515,18273.72892012675,5504.698938897379,0.0
455.0,210.89719132960448,31258.166007680535,18242.766500928963,5520.739856604106,0.0
456.0,209.55162143579574,31157.23890308592,18212.47141963773,5490.494911255016,0.0
457.0,208.23284379448282,31056.3117984913,18182.81030935772,5460.33448674939,0.0
458.0,206.91406615316987,30955.38469389669,18097.411905756107,5652.933612775387,0.0
459.0,205.59528851185695,30854.457589302066,18012.013502154496,5705.547805706383,0.0
460.0,204.27651087054397,30753.530484707455,17926.615098552884,5761.052499646419,0.0
461.0,202.95773322923105,30652.603380112836,17841.216694951272,5820.123548565551,0.0
462.0,201.63895558791813,30551.67627551822,17755.81829134966,5882.043603747243,0.0
463.0,200.32017794660518,32360.599336738884,17670.41988774805,5947.9165455151215,0.0
464.0,199.00140030529224,32262.74378336708,17585.021484146437,5955.4954021448075,0.0
465.0,197.68262266397932,32164.888229995275,17499.623080544825,6164.9929789470125,0.0
466.0,196.36384502266637,32067.032676623472,17414.224676943213,6284.563166401031,0.0
467.0,195.04506738135342,31969.17712325167,17329.609606674934,6338.793439537033,0.0
468.0,193.72628974004047,31871.321569879867,17245.799516117037,6406.1682215886885,0.0
469.0,192.40751209872752,31773.466016508064,17214.47830661591,6438.363950408637,0.0
470.0,191.0887344574146,31675.61046313626,17186.282583395878,6448.321770029587,0.0
471.0,189.76995681610168,31577.75490976446,17188.107778784466,6404.778581750387,0.0
472.0,188.45117917478876,31479.899356392656,17197.451684900465,6463.155341896954,0.0
473.0,187.13240153347581,32818.3698358507,17214.67874527837,6464.219642269756,0.0
474.0,185.81362389216287,32722.575777862014,17289.79082650265,6382.19743691235,0.0
475.0,184.49484625084995,32627.448386539992,17371.677068363028,6316.694115949072,0.0
476.0,183.176068609537,32533.008712845745,17480.488234628883,6205.539398548419,0.0
477.0,181.85729096822405,32443.864264372365,17492.663817193046,6159.821886736186,0.0
478.0,180.5385133269111,32356.266593297285,17409.442167344954,6194.002505035921,0.0
479.0,157.66481986199028,32270.226710351646,17322.819665171563,6286.625353874478,0.0
480.0,156.32201759240914,32188.958428712234,17270.283405355156,6328.011218743237,0.0
481.0,155.00064389425654,32107.782545747756,17203.902954615045,6377.045049783479,0.0
482.0,153.72501066122808,32016.86860332842,17143.72403840052,6405.598513078785,0.0
483.0,154.06025793384964,31924.139846094273,17104.806389913636,6464.0966015409995,0.0
484.0,156.0851795275716,31829.094236533685,17064.752354734595,6523.489106908881,0.0
485.0,158.80182564334416,31732.41626274993,17028.8323299319,6603.223826496889,0.0
486.0,161.7733291934875,31634.373699754127,17014.387966873757,6663.953884211019,0.0
487.0,164.33226194476424,31535.560907124822,17002.50616671,6638.4090234927235,0.0
488.0,165.66763748038318,31436.932354086355,16969.185779982017,6618.579533442153,0.0
489.0,163.98196740296942,31340.892871657772,16908.07454368341,6604.1293748654225,0.0
490.0,162.16545875600383,31244.85338922919,16847.454648044557,6600.166138101242,0.0
491.0,160.30869205408524,31148.813906800602,16788.236073035223,6580.627452826245,0.0
492.0,158.47783353398367,31052.774424372015,16706.599560019866,6423.137446758324,0.0
493.0,156.70729596766836,30956.73494194343,16624.963047004505,6441.750811400914,0.0
494.0,155.03178439125776,30860.695459514845,16543.326533989144,6508.087986288759,0.0
495.0,153.48297317997356,30764.65597708626,16461.690020973787,6526.368080596902,0.0
496.0,152.05791789420996,30668.616494657676,16380.053507958426,6567.8878382501425,0.0
497.0,150.75152297689317,30572.577012229085,16298.416994943069,6590.875369691372,0.0
498.0,149.52446616798315,30476.537529800506,16216.78048192771,6682.516195136182,0.0
499.0,148.30559665642338,30380.498047371915,16135.143968912349,6691.244472093361,0.0
500.0,147.08672714486363,30284.458564943336,16053.507455896992,6777.959029897029,0.0
501.0,145.86785763330386,30188.419082514745,15971.870942881633,6996.815009866033,0.0
502.0,144.64898812174408,30092.379600086162,15893.367763199607,7009.783245717949,0.0
503.0,143.43011861018434,29996.34011765757,15818.12088921886,7005.010332037888,0.0
504.0,142.2112490986246,29900.300635228992,15830.803884153496,6939.613209025589,0.0
505.0,140.9923795870648,29804.261152800405,15849.903363219653,6870.790200236716,0.0
506.0,139.77351007550507,29708.888337038486,15899.713783151083,6792.384817958902,0.0
507.0,138.5546405639453,29614.869021690734,15955.019964840596,6761.415703158966,0.0
508.0,137.33577105238552,29527.191215204723,15984.414868467755,6705.229173584938,0.0
509.0,136.11690154082578,29445.32980203136,16004.410176098163,6635.975008689692,0.0
510.0,134.898032029266,29364.595923049434,15963.15794787192,6596.234464666898,0.0
511.0,133.69344823199197,29284.99583787305,15887.976627862865,6576.846533160877,0.0
512.0,132.50842177564468,29200.01469264971,15788.776339975893,6582.157832037232,0.0
513.0,132.45434965658245,29113.884909895867,15684.986923463572,6643.646795162856,0.0
514.0,132.83500798893152,29022.23071294051,15586.30884397753,6652.649702708041,0.0
515.0,134.8933203606291,28928.214495187447,15487.630764491489,6692.420385097988,0.0
516.0,135.93437547144077,28834.456119024395,15388.952685005448,6785.051470014347,0.0
517.0,135.62383220974567,28741.52830541141,15290.274605519406,6808.543407942468,0.0
518.0,134.03033463413317,28649.626504754913,15192.379859366696,7293.273284900804,0.0
519.0,132.25922540391997,28557.72470409841,15095.296954975234,7340.814173678694,0.0
520.0,130.37841085118578,28465.822903441906,15007.419634686117,7422.648328711726,0.0
521.0,128.44379948759865,28373.921102785407,14920.692970493725,7477.541545823373,0.0
522.0,126.5164669867074,28282.019302128905,15332.265795696461,7546.391724529277,0.0
523.0,124.66697396107668,28190.117501472403,15240.504996677279,7559.822441789864,0.0
524.0,170.0651729303375,28098.2157008159,15148.710406793805,7564.705093183937,0.0
525.0,168.54436221575622,28006.3139001594,15058.058715589252,7577.233910213081,0.0
526.0,167.15883911185728,27914.4120995029,14955.09402950805,7591.868443693565,0.0
527.0,165.87267804355605,27822.510298846395,14871.948282868721,7599.088374010956,0.0
528.0,164.63914378911434,27730.608498189897,14790.015365519135,7603.117663342223,0.0
529.0,163.40560953467264,27639.37336420006,14709.293385994803,7628.363495723234,0.0
530.0,162.1720752802309,27548.81598298672,14622.407886121171,7636.906991786596,0.0
531.0,184.00991420837036,27463.71539010725,14526.416774480243,7654.290544235147,0.0
532.0,182.77367957510663,27378.705539059934,14406.830637238001,7655.265411187954,0.0
533.0,181.54458779898573,27288.14815784659,14311.682727744737,7678.5215086164535,0.0
534.0,180.3244524121252,27197.590776633246,14217.975691831147,7666.750421527457,0.0
535.0,179.57004135811044,27106.503092389605,14125.869341643898,7667.928705213963,0.0
536.0,178.9443538979954,27015.147433791786,14035.605537415437,7685.963505925767,0.0
537.0,178.45717560448665,26923.459586286917,13947.183737765848,7690.441083240147,0.0
538.0,178.07600643934404,26831.404326706877,13860.592161185374,7692.378701827887,0.0
539.0,176.814238564483,26740.089169746425,13775.364568033427,7696.046133218359,0.0
540.0,175.51652373160897,26648.774012785983,13691.399874414617,7691.6849783898815,0.0
541.0,174.1817160933931,26557.458855825535,13606.53365050687,7687.6569054852025,0.0
542.0,172.81450617659937,26466.14369886509,13524.384625195697,7677.312341283273,0.0
543.0,171.45022106252608,26374.82854190464,13445.122421940421,7666.595792026692,0.0
544.0,170.09537140257953,26283.5133849442,13381.334735586508,7669.158452537671,0.0
545.0,168.75776242952458,28164.741338271782,13319.395136791141,7654.334840968584,0.0
546.0,167.44466287435182,28074.272786944464,13259.293966837686,7638.855782526491,0.0
547.0,169.65613662391542,27476.596571725382,13187.641156735885,7630.828233716247,0.0
548.0,168.38973374441332,27385.953023400703,13117.53490663088,7624.168501236913,0.0
549.0,167.14605884278575,27299.53912113299,13049.554696390069,7606.278421890456,0.0
550.0,165.9190506078248,27208.895572808313,12974.561958440743,7672.137426717783,0.0
551.0,164.72201436597297,27118.918691150302,12886.803148243609,7667.555397365168,0.0
552.0,164.73068757372113,28005.818693451343,12801.46880179276,7656.221047154499,0.0
553.0,165.68601585603986,27920.662080880265,12731.430365213906,7633.588023524463,0.0
554.0,167.05538163406635,27834.422745016996,12658.79570572741,7624.314143999411,0.0
555.0,168.63036838216277,27742.06852903963,12595.664205735884,7633.202882254516,0.0
556.0,168.12111914605032,27652.12267887632,12534.552431035645,7610.929628351357,0.0
557.0,167.23706114834204,27563.08270180909,12468.232949256471,7593.39337862344,0.0
558.0,166.43618310357041,27479.257038777614,12406.803872955039,7561.137481533891,0.0
559.0,165.6892644782879,27395.00437524101,12315.563803139954,7540.865235196672,0.0
560.0,164.0005271339081,27311.595264399566,12234.306582767957,7518.1180377187375,0.0
561.0,162.33651222728517,27223.358848872787,12145.689677360642,7527.083939014788,0.0
562.0,161.31584192260854,27134.38559124074,12056.504811904946,7552.192110515318,0.0
563.0,162.13361401661726,27042.99018152689,11968.948243729465,7557.963192772813,0.0
564.0,162.62985003219876,26951.160565178347,11874.626377194681,7569.988280273391,0.0
565.0,161.5176474231049,26860.491150463513,11802.302568653613,7554.304478392998,0.0
566.0,161.26284639686696,26768.44809044659,11724.013657469022,7535.535160844979,0.0
567.0,159.1980812684186,26678.018117865675,11645.714368985467,7516.583087612495,0.0
568.0,157.09617807974186,25480.680579220454,11553.802257712521,7511.201975585266,0.0
569.0,155.0824050076821,25389.03545061445,11463.093734781112,7506.851973340543,0.0
570.0,153.2004400880612,25297.390322008447,11380.320436706772,7674.953864935613,0.0
571.0,151.49363435792128,25205.745193402443,11301.35624132893,7657.353849811778,0.0
572.0,149.95578300723471,25114.10006479644,11227.608458326575,7649.346220714266,0.0
573.0,148.58703491742367,25022.454936190432,11180.10948947021,7627.772575289127,0.0
574.0,147.3248953250676,24930.809807584432,11151.258249560928,7645.214540400346,0.0
575.0,146.0627557327115,24839.164678978428,11128.293631219043,7622.180116372234,0.0
576.0,144.80061614035543,24748.51955037242,11096.59136210449,7198.647206041855,0.0
577.0,143.53847654799935,24658.90620665943,11081.417603006823,7169.490142107969,0.0
578.0,142.27633695564327,22428.433401935512,11056.344501790336,7141.739725878921,0.0
579.0,141.0141973632872,22349.760364499776,10988.820329678572,7119.223754035398,0.0
580.0,139.7770577709311,22280.45636335745,10906.668817042653,7102.687178666296,0.0
581.0,138.57403109433284,22203.07567125227,10833.148698263769,7073.057576202318,0.0
582.0,139.2366282436157,22112.59232837635,10763.65013766486,7051.61765197897,0.0
583.0,140.60986071223348,22019.976778753513,10694.160226775206,7026.062982984267,0.0
584.0,143.19420018327122,21923.816170792514,10624.918704454198,6998.641620598393,0.0
585.0,145.48724066096435,21826.391941032558,10556.012291640076,6974.8434003338925,0.0
586.0,145.93284088903562,21730.791571399066,10487.015858772327,6950.2034470094295,0.0
587.0,145.2642497501783,21636.222421430193,10404.62766603451,6930.757291703983,0.0
588.0,143.43032452170775,21543.1286628675,14714.826315531129,6969.549113255653,0.0
589.0,142.09740750391168,21448.711623717256,14643.248428293527,6949.954059204962,0.0
590.0,140.00569963335846,21355.315401020267,14571.670541055926,6951.515086885298,0.0
591.0,137.89298115059268,21261.919178323275,14500.092653818323,6940.097768768389,0.0
592.0,135.80386827716114,21168.522955626286,14428.51476658072,6945.012281111237,0.0
593.0,133.83080953455553,21075.126732929293,14356.936879343117,6935.474988756986,0.0
594.0,132.01827752191105,20981.730510232304,14285.358992105515,7018.55508454972,0.0
595.0,130.40734092793952,20888.334287535316,14215.34777153458,7007.650844819286,0.0
596.0,129.01293320389522,20794.938064838327,14146.96752429093,7005.014173532646,0.0
597.0,127.68832439247069,20701.541842141334,14091.166298148712,6988.1094640717265,0.0
598.0,126.41928629632886,20608.145619444345,14037.462092249987,6973.419684435419,0.0
599.0,125.15024820018704,20516.08273008069,13985.865330540693,6948.677496324789,0.0
600.0,123.88121010404521,20424.01984071703,13936.180814711155,6938.815547383034,0.0
601.0,122.6121720079034,20341.453064755122,13877.245984537325,6930.330164433083,0.0
602.0,121.35980057842823,20249.390175391465,13824.994515004277,6912.927210306568,0.0
603.0,120.12927893171212,20157.327286027805,13761.141602782069,6902.0112260567275,0.0
604.0,120.12281296307268,20062.869659822045,13704.562510876918,6901.514205133394,0.0
605.0,120.52098684970954,19967.131904257105,13650.54228213593,6879.031963673249,0.0
606.0,121.27852017220621,19869.997418834937,13599.201504007266,6856.15358141717,0.0
607.0,122.31584248774666,19771.351684080157,13559.947145953403,6837.433596905001,0.0
608.0,121.7810733797939,19674.719792759937,13522.964809622104,6808.40741329824,0.0
609.0,120.42462227581105,19581.898399496677,13484.386480471447,6774.109917024421,0.0
610.0,119.63197791190055,19489.107255552794,13444.02758140271,6751.3456313965535,0.0
611.0,118.08125973972976,19417.749489123198,13385.850842930166,6724.282965284115,0.0
612.0,116.52903329793602,19337.054200596027,13330.359705496527,6696.235779887122,0.0
613.0,115.00889430330669,19256.697819445148,13262.888879190457,6677.78405869119,0.0
614.0,137.0456465965425,19166.657819039472,13203.508359122572,6653.935315408974,0.0
615.0,137.8171141295511,19075.02204656299,13145.086248648568,6627.4005364228115,0.0
616.0,139.25607561916837,18992.232161425098,13240.789603197398,6512.562207729514,0.0
617.0,140.46050565189705,18908.613258519094,13174.188182859732,6493.966072777258,0.0
618.0,138.7629358121099,18838.24292282731,13096.61399843124,6473.631781681801,0.0
619.0,137.88508691442865,18749.70469916058,13034.040999224808,6454.790735590555,0.0
620.0,137.43490420240937,18902.369490997848,12724.73245871146,6427.66242045147,0.0
621.0,139.00824991020642,18808.443693035293,12654.483067407888,6404.9948226833,0.0
622.0,139.70784863687692,18714.40576829816,12584.810120948474,6381.91365329629,0.0
623.0,140.5375830365772,18619.251818551988,12679.329351258126,6317.968474689425,0.0
624.0,138.85574436786862,18526.879065874324,15459.222289937663,6192.253726274304,0.0
625.0,137.91628275745862,18432.78258121748,15525.134327479567,6064.415586213384,0.0
626.0,135.2815827208598,18340.703746426378,15601.06997281928,5964.820672283806,0.0
627.0,133.6981661312812,18246.901216756294,15679.89925105617,5864.9781796587695,0.0
628.0,131.14506150963726,18154.369296454148,15761.558111104938,6212.83249507254,0.0
629.0,130.07058041918805,18059.45014593622,15705.121823906935,6225.351250251447,0.0
630.0,127.6814544947851,17966.511161056398,15648.872115630267,6232.892949216244,0.0
631.0,126.66982291728405,17871.534282123124,15592.802001787568,6205.572417761461,0.0
632.0,157.54267296040678,17776.916316845698,15531.967438398875,6180.682511618636,0.0
633.0,156.57361048443835,17683.324868563683,15471.132875010182,6190.5977936953195,0.0
634.0,156.62716980851627,17588.072176955913,15410.298311621485,6171.514386436786,0.0
635.0,156.99047635325346,17627.14088565788,15247.899264065154,6154.521763526302,0.0
636.0,157.61548737989995,17529.61062209811,15184.010016433815,6134.539613581903,0.0
637.0,157.8162455239031,17433.140281704636,15120.120768802479,6137.157317570678,0.0
638.0,157.06506244152308,17337.09895675561,15056.23152117114,6119.778958382474,0.0
639.0,156.2952037587691,17278.535846618266,14963.802626700573,6102.613457407382,0.0
640.0,155.45491414263375,17181.411951630686,14896.78434373879,6088.183735623961,0.0
641.0,154.53195708109322,17083.775052058085,14829.766060777005,6074.243197300586,0.0
642.0,154.61140241606506,16984.17296558747,14763.33527781522,6061.111080731971,0.0
643.0,153.5550549039678,16886.724282727675,14697.503539802436,6064.076773329958,0.0
644.0,153.71434281828823,16786.992429812828,14634.79861616439,6055.80420421654,0.0
645.0,150.9104871002963,16707.399628456154,14559.873178596565,6077.851461010084,0.0
646.0,150.02574594682153,16608.020399318775,14496.787206268164,6054.255280573596,0.0
647.0,148.4640970163686,16509.035964912313,14436.555937241657,6033.561018336343,0.0
648.0,147.13389587672486,16409.523573679468,14388.225737966626,6001.750649098551,0.0
649.0,146.1824381842182,16312.048000554747,14459.577986205239,5850.559901509732,0.0
650.0,145.63652999759074,16216.6544751978,14415.88128977992,5811.783087136166,0.0
651.0,145.3310081601761,16138.62053813025,14358.086109709466,5773.074243745819,0.0
652.0,145.0254863227615,16060.67721360176,14297.977386476998,5947.451277397636,0.0
653.0,144.74496448534688,15975.638269786185,14231.157678274583,5952.295237999499,0.0
654.0,144.5111986517843,15881.909450306553,14170.118994445056,5945.18827684915,0.0
655.0,146.0494200546894,15802.14373935986,14086.81713609292,5927.569939035137,0.0
656.0,149.25782176861154,15702.426900600465,14010.211439549845,6006.9026552650885,0.0
657.0,154.36758175799642,15600.088362790228,13934.193243006772,5998.628251164597,0.0
658.0,157.89493913485092,15497.584259786276,13858.781877990554,5977.939707900674,0.0
659.0,160.6016411373788,15405.857021404474,13779.533070373864,5956.503966919831,0.0
660.0,161.1764547333127,15305.101215138406,13705.96425286596,5933.529672437354,0.0
661.0,161.66878472011757,15213.623918600519,13625.297714595134,5907.114753887178,0.0
662.0,163.42133539467335,15108.788890701144,13552.76004455659,5887.282810211926,0.0
663.0,162.0955507402055,15006.338565193704,13478.127303360247,5862.926179300596,0.0
664.0,163.99264595963592,14898.697738231935,13408.069688705893,5836.454107641786,0.0
665.0,162.6574449453205,14793.519640893974,13339.640076371707,5813.821225680979,0.0
666.0,161.59927930461413,14687.286079284851,13272.741561379547,5786.539104473795,0.0
667.0,161.0859392202617,20934.859828639565,13207.364468128335,5758.288503529552,0.0
668.0,161.1329873193494,20833.06724819625,13142.538714064864,5769.240750036686,0.0
669.0,161.5007745740434,20731.221271438328,13078.233120203036,5739.202043906038,0.0
670.0,160.103825724394,20638.23162001236,13004.766928338726,5690.919041070279,0.0
671.0,156.94656343206975,20547.828578905923,12929.718089933636,5672.054788765193,0.0
672.0,154.04818898958925,20458.606748644877,12851.120363279333,5701.317755709903,0.0
673.0,151.50627424322693,20369.63871866491,12772.858397639166,5678.176071505468,0.0
674.0,151.16569873667703,20278.68624901359,12689.380251513228,5654.993570220731,0.0
675.0,151.78147120432263,20179.54885458144,12606.42601175464,5688.334997204789,0.0
676.0,153.57374812489894,20078.982242989885,12524.059271996051,5689.399546252711,0.0
677.0,156.7867339124969,19976.44536104083,12442.899830456603,5673.988953492142,0.0
678.0,161.20376959672714,19871.751616289217,12365.707058365877,5656.953072040745,0.0
679.0,165.6521733278633,19765.649076467354,12292.245458991814,5640.92323245326,0.0
680.0,165.41721246174106,19662.768678933957,12220.35024220885,5619.330628628908,0.0
681.0,163.50416585855982,19561.061174033042,12149.953075058427,5633.192919283906,0.0
682.0,161.407222605816,19460.353669132128,12081.67141444084,5612.103542661146,0.0
683.0,159.22947545910858,19360.664640796895,12014.707613528404,5590.7214722451035,0.0
684.0,157.09926203180703,19267.177106942137,11946.217106059912,5561.912910036082,0.0
685.0,224.04579387677083,19174.82268694282,11872.477050236876,5534.141807085572,0.0
686.0,222.30303440064614,19082.560582145612,11797.189325321646,5506.17794485068,0.0
687.0,220.71548942532212,18990.305349180242,11720.356115753148,5476.672863040269,0.0
688.0,219.3184100824041,18892.690349843335,11645.882245438359,5463.529382677871,0.0
689.0,219.63003551721937,18793.12488611014,11571.452459944694,5451.285543112555,0.0
690.0,220.77585236046707,18692.201563574898,11492.000990654647,5428.460970793548,0.0
691.0,222.66755517230453,18589.78753686366,11413.148913371582,5406.289273438556,0.0
692.0,225.21557603494736,18485.75982889276,11337.629769330317,5380.678652219432,0.0
693.0,226.4416567562639,18382.356048574442,11262.806549342728,5357.029497754407,0.0
694.0,227.41002155715432,18278.520860898996,11188.751467536653,5331.80664717409,0.0
695.0,225.9313477078924,18177.024274889463,11115.492238417924,5310.382682895186,0.0
696.0,224.33556031637485,18075.527688879927,11043.09225003864,5296.574311354462,0.0
697.0,222.6819009630304,17975.031102870395,10970.827706692493,5273.1057118308545,0.0
698.0,221.04315599288762,23837.127078085712,10898.809874972996,6570.9592678054805,0.0
699.0,219.44132546597547,23751.533486954315,10816.314311261041,6554.502423822325,0.0
700.0,217.90020303741275,23667.506604456237,10730.774803140926,6538.536058369431,0.0
701.0,216.44164696040218,23585.191385756272,10642.06277664665,6536.389334270538,0.0
702.0,215.102801277122,23503.120290253664,10550.105556019496,6540.063627479487,0.0
703.0,213.8534107791903,23421.28085937538,10454.835612415294,6653.287879294585,0.0
704.0,214.2707507145258,23326.648798159837,10366.941272958768,6643.174482239123,0.0
705.0,215.37147739344994,23230.390686288356,10281.479269487094,6633.286648565254,0.0
706.0,217.4300694006157,23131.685017763513,10277.359652904506,6546.39096000849,0.0
707.0,217.7429506100668,23034.593833090043,10206.964740258885,6520.547403700783,0.0
708.0,216.3302671615656,22939.611159157426,10143.767533781484,6503.72437251593,0.0
709.0,214.77028293234804,22844.628485224806,10079.994126079771,6578.166074438843,0.0
710.0,213.07825928688368,22749.64581129219,10017.864103575681,6556.957408643697,0.0
711.0,211.25397277305788,22655.996470692906,9955.602932997888,6530.891451094318,0.0
712.0,210.3067484657472,22560.6681508078,9889.504277667704,6526.822402910448,0.0
713.0,208.31062111100488,22720.64167415226,9630.879169280246,6505.095704527849,0.0
714.0,206.38799422560942,22626.64694352846,9560.621752657638,6486.322334489155,0.0
715.0,204.5812650061198,22532.652212904664,9491.198429290695,6464.334972070976,0.0
716.0,203.75641831095308,22437.28493326126,9440.521429746681,6424.000189224553,0.0
717.0,203.49036834625534,22341.033339892365,9390.145962152104,6378.978915168924,0.0
718.0,203.6939837540666,22243.794269016158,9317.863046966562,6357.491595784417,0.0
719.0,203.70245490985812,22147.832073210433,9245.580131781022,6336.828306305763,0.0
720.0,202.35381956952327,22053.60982151938,9173.29721659548,6319.515551701262,0.0
721.0,200.93777701702135,22097.37758348336,8997.521791168667,6303.07297422235,0.0
722.0,199.4750318627269,22003.15533179231,8922.267369526175,6316.135208165348,0.0
723.0,197.95793303805044,21908.93308010126,8847.012947883683,6306.899834112618,0.0
724.0,197.98354391315232,21812.062979756945,8771.75852624119,6328.548129788474,0.0
725.0,197.04979575034454,21716.074654715107,8698.28801933482,6405.865518953216,0.0
726.0,197.4583019596394,21617.326469951186,8624.817512428446,6395.600242660111,0.0
727.0,196.51786755419278,21519.822150843953,8559.615597523622,6388.464314671857,0.0
728.0,195.60011756272496,21421.79582186988,8486.145090617249,6467.781593152836,0.0
729.0,194.7610391819169,21323.144707073287,8413.849583710877,6462.431457647137,0.0
730.0,194.0548721789223,21223.827614807164,8343.406773943736,6454.805325007336,0.0
731.0,193.44015790321447,21123.805367715413,8297.470433177972,6412.4263363289365,0.0
732.0,193.64581175994132,21021.80181279143,8258.168619084396,6365.059071464503,0.0
733.0,191.34677309458314,20924.28159222311,8222.166395618544,6336.055808046584,0.0
734.0,189.8215109072493,20826.823480010913,8255.109575149801,6222.16437816024,0.0
735.0,187.58339037125396,20751.707112651395,8273.119950764576,6170.265745251199,0.0
736.0,233.426580384323,20666.63872750587,11335.89462697789,6174.550147052972,0.0
737.0,232.00732423052074,20598.66793651098,11313.299387109957,6116.655283617325,0.0
738.0,230.84002976178016,20521.022070707582,14117.77879951325,6081.617231130859,0.0
739.0,230.76574263470164,20424.651626618754,14178.299509707787,6098.468795606717,0.0
740.0,231.4734820771361,20326.65700121275,14127.17795983578,6133.293565321915,0.0
741.0,234.01008774371246,20226.73264730905,15960.134849327542,6184.946952627459,0.0
742.0,239.7523509525865,20122.478388106843,15908.194947118402,6412.594302696011,0.0
743.0,242.1961576675478,25024.00748550066,15851.27700734655,6386.620974558187,0.0
744.0,243.34183274884305,24934.87785050059,15794.58223777805,6382.786121504227,0.0
745.0,243.2575472037618,24838.53324815513,15797.104677757203,6290.492820140059,0.0
746.0,244.13979541025859,24740.747809370372,15854.826434458995,6132.97976756926,0.0
747.0,242.69286435762552,24654.328153438357,15909.191021308421,5964.054012421877,0.0
748.0,241.52133445148988,24561.811671248543,15907.322782531262,8072.517824482474,0.0
749.0,240.62950980547112,24478.450336641767,15901.522926463844,8238.086669636325,0.0
750.0,240.12568945839752,24413.61947641916,15879.733464031724,8197.899898229878,0.0
751.0,239.99890686731894,24329.618824838395,15863.673601269851,8131.156428899978,0.0
752.0,240.09909264230436,24245.067249876323,15794.288670918077,8322.657720349578,0.0
753.0,241.18281261272338,24159.197422906247,19649.163429810593,8313.295691612428,0.0
754.0,242.0347484047944,24065.216032414668,19578.14615206138,7679.907815660665,0.0
755.0,241.90045029215898,23971.733359144386,19507.12887431217,7773.228317851968,0.0
756.0,241.87198309803443,23877.778744054543,19436.111596562958,7819.951835827991,0.0
757.0,241.93537987639675,23783.334573677064,19365.094318813746,7854.47440854678,0.0
758.0,240.02472096140866,23690.451074772507,19294.07704106453,7926.040341435061,0.0
759.0,239.35942358079996,23596.32436793967,19223.64726331532,8010.60991242248,0.0
760.0,237.40217006500455,23503.21353958537,19154.255027409406,8096.150025520137,0.0
761.0,236.72960755437953,23408.69449787578,19139.99928518699,7624.975650165943,0.0
762.0,235.6851021737481,23314.227480953083,19249.33648164294,7546.223218009602,0.0
763.0,234.72409155468483,23219.429217005338,19435.880469728305,7404.9638180544625,0.0
764.0,233.90689133838376,23126.233126318482,19441.789493942568,7366.873089571544,0.0
765.0,233.2449253206779,23034.617453490144,19508.041890073917,7391.037730109327,0.0
766.0,232.7267581895689,22960.192830020045,19565.5239571501,7261.179361141193,0.0
767.0,232.42617156373888,22884.44592042412,19623.79653357739,7125.244463226342,0.0
768.0,230.2813245661505,22803.853660707486,19601.393694124563,8229.691152711262,0.0
769.0,229.33482076427674,22713.773893986683,19524.703806350557,8205.275667185731,0.0
770.0,229.6856035605802,22630.731818520093,19440.585298181406,8203.484181660204,0.0
771.0,231.91881084193477,22539.0552978617,19361.545410407398,8179.528683839975,0.0
772.0,235.22467359832382,22455.88877820011,19274.26244845101,8192.00372883631,0.0
773.0,240.5947829249845,22370.90476945477,19227.738671702835,8172.073693662124,0.0
774.0,246.57301723382943,22473.510014933854,18945.54815121317,8206.670011310493,0.0
775.0,248.75716761493527,25910.29709170329,18883.292152646478,8215.748402115643,0.0
776.0,248.02622949963123,25819.583372291585,18822.11753671502,8231.178004686753,0.0
777.0,245.29616847064065,25729.998884403263,18759.809232975167,8249.497400015403,0.0
778.0,242.3630326064732,25640.414396514945,18725.28505036408,8244.833531884271,0.0
779.0,241.6172400613611,25548.977305006276,18666.06048838189,8196.364770571035,0.0
780.0,239.44681590537073,25458.201912157972,18634.64908145815,8126.078181121042,0.0
781.0,236.22086140391608,31729.73078221826,18605.329659899056,8053.5081158922585,0.0
782.0,234.1861010507947,31637.62359461087,18578.05567746591,7978.773907297408,0.0
783.0,231.3982373549737,31545.707156891294,18522.63630289597,7925.843831548693,0.0
784.0,228.61755753599536,31453.539385825414,18468.53353222604,7903.156359321155,0.0
785.0,226.7712295521813,31362.265486437238,18415.72226780203,7880.97997751797,0.0
786.0,301.30876743435425,31273.294737152497,18360.685438910972,7898.414441212601,0.0
787.0,299.51995700826393,31199.83382368898,18291.124683920523,7915.808611073236,0.0
788.0,297.9616769966338,31319.507785329963,19118.8023594496,7933.114138807068,0.0
789.0,296.7263154588695,31230.412235879034,19058.42625036675,7973.528945930627,0.0
790.0,294.13181379116577,31143.203109995877,18998.55614459464,7992.9364040181845,0.0
791.0,294.1903156333241,31060.121468647485,18934.35506024616,7985.862131039505,0.0
792.0,294.74356681999956,30976.29366480306,18842.72914684879,8013.796181218649,0.0
793.0,296.62308402327756,30885.145905504112,18753.975592789702,8031.356188436963,0.0
794.0,301.3553280164726,30791.305217984034,18665.70359369118,8049.640914360651,0.0
795.0,303.78529623557074,30698.20136515866,18598.1652439468,8080.837069910944,0.0
796.0,308.34206505525634,30602.660706301165,18532.145482241198,8042.571499831342,0.0
797.0,310.5963872184516,30507.501706486237,18468.00461042816,8003.275898897965,0.0
798.0,309.1255131868896,30414.24579546827,18456.425748740356,7963.313683315001,0.0
799.0,309.2151294266075,30319.567991895965,18492.355529716413,7826.420940318135,0.0
800.0,307.6797257809843,30225.676009451847,18486.045591189588,7802.978072970387,0.0
801.0,307.7918591290746,30132.373370591922,18526.599267508653,7767.596746830219,0.0
802.0,306.4668315072198,30041.890927554865,18473.59813824872,7803.224924047561,0.0
803.0,308.5205697858182,29964.301045996224,18408.567357779444,7850.155420939158,0.0
804.0,309.72710627723745,29887.059279732242,18308.820122686295,7974.73142845091,0.0
805.0,311.15428149460496,29793.24964817299,18216.947925879587,8092.584079445652,0.0
806.0,311.7577504803863,29699.46464291337,18125.075729072872,8282.324890873804,0.0
807.0,313.76617529089106,29604.141773873722,18033.203532266165,9015.66990027459,0.0
808.0,315.9274846229939,29507.99418911513,17942.741335459457,9050.021649579365,0.0
809.0,319.25180046125894,29410.26475311669,17853.717107800396,9086.866852769177,0.0
810.0,322.8713485788275,29311.396727886895,17896.393738875253,9004.90726840735,0.0
811.0,326.07083793679266,29211.77544207744,17943.44625677191,8919.70568229643,0.0
812.0,327.95315761314106,29113.044774010144,17974.898697626497,8800.701974453845,0.0
813.0,328.2644145104562,29015.684646946193,18010.898013297814,8687.068313519674,0.0
814.0,328.4513575851872,28926.028741457296,18043.458009572896,8932.588849191212,0.0
815.0,325.2139155738348,28838.57770978424,18008.106623062133,8904.892588004408,0.0
816.0,322.0825905383178,28751.230930396967,17912.09678104619,8937.134237136112,0.0
817.0,319.1611402432601,28656.60036320604,17880.54816614586,8910.119253218721,0.0
818.0,318.19024855273375,28560.71979601511,17788.41588867123,8419.591778871461,0.0
819.0,363.6384651897249,30771.317203501025,17696.753683038023,8480.926838143458,0.0
820.0,364.06435305367677,30676.25863951861,17626.70456827659,8486.62884023487,0.0
821.0,365.0610504835519,30580.553738976265,17556.65875716487,8502.272250015973,0.0
822.0,366.52240864967615,30484.159125742135,17464.996551531665,8559.755725235731,0.0
823.0,368.38611667660166,30387.033084261155,17373.80434589846,8649.602484047047,0.0
824.0,370.1548452169874,30289.456664920457,17282.612140265257,8720.260539263876,0.0
825.0,371.70603259129825,30191.499619816124,17213.033025503824,8723.603937767208,0.0
826.0,369.7224319403577,30095.84991877791,17121.840819870617,8746.480839600898,0.0
827.0,367.7281775108662,30000.200217739697,17031.118614237414,8778.838358611185,0.0
828.0,365.7574531676031,29904.55051670148,16940.87279567685,8812.14370581932,0.0
829.0,363.8477955974996,29808.900815663263,16872.728136469104,8790.914687973565,0.0
830.0,362.035397342068,29713.251114625047,16804.877188711118,8759.939629085313,0.0
831.0,360.3534648114336,29618.401413586835,16738.033414019923,8281.517705110631,0.0
832.0,358.8304907565573,29524.36758616944,16649.218881558656,8275.393282839756,0.0
833.0,357.48868032511854,29436.61890366159,16576.214374897838,8246.250923711817,0.0
834.0,356.1614786249681,29348.994931162586,16501.373790281377,8217.037396132275,0.0
835.0,354.85927692481766,29254.96110374519,16431.45288057671,8206.587258175336,0.0
836.0,353.5908477716006,29160.92727632779,16358.327631541906,8224.73399094221,0.0
837.0,353.88913430167287,29066.473671510314,16282.183614164825,8272.073410209356,0.0
838.0,354.7434241744198,28972.084625746076,16206.282314727601,8321.990606141551,0.0
839.0,356.0490848781462,28883.978579487866,16108.871136384443,8392.746068743161,0.0
840.0,356.1786717391558,28795.642329713904,16010.1410141413,8449.475426164447,0.0
841.0,354.7411559920839,28707.90578533916,15929.665926165071,8471.105978412026,0.0
842.0,353.2006228674506,28614.723999091595,15853.540910777367,8482.122004971798,0.0
843.0,353.72198462939366,28519.792411409937,15812.30527688378,8471.651104380691,0.0
844.0,353.8985692001561,28424.749538545853,15773.808254434178,8447.353331836268,0.0
845.0,354.6357966612052,28329.057574930233,15737.501698071086,8428.645494600773,0.0
846.0,355.94387227504893,28233.46885515129,15722.385983969669,8414.528505066099,0.0
847.0,357.77876098201506,28137.1404190342,15687.111730297309,8429.211606712124,0.0
848.0,360.0518737797627,28047.896605080507,15647.191463579922,8430.157350036423,0.0
849.0,360.9017024923266,27953.822356688896,15575.78545656413,8507.037105724243,0.0
850.0,359.2188566155187,27878.5093566783,15491.198422329524,8549.029948702522,0.0
851.0,357.50610743318634,27798.315517493127,15409.092314158166,8591.856507030783,0.0
852.0,357.13644048606557,27723.487765205122,15340.23666896189,8739.984908047063,0.0
853.0,355.20572414952005,27642.12108877055,15248.462605363164,8798.00039521563,0.0
854.0,356.2429892856314,27549.616866283573,15164.461416655327,8857.79339388448,0.0
855.0,356.34770540467565,27457.49635860412,15082.02910021528,8905.558655381197,0.0
856.0,356.78142660006654,27364.86116256921,15000.158275897567,8930.818788683124,0.0
857.0,357.4625969730961,27271.737418294444,14918.745372644915,9046.535275266286,0.0
858.0,358.14376734612557,27178.293674019682,14818.74805239609,9080.090519599735,0.0
859.0,358.8249377191551,27084.529929744916,14719.234910639349,9104.323812779265,0.0
860.0,359.4985663928126,26990.446185470148,14678.360732232286,8648.632294074425,0.0
861.0,360.16487506899523,26896.042441195386,14639.710654882048,8609.98002218231,0.0
862.0,360.011891355209,29002.307036106715,14602.584205388224,8571.133542850712,0.0
863.0,359.87587393562876,28910.918414275755,14528.940491040965,8554.345706043228,0.0
864.0,359.9163759525893,28826.46839331095,14447.923729332251,8548.107425844804,0.0
865.0,360.01937855704597,28741.97780791892,14398.007604011953,8573.496917424363,0.0
866.0,360.14678415210574,28657.438186493324,14287.345174769875,8613.708478742066,0.0
867.0,365.18776202897584,28562.537915747915,14182.46532940408,8657.174932514587,0.0
868.0,364.62301258275477,28470.732328281094,14077.585484038282,8678.475494481967,0.0
869.0,364.82249650403014,28378.284552173725,13972.705638672487,8702.289200571175,0.0
870.0,365.76692913164925,28285.144354427157,13867.82579330669,8713.124994510215,0.0
871.0,367.4131895437655,28191.266047952926,13763.415947940895,8805.917642681497,0.0
872.0,369.601475145091,28096.692000702824,13659.481937961147,8856.063551434,0.0
873.0,370.5070044924796,28002.589177050228,13568.36014102046,8967.61826270108,0.0
874.0,371.4125338398681,27908.219686730965,13477.867416865314,9012.50242214634,0.0
875.0,372.2930631872566,27813.583529745032,13374.89225882373,9100.618018094363,0.0
876.0,373.1485925346451,27718.680706092433,13281.7002889348,9175.910259793629,0.0
877.0,371.062455215367,27625.455660217613,13190.266076536065,8829.718747004608,0.0
878.0,369.02204567544834,27532.897281009464,13127.16858317209,8831.991491782803,0.0
879.0,367.0695983196172,27441.015660277473,13077.003427309579,8810.128747711198,0.0
880.0,365.24648583236524,27356.24817559289,13058.08373581777,8761.544634345008,0.0
881.0,363.5897258749915,27271.588382666945,14778.23315426836,8734.461038321775,0.0
882.0,362.16758711652557,27179.706761934962,14754.150080903515,8714.165909256386,0.0
883.0,360.928362410251,27087.82514120298,14736.064272920521,8662.66238310742,0.0
884.0,363.3416146693837,26993.520327659513,14711.735677972914,8683.123148058025,0.0
885.0,363.9851741220606,26900.63971044753,14663.475617316764,8674.578855716687,0.0
886.0,364.918845027277,26807.81528594407,14589.818840898239,8680.311721570582,0.0
887.0,364.1205194290401,26723.130751712728,14510.02646207959,8731.73750260799,0.0
888.0,362.43522136364436,26637.714568260595,14429.481689145385,8752.293254564243,0.0
889.0,360.6041971302318,26551.549164947493,14347.827995523068,8787.735007767895,0.0
890.0,358.6415261822143,26460.37810237601,14257.237442935684,8827.992570154418,0.0
891.0,358.3010582526493,26368.14643374392,14166.646890348296,8856.00564058122,0.0
892.0,358.63194696559515,26275.377999348522,14076.056337760912,8888.96344482452,0.0
893.0,359.6445691311398,25175.443043156723,13985.465785173528,8919.387885401047,0.0
894.0,361.3483057240125,25078.902403948225,13894.875232586142,8947.830929112133,0.0
895.0,363.74373406662164,24981.613037473897,13804.284679998756,8966.678154626461,0.0
896.0,366.7388647769677,24883.543499338924,13713.69412741137,8994.925678148695,0.0
897.0,369.3703125596543,24785.308071359115,13623.495241490651,9024.841971051392,0.0
898.0,367.91227237045496,24689.864875354357,13533.705176761356,9034.272113863994,0.0
899.0,366.34514231764445,24594.421679349598,13470.725162977187,9018.485259266256,0.0
900.0,364.737487081637,24498.97848334484,13409.668421177319,9025.269996161696,0.0
901.0,363.10426661860174,24403.53528734008,13352.927925160282,9011.682072320165,0.0
902.0,361.46514738007966,24308.092091335322,13297.970794658702,9005.60106984859,0.0
903.0,359.84083875419464,26843.87407944214,13237.99147501325,9010.200223023967,0.0
904.0,358.25229292101585,26750.235734169746,13209.756090162951,8994.106666783957,0.0
905.0,356.7197093903833,26656.59738889736,13163.0671611978,8983.976588967565,0.0
906.0,355.261537166013,26562.95904362497,13091.180807907926,9005.554689739829,0.0
907.0,353.89351466180005,26469.32069835258,13020.781635035612,9046.616870273172,0.0
908.0,352.6277952558174,26375.682353080192,12956.721771036919,9109.930249171419,0.0
909.0,351.36247106019533,26282.044007807803,12899.168488755635,9114.028411666794,0.0
910.0,350.0971468645733,26188.405662535417,12831.590790228258,9148.349058003472,0.0
911.0,348.83182266895125,26095.433983929695,12764.22291089256,9158.835956567644,0.0
912.0,347.56649847332915,26003.13934720862,12691.656039847741,9208.813260674873,0.0
913.0,346.3011742777071,25918.457368521485,12604.992871660243,9246.814043600747,0.0
914.0,345.03585008208506,25833.883174010556,12516.670862607545,9264.646539347046,0.0
915.0,343.783025886463,25749.411523695937,12431.945231566338,9258.543581866195,0.0
916.0,342.5483256199677,25657.803799681256,12352.74165432051,9251.97815032353,0.0
917.0,342.92804737565564,25565.135469605968,12274.034135549062,9253.515155555375,0.0
918.0,344.0521863825062,25471.856624332042,12202.876815856,9249.07873949299,0.0
919.0,345.8689291738889,25377.92720848039,12133.086239274251,9236.823990981831,0.0
920.0,348.268422591719,25283.31158616726,12090.700411333535,9212.264034451202,0.0
921.0,349.1738057104441,25189.31388797676,12050.135656016293,8836.438766705638,0.0
922.0,347.70410037724037,25096.633715186763,12017.064228244122,8802.477402321063,0.0
923.0,346.11801920318567,25005.286875730097,12005.66501736903,9288.2638110927,0.0
924.0,344.42631039152076,23703.3923162334,13634.553804702544,9317.839027265185,0.0
925.0,342.6465222812929,23629.87178390164,13604.79712838738,9287.10010023797,0.0
926.0,340.9262200786774,23548.525911823133,13560.461181978264,9280.980902900747,0.0
927.0,339.24719147557926,23467.133751580976,13533.4620996343,9274.721066020731,0.0
928.0,375.999352265648,23379.97889558182,13465.33962670205,9274.902596057002,0.0
929.0,376.01422916824646,23287.59448725091,13394.256412966923,9266.710194233518,0.0
930.0,375.8683190701494,23195.126985944,13320.166192651575,9362.435568878589,0.0
931.0,375.77011286952074,23102.370152199077,13246.52639505423,9359.744995074372,0.0
932.0,375.6592278698373,25841.1188480878,13173.677696417986,9374.894225571385,0.0
933.0,375.63173940282695,25749.28230835784,13101.630905929118,9420.492554542005,0.0
934.0,375.7990191408028,25657.09329540154,13035.651440041014,9409.37574095151,0.0
935.0,376.26659628676487,25564.44346392827,12969.849585423597,9392.37039733636,0.0
936.0,376.96933774437906,25472.0222984565,12900.497365064,10106.192227250494,0.0
937.0,377.67207920199326,25380.019577760748,12825.976535033114,10244.523727611331,0.0
938.0,378.6093661141529,25295.718775312038,12745.70961883623,10262.477942646943,0.0
939.0,379.5266530263126,25211.359198358758,12684.448774215356,10255.738158404387,0.0
940.0,377.64526097724024,25128.832870859507,12623.192833779756,10248.81303909273,0.0
941.0,375.86300604085807,25039.484695618292,12570.50490630276,10239.91796085009,0.0
942.0,375.31073347720496,24949.887802149824,12518.689446981682,10220.400820164052,0.0
943.0,375.960664414539,24866.93005251903,12462.935586349111,10226.644706246478,0.0
944.0,376.6687599829589,24783.547602351005,12395.588376405425,10219.1453319227,0.0
945.0,376.6600764342539,24692.490247693513,12329.030461439772,10241.1965457947,0.0
946.0,375.90025021362925,24601.671700311574,12263.566856149586,10239.514642674265,0.0
947.0,377.69125390241595,24508.446454911253,12192.15348503199,10306.346375929692,0.0
948.0,377.8667873468109,24416.177397248877,12126.840045110403,10312.830478747608,0.0
949.0,379.07075102735956,24322.765110884204,12062.283555163534,10306.827004618739,0.0
950.0,380.6525183442179,24229.265099747234,11995.365935728496,10290.578386293862,0.0
951.0,382.0916928574855,24136.114232234075,11941.453741719404,10272.425622307435,0.0
952.0,383.9428745471603,24049.23711310663,11886.476936579242,10250.98344509178,0.0
953.0,383.9468332019801,26253.851913957566,11836.367599068508,10215.053035221843,0.0
954.0,381.9642703403704,26163.50159533608,11785.265836164372,10189.71570830599,0.0
955.0,380.06955628296316,26073.72270528602,11742.230536400468,10186.777318100987,0.0
956.0,378.3560262357118,25984.520551962116,11690.628468382654,10180.996696681965,0.0
957.0,376.7486944667996,25903.62148174585,11613.308789346376,10192.761473565102,0.0
958.0,375.2162825769251,25823.36566153337,11531.471573000581,10206.954957909078,0.0
959.0,373.73852246673346,25740.636287819085,11450.413746023547,10224.066730277296,0.0
960.0,372.3363538970975,25657.9069141048,11368.013061903654,10249.745395656722,0.0
961.0,372.5650369604279,25568.73650681263,11289.605614448219,10302.929678829641,0.0
962.0,374.760103814027,25478.071536593787,11215.47824727831,10320.60028626685,0.0
963.0,377.6359296299588,25386.66508717969,11142.131213262413,10320.289551297807,0.0
964.0,379.3542984083025,25295.561007213168,11072.144680562866,10332.947226212065,0.0
965.0,382.2544450818314,25202.989152004237,11003.162836821584,11191.505321342986,0.0
966.0,383.21204234000965,25111.05127577974,10934.767861565108,11194.36405137366,0.0
967.0,384.4067548211912,24006.849473904687,10866.553387139289,11187.03456499258,0.0
968.0,382.3826256679563,23916.166682090323,10794.061767390032,11172.347791481527,0.0
969.0,382.82729694520674,23827.788528562363,10715.593369175009,11166.955354512625,0.0
970.0,382.0954030420884,23741.546485296534,10634.747355537858,11164.616182415954,0.0
971.0,381.51516212175187,23655.097810016963,10552.443431847269,11195.292334576548,0.0
972.0,381.242599016891,23569.33779454569,10467.80033471611,11208.250348413863,0.0
973.0,378.9005463463226,23479.32562891696,10398.47412871536,11218.120121695885,0.0
974.0,379.06944915500964,23387.337537367996,10329.439258538338,11230.054741146076,0.0
975.0,380.1614124659321,23294.74037022455,10261.278685577898,11230.738623505957,0.0
976.0,379.95673174140325,23202.48112927607,10194.15696484217,11238.03416238415,0.0
977.0,379.52400411955165,23119.479044076365,11810.039703138058,11218.999428887702,0.0
978.0,377.9322961726748,23027.577607603478,11754.098732589231,11260.279290458393,0.0
979.0,375.63258780915487,27525.507079747942,11708.848088028175,11241.512818269388,0.0
980.0,374.99987561313685,29528.821043647367,11647.596334563468,11237.092673984393,0.0
981.0,375.04331404577266,29438.066902800394,11594.015812881362,11221.006625559392,0.0
982.0,375.84731114383135,29346.600208664542,11549.40216363597,12357.725977768421,0.0
983.0,377.4470314721103,29255.060512893688,11593.815206466239,12259.527915715145,0.0
984.0,379.8455637476607,29162.755066729995,13278.646214400766,12258.889531812187,0.0
985.0,383.01241081594486,29074.145856729625,13237.963176079053,12242.86817187245,0.0
986.0,381.54578060335814,28986.03555247538,13188.369047499276,12239.707712123529,0.0
987.0,380.12733088265395,28908.884006611428,13125.911269413187,12326.705871989592,0.0
988.0,380.40079114655555,28830.702384892724,13056.816884828855,12333.398356130598,0.0
989.0,378.90910550609675,28742.458747305143,12990.443325463097,12324.535256010244,0.0
990.0,377.3885222903467,28654.215109717567,12924.06976609734,12361.58997619241,0.0
991.0,378.38991055981717,28563.840207663823,12858.01779867157,12356.83291778588,0.0
992.0,376.7678705554441,28476.08661857742,12792.53980481876,12361.92571264096,0.0
993.0,377.63044078091445,28386.200612547997,12742.03323852864,12346.667911755681,0.0
994.0,375.85447617029837,28304.48118567279,12697.675068939321,12305.188439753192,0.0
995.0,377.35177901025065,28213.716636655758,12659.142430466649,12285.173761808614,0.0
996.0,377.6529580622997,28123.63735098562,12623.349768228358,12271.618306778442,0.0
997.0,378.35230963664435,28033.054984457496,12650.39419165009,12170.739844976415,0.0
998.0,380.03497712503633,27941.451580624172,12683.357543004598,12063.808569635708,0.0
999.0,382.0882318785805,27849.297393220902,12728.147577551621,11955.471365153078,0.0
1000.0,384.1414866321245,27757.54320581763,12732.969022051826,11900.2666389674,0.0
