"tick","Money avg. 1 Producers","Money avg. 2 Internationals","Money avg. 3 Wholesalers","Money avg. 4 Retailers","Money avg. 5 Consumers"
1.0,498.9355237808011,39914.90871881589,23450.08306193276,5588.110155930504,0.0
2.0,497.87104756160215,39829.81743763178,23400.166123865518,5576.22031186101,0.0
3.0,496.8065713424032,39744.726156447665,23350.249185798275,5564.330467791517,0.0
4.0,495.7420951232042,39659.63487526355,23300.332247731036,5552.440623722022,0.0
5.0,494.67761890400527,39574.54359407944,23250.415309663797,5540.634779652527,0.0
6.0,493.61314268480635,39489.45231289533,23200.498371596554,5528.82893558303,0.0
7.0,492.54866646560737,39404.36103171122,23150.58143352931,5533.823091513536,0.0
8.0,491.48419024640845,39319.269750527106,23100.66449546207,5522.0172474440415,0.0
9.0,490.4197140272096,39234.178469342995,23052.9017240615,5510.2114033745465,0.0
10.0,489.3552378080106,39149.08718815888,23005.386622061793,5498.405559305052,0.0
11.0,488.2907615888116,39063.99590697477,23427.871520062086,5392.599715235556,0.0
12.0,487.2262853696127,38978.90462579066,23454.65723832263,5365.504054130782,0.0
13.0,486.1618091504138,38895.81334460655,23407.142136322927,5353.313130395353,0.0
14.0,485.0973329312148,38812.722063422436,23359.62703432322,5370.8654256031305,0.0
15.0,484.03285671201587,39129.630782238324,22912.111932323514,5389.873289703166,0.0
16.0,482.96838049281695,39046.53950105421,22858.72183032381,5409.5467013477655,0.0
17.0,481.928904273618,38963.4482198701,22805.919228324106,5421.409070736175,0.0
18.0,480.88942805441906,38880.35693868599,22753.715763212498,5418.264208479622,0.0
19.0,484.8062018352201,38789.76565750188,22812.514279168437,5393.236107841011,0.0
20.0,483.63641311602123,38706.07437631776,22874.510175750795,5358.777172167253,0.0
21.0,482.359257163658,38622.38309513365,23049.633367479455,5301.7569012671665,0.0
22.0,480.9574380415201,38538.69181394954,23228.811003320592,5243.721001792283,0.0
23.0,479.45069612603413,38455.00053276542,23411.900002816998,5184.693511226829,0.0
24.0,477.8018428798361,38371.30925158131,23477.28202930416,5148.993697428613,0.0
25.0,479.8791177091366,38281.780862507665,23542.759641817473,5113.130542230386,0.0
26.0,477.88450050959136,38197.33181059922,23608.32806105564,5077.104879837461,0.0
27.0,478.9555284883168,38108.05229852292,23560.391077357875,5063.635836609808,0.0
28.0,476.6585036710322,38022.86066097655,23512.45409366011,5050.166793382153,0.0
29.0,480.2716431919445,37928.49158204069,23464.517109962348,5036.697750154499,0.0
30.0,480.36958180237696,37840.98392070786,23416.580126264587,5023.228706926842,0.0
31.0,480.623039220315,37752.33979598554,23368.64314256682,5009.759663699187,0.0
32.0,481.151794608837,37941.83913605142,23041.167209338175,4996.290620471533,0.0
33.0,481.9760384614653,37851.422030450216,22983.547361134777,4982.821577243877,0.0
34.0,482.818954570699,37762.09160115519,22925.927512931383,4969.352534016221,0.0
35.0,483.65368060225967,37721.72094086626,22818.152199901248,4955.883490788568,0.0
36.0,485.5642655366343,37724.460569323244,22661.69852911579,4942.414447560913,0.0
37.0,486.22354868630885,37631.42786943102,22595.296027074168,4928.945404333257,0.0
38.0,487.6893396744973,37535.92840621538,22624.78906154956,4896.423100274882,0.0
39.0,488.198254384131,37440.366218450035,22642.23564644083,4866.352214432807,0.0
40.0,489.68852111046795,37341.997151113144,22663.11182685008,4835.636412957976,0.0
41.0,489.9923468960206,37243.78274204778,22687.306779678744,4814.997727240962,0.0
42.0,487.8990008501316,37147.950766869995,22714.696420972028,4793.9413003214895,0.0
43.0,485.94432160316967,37051.724786884035,22744.480597796475,4772.458283218384,0.0
44.0,484.2037032920241,36955.10360305153,22774.055115292453,4751.0425149625125,0.0
45.0,482.74909457155593,36859.28625614179,22710.96578699439,4748.165000346382,0.0
46.0,481.6416175611404,36763.07197877028,22647.876458696333,4745.3878748969055,0.0
47.0,480.8866857650818,36788.43450427677,22462.812783150835,4742.382524932781,0.0
48.0,480.1660882914569,36692.62464704028,22396.935783675664,4728.209241027207,0.0
49.0,479.4444430821218,36596.41636140735,22332.387134385128,4714.035957121634,0.0
50.0,478.72195968421835,36567.173876067216,22323.894269932567,4675.447811379652,0.0
51.0,477.99880573546034,36471.167853543426,22461.805384049323,4620.60952658293,0.0
52.0,477.2834486793519,36374.76263568066,22604.200284531747,4565.034146494427,0.0
53.0,476.5676624706966,36293.09144412372,22799.65662955745,4508.257291825505,0.0
54.0,477.5119496066703,36194.387384972826,23011.80012828267,4457.556768015276,0.0
55.0,480.0660925014406,36121.59674256298,23204.03271379336,4463.312690023782,0.0
56.0,480.5044398717667,36023.120697714956,23411.9616298905,4426.023311317354,0.0
57.0,478.5813328607382,35929.100606167616,23412.109217833637,4421.909864548476,0.0
58.0,477.1219465145061,35850.57112626368,23457.88924702557,4396.924949038037,0.0
59.0,476.70108659407913,35768.79355174538,23443.924800834146,4385.571194276084,0.0
60.0,475.8600831865063,35671.85425677498,23380.017968141008,4376.614013031487,0.0
61.0,473.8712786119178,35576.72746905438,23316.586155268265,4373.277182786624,0.0
62.0,474.4975014107205,35477.11734372999,23305.530219858636,4350.403204875538,0.0
63.0,477.58716546739265,35373.37840103306,23295.028557435537,4327.616520260783,0.0
64.0,478.59094562277124,35272.82311857003,23285.069760939397,4304.905751177555,0.0
65.0,478.2948265859653,35190.79659837735,23208.99057648298,4301.307716739886,0.0
66.0,477.3594957303473,35111.11067366167,23130.584015830344,4298.070273931737,0.0
67.0,477.2032285194821,35030.00384606095,23124.607783299685,4295.135815558387,0.0
68.0,476.23471663177753,34964.95950508224,23037.246565390506,4292.485851753616,0.0
69.0,476.12528503479933,34867.35220860331,22966.041078076498,4289.987995272434,0.0
70.0,476.5944550603245,34780.54385312134,22886.45042879792,4287.544004462495,0.0
71.0,480.22335706297866,34679.55544274109,22813.00129118077,4277.998228411041,0.0
72.0,481.1343232708475,34577.81621338405,22739.55215356362,4268.803439373599,0.0
73.0,482.28587362318297,34475.242165991614,22666.10301594647,4320.856278795066,0.0
74.0,486.7809195592158,34374.6217406139,22586.505035979808,4312.190682738881,0.0
75.0,486.25198071823905,34280.76083617717,22505.404439674774,4303.845336783894,0.0
76.0,484.94318953422646,34188.56055474365,22422.73061559699,4300.742569361839,0.0
77.0,483.65361219885517,34086.873698106996,22388.38262117371,4286.051531437192,0.0
78.0,482.3825005179829,33993.5235302148,22340.36047578852,4278.268742656118,0.0
79.0,481.4788037330399,33890.53033462211,22290.276114270862,4268.005252780395,0.0
80.0,480.78373356287227,33786.75394477414,22240.995373819565,4263.189348063684,0.0
81.0,480.20464529489345,33682.3481211889,22200.82200176997,4252.86331114102,0.0
82.0,479.93448437099846,33576.875997253825,22161.22151017283,4237.739419206102,0.0
83.0,479.9474892153326,33470.258699595506,22098.961373795893,4229.2620296905925,0.0
84.0,478.23329153272954,33366.40696037644,22046.281310593946,4223.368881451846,0.0
85.0,476.5618652072949,33262.55522115737,21998.90213840543,4215.973880313459,0.0
86.0,474.917854104261,33158.7034819383,21952.202057518687,4208.2008294867455,0.0
87.0,473.32123946672897,33054.851742719235,21891.74198302887,4197.233118685456,0.0
88.0,471.7917799049196,32951.00000350017,22070.07920468756,4179.678010330521,0.0
89.0,470.346928938359,32847.1482642811,22011.51110008263,4168.282648789906,0.0
90.0,469.00089758732133,32743.296525062033,21953.001019671137,4157.06454640331,0.0
91.0,467.7055547093907,32639.444785842963,21882.133043564652,4146.853236903951,0.0
92.0,466.4102118314602,32535.5930466239,21811.265067458156,4136.949106409742,0.0
93.0,465.1148689535296,32431.74130740483,21740.39709135167,4127.364577826071,0.0
94.0,463.8195260755991,32327.889568185765,21669.52911524518,4118.088358387618,0.0
95.0,462.52418319766844,32224.0378289667,21598.661139138694,4111.421022347209,0.0
96.0,461.22884031973786,32120.186089747633,21527.793163032202,4105.07371989624,0.0
97.0,459.9334974418073,32016.334350528567,21456.925186925713,4098.942058414345,0.0
98.0,458.63815456387675,31912.482611309497,21386.057210819225,4092.9637329315096,0.0
99.0,457.3428116859461,31808.630872090434,21315.189234712732,4078.824876448381,0.0
100.0,456.0474688080156,31704.77913287137,21244.321258606244,4069.7290785885125,0.0
101.0,454.75212593008507,31600.927393652302,21173.453282499755,4055.857435353945,0.0
102.0,453.4567830521545,31497.075654433233,21102.921020678976,4042.1136246339443,0.0
103.0,452.16144017422386,31393.22391521417,21032.727059923378,4030.735207831008,0.0
104.0,450.86609729629333,31289.372175995104,20962.533099167773,4024.9490744348864,0.0
105.0,449.5707544183627,31185.520436776038,20905.154993689197,3733.9541955534264,0.0
106.0,448.2754115404321,31082.66869755697,20835.95437137906,3728.7960659453524,0.0
107.0,446.98006866250154,30980.81811482848,21130.18574477855,3699.051917103331,0.0
108.0,445.684725784571,30888.435600459183,21070.647149319495,3716.4079692394444,0.0
109.0,444.38938290664044,30797.112743958376,21010.102862294683,3710.3972326123157,0.0
110.0,443.0940400287099,30705.972761128,20948.345264104213,3702.2777617391694,0.0
111.0,441.7986971507793,30606.19487990417,20899.11482545309,3681.212509422757,0.0
112.0,440.63188669542353,30506.41699868034,20829.49474045097,3666.6491049538545,0.0
113.0,439.4867636805385,30406.639117456507,20780.942840470183,3637.6184109257065,0.0
114.0,446.80515253918725,30289.81741068781,20733.190032588744,3620.2198410141955,0.0
115.0,446.99684408525013,30183.27844529345,20664.18139981887,3613.5023470547653,0.0
116.0,446.73343772886454,30076.82750096418,20638.242752896764,3568.44549575862,0.0
117.0,445.87880124878586,29970.908229134435,20569.234120126886,3551.8796996945593,0.0
118.0,444.4299012400503,29865.77827434362,20500.22548735701,3866.559445698392,0.0
119.0,442.9631395076599,29760.6483195528,20431.216854587135,3853.1416746027107,0.0
120.0,441.4908107313401,29655.518364761985,20362.20822181726,3863.2389155776236,0.0
121.0,440.0283436934442,29550.388409971172,20293.199589047388,4254.229370048912,0.0
122.0,438.5912888233903,29445.258455180356,20224.190956277514,4256.074388593458,0.0
123.0,437.1946973813224,29340.12850038954,20155.18232350764,4258.587097741159,0.0
124.0,435.85237497745584,29234.998545598726,20086.467440737764,4359.701659632036,0.0
125.0,434.5669268021358,29129.868590807906,20018.050395240192,4348.735134729771,0.0
126.0,433.3129991671515,29024.738636017093,19970.626553390735,4360.370711404726,0.0
127.0,432.09497028775,28919.60868122628,19923.796238583258,4348.872769371325,0.0
128.0,430.8944048638139,28814.47872643546,19877.550597722766,4844.183880568974,0.0
129.0,429.6970273961559,28709.348771644647,19831.880958799615,4856.752929927612,0.0
130.0,428.49964992849783,28604.21881685383,19786.233201923318,4825.898391980263,0.0
131.0,427.30227246083984,28499.088862063014,19740.60623299153,4787.693591874204,0.0
132.0,426.1048949931818,28394.958907272197,19673.408771339007,4785.936535411847,0.0
133.0,424.9075175255238,28291.830305702955,19606.211309686492,4784.373708872019,0.0
134.0,423.7101400578657,28197.64070305646,19534.544348572595,4767.553960589459,0.0
135.0,422.5127625902077,28103.46319685615,19461.402589235615,4759.075143691055,0.0
136.0,421.3278851225497,28000.33459528691,19391.559390038907,4742.255395408495,0.0
137.0,420.1561688063998,27897.205993717667,19322.011841224787,4822.6094641119425,0.0
138.0,419.78265429723655,27792.48098853445,19258.681954165957,4801.069448456114,0.0
139.0,419.4416306801796,27687.273443850034,19195.68968090955,4779.2464994638885,0.0
140.0,418.252261540112,27583.32368543253,19597.06656083085,4757.430975236088,0.0
141.0,417.0654239415362,27479.373927015025,19536.29495926031,4741.155359218467,0.0
142.0,415.8814919257742,27375.42416859752,19468.62927548648,4749.381014913745,0.0
143.0,414.7012645303526,27271.474410180017,19401.299305998356,4768.072145671644,0.0
144.0,413.52537426384737,27167.524651762513,19334.309250541628,4774.477584506106,0.0
145.0,412.3519109217938,27063.57489334501,19286.13851231229,4779.287034970471,0.0
146.0,411.1784475797401,26842.18320625687,19238.53041212745,4776.885803478334,0.0
147.0,410.00498423768653,26737.97129768481,19198.246938978176,4773.602429310644,0.0
148.0,408.8315208956329,26635.10731442966,19140.278672063163,4777.362552136596,0.0
149.0,407.6580575535793,26543.400047832514,19090.164780641055,4753.293809503386,0.0
150.0,406.4845942115257,29838.849981267616,19052.800119542015,4718.420669079348,0.0
151.0,405.32988086947205,29749.145928677564,18998.234982833634,4694.5686681591615,0.0
152.0,404.19253072398254,29651.9381283612,18953.731120615776,4670.166470765798,0.0
153.0,403.47237753490214,29553.896991005688,18909.730949389465,4645.704871282825,0.0
154.0,403.4148997873879,29455.326638576353,18859.0736524719,4643.8791355435915,0.0
155.0,402.62528359990006,29358.61142147968,18808.519907469745,4634.810567426484,0.0
156.0,403.24690777988275,29265.73524282316,18754.05174124496,4628.774514311299,0.0
157.0,401.88239584906665,29175.694454141307,18681.584365483293,4629.460734800408,0.0
158.0,400.84662656269234,29077.675599865062,18611.478921998936,4636.139531670998,0.0
159.0,399.2871659965788,28980.315469271045,18541.373478514586,4625.632829660664,0.0
160.0,397.67253170698274,28882.955338677028,18471.268035030233,4683.785458460485,0.0
161.0,396.41874870011753,28784.7565466673,18421.948605847458,4679.6852164353195,0.0
162.0,395.14039120420045,28686.296287482943,18349.245578170998,4671.286838008094,0.0
163.0,393.8806079212083,28587.534199814414,18276.946189452017,4684.1700830992595,0.0
164.0,392.12332423303616,28489.48877017653,18216.62591335796,4677.265624583029,0.0
165.0,390.8882062630342,28390.31765920873,18151.03729244843,4680.192154837708,0.0
166.0,389.0770146100758,28291.989201131466,18086.05521602502,4657.271550563454,0.0
167.0,387.33286082533624,28193.6607430542,18021.68417101283,4660.839076329934,0.0
168.0,385.6457151299121,28095.33228497694,17957.47068900645,4643.153484753756,0.0
169.0,384.04406439198056,27997.003826899672,17893.408698011346,4648.057728525173,0.0
170.0,382.55347741159534,27898.675368822413,17822.836191314997,4643.907672488865,0.0
171.0,381.19539414434155,27800.346910745146,17752.263684618647,4660.167683549967,0.0
172.0,379.9404750136202,27702.018452667882,17570.730954918683,4645.085194152748,0.0
173.0,378.69851583660034,27603.689994590615,17497.00967584889,4698.939863252645,0.0
174.0,377.4565566595805,27505.361536513352,17424.234524108273,4702.028313767702,0.0
175.0,376.21459748256063,27407.033078436085,17381.803435606613,4685.192839374306,0.0
176.0,373.18837381488026,27309.704620358825,17340.944568072937,4665.516913967861,0.0
177.0,371.92210415714305,27213.37616228156,17322.821022724987,4615.311272655401,0.0
178.0,370.6558344994059,27124.805226727534,17300.58101895833,4578.960967932169,0.0
179.0,369.3895648416687,27038.26652311931,17239.254847648586,4559.709718413564,0.0
180.0,369.02124949045015,26944.970296987853,17174.712344494834,4544.0410961911875,0.0
181.0,367.77143180411974,26865.87347034354,17146.764721495994,4510.320457598928,0.0
182.0,367.0939180419458,26771.816369360036,17112.714981965684,4504.308054237607,0.0
183.0,367.7582235004637,26676.657310965675,18132.988914118512,4486.809340869235,0.0
184.0,370.9274556355711,26578.15919231135,18077.928201321534,4496.432264944022,0.0
185.0,374.5793390033861,26483.883837297784,18018.651616455405,4494.454799554594,0.0
186.0,375.3316686644301,26392.13295986886,17957.489532600368,4504.48765344861,0.0
187.0,373.72886743934697,26296.9084126704,17884.844276988937,4515.673418546803,0.0
188.0,383.84128919859864,26200.088216663906,17812.593702253904,4548.783959653373,0.0
189.0,381.5539351290717,26111.360974372827,17751.43873205249,4545.01533426419,0.0
190.0,399.2414500420845,26016.717103000636,17682.564314192718,4531.99759314998,0.0
191.0,396.91342667451755,25923.08829362526,17614.02278060768,4511.29039038809,0.0
192.0,394.6343090714836,25837.41571322339,17536.15938195814,4502.053117405345,0.0
193.0,392.46572679996234,25744.826503740398,17319.660566505438,4481.96668120436,0.0
194.0,390.44732779590123,25659.427821105768,17239.675407070805,4498.014500646431,0.0
195.0,389.97172617562427,25564.809301152753,17157.550934921706,4489.65005807008,0.0
196.0,388.8485214846519,25470.948998449647,17075.908271119395,4475.458725039107,0.0
197.0,389.7428375807723,25373.977628874734,17003.74104563078,4456.135489642993,0.0
198.0,406.6072081383138,25275.53072994188,16932.77281391644,4433.266900649094,0.0
199.0,406.30358738559755,25178.192468675028,16853.548530059306,4415.576117813569,0.0
200.0,406.77970631273,25079.818842932247,16788.93540228829,4417.3314831768275,0.0
201.0,407.32172479255166,24981.24439568756,16725.389479409532,4387.735027974488,0.0
202.0,406.1972767986308,24890.592856260984,16643.86601773893,4367.0823904218105,0.0
203.0,405.1053462386613,24799.58770705202,16575.108886595284,4337.905982679494,0.0
204.0,404.0931585580383,24701.871600957715,16513.938869757465,4333.604125907382,0.0
205.0,403.16879259399434,24603.644850940156,16453.571333421787,4323.659948481965,0.0
206.0,404.13764163101234,24501.68415826332,16379.753740017139,4312.722857771403,0.0
207.0,404.7973284477671,24398.968124599345,16306.074387345194,4316.754856821079,0.0
208.0,403.5815871253921,24299.641798281504,16232.476504576207,4326.611915674538,0.0
209.0,403.1368934342537,24199.429034759734,16153.706627499701,4341.403101142694,0.0
210.0,400.92352851924494,24109.340818016713,16069.452479244148,4349.243462825656,0.0
211.0,399.22321863340204,24018.428083038954,15982.727134958313,4343.179840661146,0.0
212.0,396.9869106175823,23921.26143857411,15308.918713945666,4347.6409672642285,0.0
213.0,394.9273334092611,23824.09479410927,15216.991805181275,4336.628219026938,0.0
214.0,393.4675242756993,23726.007097012625,15125.652396416886,4321.310496585018,0.0
215.0,395.57349232283485,23621.58418556706,15034.906957242207,4306.682160134047,0.0
216.0,395.58231911586535,23519.579622532874,14951.742687274476,4302.86008455005,0.0
217.0,395.53242409875037,23416.818354175743,14871.60438476818,4293.229789833001,0.0
218.0,394.86402569946523,23314.265112693458,14785.007581973392,4277.294750302346,0.0
219.0,393.56165575896756,23212.142760017236,14738.438926722054,4246.083791975625,0.0
220.0,391.3971605758334,23111.10836733546,14679.62347261286,4245.121003334617,0.0
221.0,389.2014402835134,23010.07397465368,14622.270604642013,4221.800464981407,0.0
222.0,387.0448856144161,22909.0395819719,14538.946580021548,4215.5014131202315,0.0
223.0,384.9687613108658,22808.005189290125,14475.847860191587,4196.762932286374,0.0
224.0,383.0171215464528,22706.970796608348,14413.377889205847,4177.65121681098,0.0
225.0,381.2306320428245,22605.936403926567,14330.64136458538,4178.6014313335145,0.0
226.0,379.6439037172682,22504.90201124479,14249.087825319415,4166.189297557056,0.0
227.0,393.4273042302732,22403.867618563014,14173.310975363576,4171.618271285813,0.0
228.0,392.0974813373195,22302.833225881237,14103.398846717853,4217.79496771885,0.0
229.0,390.7676584443658,22201.79883319946,14034.931227667079,4222.385560361989,0.0
230.0,389.43783555141215,25683.114124162636,13968.117634796814,4218.422700148521,0.0
231.0,388.1080126584585,25588.737777596936,13902.572012593575,4205.656080881226,0.0
232.0,386.7781897655048,25513.594595984538,13821.837415150181,4201.459395636979,0.0
233.0,385.5089620359057,25425.505380308605,13738.74128728671,4227.660923991962,0.0
234.0,384.2719057819205,25331.129033742905,13667.298208832297,4203.850909556203,0.0
235.0,387.06029291575385,25231.172330153946,13591.44400799537,4216.565559530969,0.0
236.0,388.19257071483844,25133.26187247693,13534.789610382188,4185.892843097454,0.0
237.0,389.5614589971025,25040.370870130933,13455.386466344507,4163.3266452907465,0.0
238.0,389.07414221497913,24950.21678391282,13505.050562839804,4080.3726778207533,0.0
239.0,388.11267023337814,24861.295802629993,13430.760326161753,4057.3893737511153,0.0
240.0,386.54661687980723,24772.67627979018,13386.631434719753,4022.9354478736946,0.0
241.0,385.7527550664153,24683.523143243925,13325.594538262536,3997.939251109826,0.0
242.0,384.5666934103104,24596.753050068055,13239.477385975159,3966.5025556629744,0.0
243.0,383.8957057430397,24509.762044339215,13156.84315357606,3953.4394553436637,0.0
244.0,382.9633045666764,24416.61734223744,13069.587757671166,3938.128441175491,0.0
245.0,382.87248734683567,24327.88320109114,12987.227234691134,3924.656228656591,0.0
246.0,382.5555089766271,26860.320694608265,12898.463934432475,3939.7153810628397,0.0
247.0,383.20363380390336,26764.562992986455,12810.471064511421,3950.6845741929196,0.0
248.0,383.1269684467226,26668.596597125223,12722.58619203832,4159.469436819664,0.0
249.0,382.2266035217523,26572.720656148493,12634.740020826914,4136.830969815032,0.0
250.0,380.8630233845404,26476.640756836845,12541.235473414996,4281.578645277976,0.0
251.0,379.0483893480568,26380.587794970394,12447.730926003078,4262.585890199211,0.0
252.0,376.70679143116166,26284.888134728626,12354.226378591162,4244.224815351528,0.0
253.0,375.8653775950628,26187.02732495175,12260.721831179244,4225.451730020717,0.0
254.0,373.63944080263263,26090.50552626501,12167.217283767324,4226.633613578349,0.0
255.0,371.6646909410034,24963.2881406647,14358.970189084326,4213.764462152156,0.0
256.0,369.7328005311125,24864.081576334298,14274.17959093552,4228.884018233217,0.0
257.0,367.4969978268691,24765.47468118198,14189.388992786711,4230.915749601718,0.0
258.0,365.4411718254683,24666.86778602966,14105.538394637902,4233.994728508136,0.0
259.0,363.5481714289695,24568.260890877344,14023.126725057175,4230.662746743575,0.0
260.0,361.7508749761041,24469.653995725024,13988.647226731226,4194.723650355442,0.0
261.0,360.073098432306,24371.04710057271,13970.50639642846,4150.852131837841,0.0
262.0,358.53304681967853,24272.44020542039,13945.391423530591,4105.493042297684,0.0
263.0,357.0315358590914,24173.83331026807,13943.909957507496,4047.797959666247,0.0
264.0,355.54781528357864,24075.226415115754,13934.424666042814,3994.9590988122322,0.0
265.0,354.0640947080658,23976.61951996343,13926.449907089265,3956.3939210410217,0.0
266.0,352.58037413255306,23878.012624811116,13862.831229866706,3935.069141134604,0.0
267.0,351.0966535570403,23780.205729658795,13787.60985642693,3922.021052592363,0.0
268.0,349.6129329815276,23683.20712874076,13721.920647078481,3901.2467016339638,0.0
269.0,348.12921240601486,23591.744993872348,13641.97724362332,3884.396825913085,0.0
270.0,346.64549183050207,23501.160086777167,13559.634883139133,3872.36917641242,0.0
271.0,345.16177125498933,23410.611431886693,13474.881906137041,3866.8272855292716,0.0
272.0,343.7030506794765,23320.144436890845,13388.59486338974,3859.587692120363,0.0
273.0,342.28434894260954,23224.788542751252,13305.714517961384,3871.7992171190044,0.0
274.0,342.6594368098036,23126.65026871775,13231.529094993433,3863.469438775694,0.0
275.0,344.18866217656245,23026.112724107283,13158.406669431673,3854.3746662519634,0.0
276.0,346.80860654890694,22922.84010381813,13085.358810395095,3844.3814535302295,0.0
277.0,348.3475325912579,22819.925106174378,13008.4073982796,3840.0158265081213,0.0
278.0,349.58916994311903,22717.19533632011,12927.460727211706,3837.131419316469,0.0
279.0,351.7239775173552,22612.702556829732,12846.514056143813,3843.6873321904272,0.0
280.0,350.95045728441664,22516.479904331867,12760.535659737214,3856.421677643665,0.0
281.0,349.3570615081471,22421.238832771873,12672.637951406468,3880.979950645208,0.0
282.0,347.77778846582163,22320.92672394902,12589.854109483247,3872.065681502085,0.0
283.0,346.21247868813157,22220.61461512617,12511.706581176455,3853.9143189255556,0.0
284.0,347.4943404606185,22115.771949591937,12445.82971372897,3829.6843420137257,0.0
285.0,347.71245145502127,22011.596169663157,12379.021176447884,3812.8456425577197,0.0
286.0,349.30435678881526,21904.480138157953,12311.042940040059,3802.48855196088,0.0
287.0,349.70329936212204,21797.914768906117,12251.79070673268,3791.1462735693935,0.0
288.0,349.5235026526069,21691.264948181422,14078.38314142508,3764.768350933115,0.0
289.0,347.9778722883467,21585.917565086853,14019.772276187428,3766.536520228193,0.0
290.0,345.7708723007003,21482.815252564433,13962.258073511966,3757.0819397355503,0.0
291.0,343.5811513565164,21380.550604474916,13899.772939069944,3942.3897821451465,0.0
292.0,341.4526775127433,21289.726920719306,13826.042748293285,3935.8133016196884,0.0
293.0,339.43453905288925,21194.570987760177,13750.830040896972,3926.8283289051624,0.0
294.0,337.57136736102734,21101.29806016303,13676.397407949638,3920.251336915573,0.0
295.0,335.8987546342175,21008.996403112236,13599.531301894502,3916.688370802708,0.0
296.0,334.4179180168153,20917.278672730572,13517.885585545848,3908.5664282996413,0.0
297.0,333.0530703952512,20825.61168138327,13434.239253335225,3893.3758327935184,0.0
298.0,333.2357640265577,20731.701152549238,13349.001440744601,3878.363994558469,0.0
299.0,334.1429938777761,20630.684666245303,13266.385390149659,3865.4488039660496,0.0
300.0,338.47016865275816,20523.380299177014,13183.769339554718,3858.9722514046307,0.0
301.0,339.62755383503577,20419.10374310313,13101.93662229311,3845.8718934715675,0.0
302.0,340.4273918931648,20316.005878156768,13020.502992208174,3833.882070133931,0.0
303.0,341.48286668179503,20211.447987804626,12946.095753374811,3822.655689852489,0.0
304.0,340.7623414246692,20120.023481090993,12861.538868127276,4232.791601488344,0.0
305.0,339.94814680506715,20018.159137451723,12788.679684506806,4214.938479179922,0.0
306.0,338.0366887342636,19923.326737650998,12707.86442119977,4214.148346977667,0.0
307.0,336.094509348513,19829.370502065784,12625.194447750633,4196.85167837779,0.0
308.0,334.19361479277563,19736.48729830818,12536.413172074946,4180.572852806803,0.0
309.0,332.3386129085236,19643.60409455057,12445.673563065928,4188.623410377529,0.0
310.0,333.0262846862125,19551.334772376897,12349.100706294961,4186.651361424148,0.0
311.0,331.75702212350757,19452.180446964234,12256.34740552279,4182.97611403933,0.0
312.0,330.4757210788158,19352.978460903432,12166.079402665502,4178.332094074912,0.0
313.0,331.14476440903434,19250.53494121755,12076.610834598978,4174.576618181052,0.0
314.0,332.22466541981817,19146.594426314863,11999.58149395287,4307.576271389181,0.0
315.0,332.43385204511196,19042.94743301216,11916.423811675293,4295.2666946689205,0.0
316.0,333.8234010854359,18936.479667484644,11836.654308677329,4290.838851101551,0.0
317.0,332.3919415166713,18833.166158983535,11757.80644541449,4280.500848432244,0.0
318.0,330.9192642829654,18729.50451180597,11684.392342053969,4279.810881537262,0.0
319.0,329.4244542947552,18625.460705233818,11610.036298705836,4269.96076072668,0.0
320.0,327.9606305170618,22101.560731154335,11569.081794054877,4231.675466094172,0.0
321.0,326.5630179721087,22002.74556906933,13821.637973630315,4200.349258694167,0.0
322.0,324.5081021943828,21909.26832965084,13771.522487568347,4167.881204252927,0.0
323.0,322.5867758465748,21824.193041341077,13694.265407036393,4143.825769401255,0.0
324.0,320.80312969800144,21732.484888486677,13646.59070035312,4128.177232250497,0.0
325.0,319.1824842989213,21642.222484511207,13573.975128400883,4105.830552127654,0.0
326.0,317.7505952246757,21558.901817121543,13528.569359821735,4071.4817177798054,0.0
327.0,316.51496872260117,21588.503406322852,13303.220421951606,4051.799385695128,0.0
328.0,316.3583521828105,21509.74601713777,13202.62242254035,4031.9779597002193,0.0
329.0,317.80068892892905,21419.49359962322,13104.436064450249,4014.129510405011,0.0
330.0,320.55258977546976,21323.413001042805,13012.94596698026,3997.5167106816225,0.0
331.0,322.1423773743045,21231.5955187679,12912.356035646753,4018.6531578766712,0.0
332.0,321.7506330318361,21141.717786494522,12808.902291187746,4004.5874840468655,0.0
333.0,321.903689294115,21046.031744103326,12708.346653583918,4010.5724900193504,0.0
334.0,320.7141900319035,20951.27359645592,12607.791015980089,3994.902583598565,0.0
335.0,320.85527064489156,18796.266210806174,12507.705378376257,3984.084376274627,0.0
336.0,320.0017830053322,18696.83455810508,12408.559740772427,3968.468179074111,0.0
337.0,318.603720440249,18597.48157662487,12311.609866642435,3957.1753095236336,0.0
338.0,316.51943624856733,18498.684503203713,12217.871587817152,3945.706654076202,0.0
339.0,313.9850021159099,18400.50964689026,12122.405445003546,3925.6675605650908,0.0
340.0,312.1422334816899,18301.461822535093,12027.44101561323,3905.5112139658504,0.0
341.0,309.959094701676,18203.077700219506,11931.91815792097,3889.826063579023,0.0
342.0,308.014785907259,18104.69357790392,11834.67530463238,3874.0268861502773,0.0
343.0,306.27822145318993,18006.30945558833,11737.902451343789,3886.463209759129,0.0
344.0,304.6415306766934,17907.925333272742,11642.102912724591,3896.294144088012,0.0
345.0,303.05459422925156,17809.541210957155,11550.707957150353,3907.181781871525,0.0
346.0,301.5316750196868,17711.15708864157,11494.80507813357,3880.313591917637,0.0
347.0,300.08783251908807,17612.772966325978,11448.545389052506,3846.085652336601,0.0
348.0,298.7121297285303,17514.38884401039,11417.437154274332,3809.728894999224,0.0
349.0,297.3825893020162,17416.004721694804,11398.028235485015,3787.4359893709584,0.0
350.0,296.05304887550216,17319.220599379216,11370.800405813929,3745.0160500923994,0.0
351.0,294.72350844898807,17222.436477063628,11313.14995268737,3721.497561051682,0.0
352.0,293.393968022474,17135.826724274542,11279.376059974433,3683.132081819305,0.0
353.0,292.0831775959599,17039.042601958954,14036.603170847025,3591.5376558197668,0.0
354.0,290.80925711374624,16943.058479643365,13983.280781647132,3561.8877244453424,0.0
355.0,291.15518506479407,16845.36838513888,13903.353884601971,3479.1421923788257,0.0
356.0,292.95662599454363,16751.298262108252,13817.090844949023,3474.186412390296,0.0
357.0,295.29397924645485,16655.51586263589,13728.958554972432,3474.7911403637004,0.0
358.0,297.0153565662024,16559.660599335562,13641.084807125484,3618.6230453852454,0.0
359.0,296.708496899941,16460.273546055774,13578.299529172622,3600.1355528653744,0.0
360.0,296.66363497236034,16360.087392600055,13517.800113192297,3596.3969532338156,0.0
361.0,295.8309340436329,16261.394577542093,13478.500326325517,3589.5109421797056,0.0
362.0,295.01682206193146,16163.121806858271,13524.932244545716,3524.042423199726,0.0
363.0,293.4184024651433,16072.641238934033,13490.130981273545,3490.8553533543904,0.0
364.0,291.7789340535445,15983.96966838244,13474.793187241157,3470.810373683141,0.0
365.0,290.1200143212625,15897.926153837785,13434.74144526011,3972.7139391204687,0.0
366.0,288.4520501770414,15813.651266112205,13393.620539273204,3928.6016903666755,0.0
367.0,287.18810982905194,15739.391831054425,13337.289047875469,3881.1720150175156,0.0
368.0,285.609743692621,15659.864424218318,13232.301776722215,3928.4494001628277,0.0
369.0,285.74708306959917,15573.357592900153,13129.020236632608,4006.5489822666023,0.0
370.0,287.49516005606137,15483.698793801179,13036.834516654424,4006.190812173605,0.0
371.0,290.63907752075664,15390.484298741929,12933.035214099478,4015.1376814194236,0.0
372.0,290.38010108823534,15296.116662980568,12841.21390046617,4015.0103527204474,0.0
373.0,288.8163552197667,15203.697780531807,12742.24524204501,4017.9795750253306,0.0
374.0,287.9242436029004,15110.53342997288,12659.958369665288,3995.4283477447993,0.0
375.0,287.0357807454036,15021.586558060882,12555.738473154892,3974.1293642444257,0.0
376.0,286.09748727380526,14931.870751137727,12454.956312668935,3957.389294528127,0.0
377.0,285.15489252411743,22855.9262924868,12358.288996605523,3979.625984053172,0.0
378.0,282.3577649281705,22766.3501403732,12289.406177943589,3955.940299338062,0.0
379.0,283.14012346832106,22670.927051314873,12194.984574947492,3945.112460109493,0.0
380.0,282.3661481626813,22582.578368750826,12102.294581546741,3919.6334868332456,0.0
381.0,280.67947429209056,22489.113432761696,12015.746021698049,3889.366733557049,0.0
382.0,278.5286636652071,22396.159403907797,11931.835179265538,3870.2178705214183,0.0
383.0,281.4901845917592,22294.85042865037,11888.778679857305,3855.821568370152,0.0
384.0,281.5050675667304,22196.55686253021,11845.333691796588,3833.097155931494,0.0
385.0,281.68514345344823,22097.189268292044,11807.385125417004,3814.1097957003167,0.0
386.0,279.0285389585929,22001.46069107629,11768.609675286392,3775.6686244120633,0.0
387.0,276.53851599183446,21905.732113860537,11695.964771577212,3757.837846922467,0.0
388.0,274.27931605625906,21810.803536644784,11624.447842663692,3776.2665726856007,0.0
389.0,272.2612665476181,21716.688883038347,11541.971939790414,3757.5070331485645,0.0
390.0,270.47454651715503,21623.411477823105,11459.445611198385,3737.5278487505284,0.0
391.0,268.9330037846678,21535.75760522724,11366.567081841766,3722.4102156642407,0.0
392.0,267.5027276519143,21448.264887400965,11270.498483270201,3708.8233310110963,0.0
393.0,266.0724515191608,21354.987482185723,11178.586472498428,3788.8688253509085,0.0
394.0,264.6421753864072,21261.710076970478,11087.261961726654,3803.569940814827,0.0
395.0,263.2118992536537,21168.43267175524,10997.12409262434,3796.504280051298,0.0
396.0,261.7816231209002,21075.155266539998,13432.951032374205,3694.138209704405,0.0
397.0,260.35134698814664,20981.877861324756,13390.204523222792,3662.8470716013835,0.0
398.0,258.9210708553931,20888.60045610951,13342.523834533948,3636.5230958392212,0.0
399.0,257.4907947226395,23996.10254241189,13307.332491655774,3681.5588453216424,0.0
400.0,256.060518589886,23907.02789093469,13274.602701240983,3647.8889715383743,0.0
401.0,254.63024245713245,23818.634895646574,13270.530152041301,3573.686272096239,0.0
402.0,253.19996632437895,23750.565872676903,13222.909255799486,3514.769294257334,0.0
403.0,251.8071901916254,23662.17287738879,13190.323008601046,3473.375238619993,0.0
404.0,250.45690064535643,23574.44654876735,13123.826061017173,3478.5403527633475,0.0
405.0,252.19396212035338,23482.657509708104,13044.152639688837,3502.872632483692,0.0
406.0,253.7477256603747,23420.395006480303,12931.462621807319,3496.5412850583643,0.0
407.0,255.74589445908424,23327.68677466111,12852.721340470946,3503.6990399133497,0.0
408.0,258.6393272604321,23233.011951896027,12878.594539479956,3413.2416780193835,0.0
409.0,261.77077295229645,23143.441795720424,12879.642134233165,3348.3548791869894,0.0
410.0,265.3503125515802,23047.311747808653,12798.93063926672,3345.7572636971863,0.0
411.0,265.7533596458923,22955.164682701736,12747.496071567926,3315.1243267013197,0.0
412.0,264.836977253779,22873.703052744797,12686.50708892272,3294.213856439336,0.0
413.0,264.0803029129487,22791.52162017099,12629.384439218049,3265.2232170478555,0.0
414.0,262.83750537404023,22700.151994596334,12598.44067952239,3320.9124533842482,0.0
415.0,261.0076750785914,22609.310515304234,12573.41940758138,3349.2264152096172,0.0
416.0,261.75236098825394,22514.941343893704,14377.271233870328,3280.8684031509974,0.0
417.0,261.8170897097459,22420.63708007837,14367.794386357333,3201.9705539096954,0.0
418.0,262.50841904081454,22326.1026120593,14404.740824920047,3079.541627014039,0.0
419.0,260.8857519819883,22234.51455378269,14410.851464820562,3045.032370329582,0.0
420.0,259.1868561800018,24701.44866807693,14390.804087873134,2964.6187734952277,0.0
421.0,259.96944687277505,24612.28034999819,14369.395508345193,2875.8426964587916,0.0
422.0,258.2599883876769,24525.544697741345,14346.430035718762,2785.825141790136,0.0
423.0,256.57305310039425,24438.72392602506,14321.508054683345,2722.037215264615,0.0
424.0,254.2631038857099,24352.533579604176,14241.07507609289,2693.3465164448926,0.0
425.0,252.1194692694216,23141.55219413629,17010.132608702166,2665.5249888967614,0.0
426.0,250.08275948843695,34598.212440362375,16932.957148540147,2638.008312183527,0.0
427.0,247.9626058506306,34510.91750072668,16855.78168837813,2809.5702947759214,0.0
428.0,245.77221688615612,34423.622561091,16778.606228216115,2899.1946743500866,0.0
429.0,243.6632752025802,34336.327621455304,16702.370768054094,2909.169849818196,0.0
430.0,241.6797583011252,34249.03268181962,16627.093879651453,2924.210949931609,0.0
431.0,239.88095073226052,34161.737742183934,16631.498052303064,3023.054614051213,0.0
432.0,238.14546191426479,34074.44280254825,16638.68059927428,3008.511004867329,0.0
433.0,239.68586032644228,33980.669865641496,16585.78392179786,3010.9215188776893,0.0
434.0,238.04764279248525,33892.26441218792,16602.88265422121,3173.078617800729,0.0
435.0,236.48733119293547,33803.85895873433,16558.931989463512,3159.169154231392,0.0
436.0,235.46658278727756,33714.42409351604,16516.666853656545,3131.307252187512,0.0
437.0,235.55278514225267,33622.514221724676,16474.952949012844,3167.8885372489467,0.0
438.0,233.94397577980553,33533.315836159985,16411.487550934125,3172.8931104054955,0.0
439.0,232.3007604916371,33444.117450595295,16348.64140673586,3182.4740160992746,0.0
440.0,230.65463453624395,33354.91906503061,16281.514521308189,3197.048416192879,0.0
441.0,229.02469676052885,33266.72067946592,16219.391162024061,3199.5368656222035,0.0
442.0,227.43078647460126,33178.52229390123,16157.361991784961,3227.472480540123,0.0
443.0,225.89082459547748,33090.32390833655,16090.705106357287,3211.581557194684,0.0
444.0,224.49936541427283,33002.12552277186,16024.532728235145,3276.1240248272566,0.0
445.0,223.18583649673332,32913.927137207174,15984.486780259213,3436.842535256277,0.0
446.0,229.87175025549516,32809.62425312892,15946.214135845188,3432.458299869399,0.0
447.0,228.50037218696565,32718.849147802062,15882.5383924841,3481.7979206876153,0.0
448.0,227.12821760417407,32628.074042475204,15941.746930378093,3417.750881329711,0.0
449.0,225.76197958957965,32537.29893714835,15916.036916497043,3402.1089426295107,0.0
450.0,224.40826870004412,32447.52383182149,15879.548231825775,3389.0097263445273,0.0
451.0,223.07340379029935,32357.748726494632,15891.481985245446,3335.936032318552,0.0
452.0,221.76309194393065,32467.973621167774,15728.500240681511,3302.9738693023114,0.0
453.0,220.4821285340912,33902.55881267274,15675.316983418415,3312.17296420432,0.0
454.0,219.23416998689532,33813.540968929636,15660.296691834676,3255.078078697502,0.0
455.0,217.99529878567247,33726.12312518654,15872.6677595221,3009.1074794837696,0.0
456.0,217.35148566447407,33638.58690883882,15905.85603419897,3631.297623124375,0.0
457.0,216.96875012121447,33703.81668294628,15695.821033964507,3672.6738573029825,0.0
458.0,216.8030271089902,33623.113070298125,15626.392932588218,3665.9169308359706,0.0
459.0,215.53470976690556,33536.67304123436,15562.61368600032,3702.9770484814126,0.0
460.0,214.23850776051987,33450.2330121706,15499.774439412417,3742.255283235511,0.0
461.0,214.26261606039878,33454.13161683036,15346.92512510941,3795.860812191504,0.0
462.0,213.72479804187577,33365.854179160146,15325.153070031405,3791.77517753955,0.0
463.0,214.2205158167081,33275.50888625683,15349.745718978898,3761.4514165866726,0.0
464.0,213.98261416171684,33186.24076334736,15460.091272175678,3639.360782862701,0.0
465.0,212.74080646512877,33097.88314005062,15620.075836338312,3407.2492398059285,0.0
466.0,212.25265362522526,33086.519990480156,15727.182035723885,3183.451365403406,0.0
467.0,211.40658281273733,32997.2563048537,15795.87939229529,3070.1395859068098,0.0
468.0,210.8787277897465,32907.02565958806,15804.984290570475,2971.9967570560384,0.0
469.0,210.47293571689528,32976.94857762655,15653.441190921581,3334.8956063233263,0.0
470.0,211.04041289109952,32885.58547425964,15595.484377384928,3327.5707077534616,0.0
471.0,210.96006958061932,32851.207204466635,15481.766616696077,3341.059932721134,0.0
472.0,212.22593359863654,32788.57897491487,15391.93321696775,3423.745952355714,0.0
473.0,212.5415291200941,32722.737522072497,15304.206239173305,3425.153472946153,0.0
474.0,213.10171688391588,32685.550448612816,15185.477853230439,3429.3477798298277,0.0
475.0,213.81954461529418,32591.49951194072,15137.890203767018,3464.3307435327133,0.0
476.0,214.123211224083,32497.15923002725,15187.79802006391,3469.0535007119915,0.0
477.0,214.60167921945472,32402.42147217035,15160.029428545711,4386.768488834729,0.0
478.0,214.4687344432486,32308.531751810784,15118.99163386261,4401.185693555223,0.0
479.0,212.77572467891972,32240.351647520383,15103.158247650077,4339.412542942027,0.0
480.0,210.59201298721564,32170.806154399867,15039.987734168855,4324.442712667276,0.0
481.0,208.53154811114527,32099.111754780562,14958.805683644005,4299.359416040635,0.0
482.0,206.75075660763426,32017.428810400306,14902.634663142573,4373.035494829464,0.0
483.0,205.8488262069402,31926.104286677823,14853.13726019693,4370.943010134345,0.0
484.0,206.40002146088653,31832.358336321224,14803.520836502164,4332.371080017935,0.0
485.0,206.4850362488063,31746.5415996084,14747.322913374968,4321.082196520887,0.0
486.0,209.54366953850413,31647.775396451252,14698.0382155707,4316.910851421577,0.0
487.0,211.9697822542257,31548.683908532992,14650.377996145206,4411.318302776526,0.0
488.0,212.81599832232135,31450.837793840063,14604.139641490256,4523.713245610516,0.0
489.0,211.89003274835306,31354.98071819588,14557.98377448697,4593.4595553839035,0.0
490.0,210.89184908595882,31258.803642551695,14511.48972217529,4603.596969003216,0.0
491.0,212.23533819198656,31159.23919474336,14447.259966541904,4811.814888866813,0.0
492.0,210.37396637554443,31064.627847333923,14383.970210908517,4804.474602072965,0.0
493.0,208.54395459490985,30979.764670882254,14311.962261725752,4816.478975745687,0.0
494.0,206.77735013400246,30894.855588498936,14260.97281274356,4791.456446477475,0.0
495.0,205.10594210027904,30801.844241089493,14221.86672259512,4758.424969062634,0.0
496.0,203.55836214403314,30710.47731595113,14166.358709371316,4738.608943973074,0.0
497.0,202.15863996705733,30634.557386126115,14094.581606945036,4747.856551283961,0.0
498.0,200.8208274014382,30549.95234646928,14028.721687325018,4720.7638512138965,0.0
499.0,199.52671151713164,30459.385421330917,13966.902587513176,4746.169456374617,0.0
500.0,198.28111857459245,30375.83654807394,13912.015551470153,4713.874311479334,0.0
501.0,199.9388579365267,30282.301024053617,13848.249893786027,4714.423632336278,0.0
502.0,202.048032179685,30193.184821959854,13779.975159828628,4714.9805151413475,0.0
503.0,201.7395304375051,30100.492950795036,13726.322810724982,4719.188566788968,0.0
504.0,201.05550677704178,30007.907653553797,13674.101077734413,4694.170467214873,0.0
505.0,200.98934275724397,29913.967473027988,13620.530088096755,4714.754640684526,0.0
506.0,201.1462051450216,29819.063282188225,13561.296843111315,4693.325618423237,0.0
507.0,201.20253558701566,29723.60291124885,13525.762623079489,4643.623053693916,0.0
508.0,200.6419537999528,29628.362770603002,13491.65343572715,4597.891849560204,0.0
509.0,199.68808216379924,29534.79440456196,13458.342982156148,4595.137864379742,0.0
510.0,197.6216635944005,29442.56964572829,13427.060917305189,4589.95315485715,0.0
511.0,195.57861471578812,29365.836208045606,13344.937334123373,4586.815027696443,0.0
512.0,194.00736048816873,29273.002753559766,13320.84853518433,4547.86663917379,0.0
513.0,194.11594632095816,29177.512407109603,13250.201333993193,4550.682604277719,0.0
514.0,194.23120292865607,29082.34452120233,13216.801421983291,4538.726013981381,0.0
515.0,195.67491023312505,28985.298266295984,13184.862595671064,4561.1088833722015,0.0
516.0,196.47947183827512,28894.489479436143,13110.136339033557,4698.557577671869,0.0
517.0,197.38593118994316,28804.27652436385,13111.370115100717,4642.122586509553,0.0
518.0,197.65024667524915,28706.946238145796,13072.052053104055,4622.050730827587,0.0
519.0,197.8995829360756,28616.352636335658,13044.446279179458,4771.939925982232,0.0
520.0,197.6144671004846,28518.335751038565,13034.249204247262,4828.465929959499,0.0
521.0,196.42356637402315,28421.06440636375,13018.28678086579,4960.627423543619,0.0
522.0,194.97907100656474,28324.557216818874,13044.548864704197,4868.763127526508,0.0
523.0,193.15158440078903,28230.052976034156,14807.078753998087,4777.99187135329,0.0
524.0,191.45300816611814,28142.287024303507,14838.343121323764,4662.530237319835,0.0
525.0,189.9359000525996,28063.597188564592,14829.069453984099,4611.915046837493,0.0
526.0,191.0499619819438,27982.232242450198,14819.66092761044,4551.362975117186,0.0
527.0,189.51404581386518,27908.513350089346,14806.675425492618,4554.594419760384,0.0
528.0,188.1960307770963,27834.635814079233,14761.686715655484,4528.117346702232,0.0
529.0,188.26220619790217,27750.432732233243,14717.202399237643,4501.374268437755,0.0
530.0,189.5309578709588,27656.45254299531,14671.939871886649,4459.535019224347,0.0
531.0,189.77422023463066,27563.57987614716,14599.219361549778,4434.215918045985,0.0
532.0,194.41045718511657,27464.363849311278,14526.902839382821,4489.928839957122,0.0
533.0,193.99214228139596,27377.32038985141,14480.865674399924,4522.16483462174,0.0
534.0,192.6426122711693,27295.510949036798,14415.194854434274,4478.387798306454,0.0
535.0,190.90354218783213,27204.67847972188,14354.318318260368,4490.833983823685,0.0
536.0,189.25361219380068,27122.66000724764,14288.98623165016,4489.256870711412,0.0
537.0,188.01654092019635,27039.70846982828,17076.990216653405,4484.743102951763,0.0
538.0,186.36621502299238,26956.9539264891,17017.6895712421,4480.294263808216,0.0
539.0,186.68455147871015,26862.11246652369,16943.453748784086,4462.632319890765,0.0
540.0,185.1904357278531,26769.419677584774,16869.217926326073,4481.1546364586875,0.0
541.0,184.76208534915656,26674.991646197202,16794.98210386806,4473.985837463176,0.0
542.0,183.67957964334968,26581.195970590285,16720.746281410047,4468.640063935173,0.0
543.0,218.87418587892122,26473.30281141483,16646.510458952038,4445.890331217243,0.0
544.0,217.74189577465773,26377.37843920326,16572.274636494025,4426.780229799231,0.0
545.0,219.38170407396424,26277.315259629602,16498.038814036016,4502.676633049275,0.0
546.0,217.20216073056827,26181.281743532643,16423.802991578003,4525.271145841258,0.0
547.0,215.04347895483502,26085.24822743568,16349.56716911999,4563.002059011881,0.0
548.0,212.94247496738063,25989.214711338722,16275.801346661978,4563.970889462648,0.0
549.0,211.3903377418385,25892.537212424588,16204.059065451595,4557.342434764924,0.0
550.0,209.45417153201612,25796.341780647883,16144.253575841667,4551.436497799377,0.0
551.0,207.54724585043942,25700.146348871174,16100.105196940509,4533.820743567545,0.0
552.0,205.69645454812937,25604.75091709447,16048.02155160907,4513.971015230448,0.0
553.0,203.8733982264689,25510.168573845596,15997.75214460008,4498.515540533761,0.0
554.0,202.1019126254461,25423.86565865989,15941.1851213604,4487.442054857295,0.0
555.0,200.40437050102312,25330.948354809894,15891.587524673148,4475.53781529297,0.0
556.0,198.8006392223315,25238.88286025979,15842.42684105532,4496.019881897919,0.0
557.0,197.30701425401446,25164.049333116287,15755.664653104608,4510.75348879764,0.0
558.0,195.89354343563892,25071.983838566186,15681.243379326315,4519.043826045063,0.0
559.0,194.50603066302142,24979.91834401608,15606.82210554802,4532.024574378185,0.0
560.0,193.76410078331588,24886.977849465977,15532.400831769726,4526.035467426751,0.0
561.0,194.84878148894623,24791.35376060992,15457.97955799143,4524.584373044015,0.0
562.0,195.0854072315777,24696.373494987598,15383.558284213137,4519.807691067133,0.0
563.0,195.6214054276692,24600.554950225975,15309.137010434843,4617.679942408226,0.0
564.0,196.47172982295587,24503.854423550467,15234.715736656548,4629.314145621933,0.0
565.0,197.51579078387843,24406.233322829477,16550.245385731876,4643.768197047944,0.0
566.0,204.437611344248,24299.558055025853,16480.30906299637,4651.019124489769,0.0
567.0,202.96789158769104,24202.926697817697,16411.1683304948,4646.884332927307,0.0
568.0,201.41700576722107,24106.29534060954,16350.086939129564,4634.253202337706,0.0
569.0,199.82946514178963,24009.663983401384,16289.833981581654,4631.715251655643,0.0
570.0,198.21826383278227,23913.032626193228,16244.133264660632,4600.979310538012,0.0
571.0,196.59980455871087,23816.40126898507,16192.32409300495,4566.650504765755,0.0
572.0,194.99150264240967,23719.769911776915,16138.72265786044,4580.556519686756,0.0
573.0,193.41108567475015,23623.13855456876,16087.125814172934,4558.966829355086,0.0
574.0,191.87575776531335,23526.507197360603,17102.668131254923,4545.424600482194,0.0
575.0,190.40135495031274,23429.875840152446,17059.640251889825,4580.12655751074,0.0
576.0,220.61590942503042,23333.24448294429,17010.830773737245,4586.338891862513,0.0
577.0,219.21875340242772,23236.613125736134,16968.625019409003,4587.033821084724,0.0
578.0,217.8756571025849,23139.981768527978,16914.942809997447,4595.565846820677,0.0
579.0,216.5405319097666,22810.388473395007,16862.16044936625,4611.7724456906835,0.0
580.0,215.22207338361497,22715.616385046036,16806.419829755057,4623.173349162272,0.0
581.0,213.9126996003945,22642.952379270268,16750.09240273723,4683.049439374545,0.0
582.0,213.11977792921965,22559.98910157685,16686.378375069988,4669.924372660401,0.0
583.0,212.3823229212703,20097.084871192565,16631.665014582777,4636.653441461137,0.0
584.0,211.6522326621916,20018.319770243732,16563.84009531667,4636.660203294803,0.0
585.0,210.97064095933172,19954.324753832072,16555.89019255738,4568.661208957243,0.0
586.0,209.7098010510033,19862.548557113703,16581.211987178947,4456.402682294598,0.0
587.0,210.08235531436117,19783.786885442936,16518.42898432435,4432.130310747215,0.0
588.0,209.70470392290667,19695.36140186498,16507.267073257197,4382.46758407765,0.0
589.0,210.03246830200854,19627.19340365776,16462.39315828758,4353.985088719214,0.0
590.0,210.54341861127855,19553.986873701167,16412.091524684176,4390.482999627962,0.0
591.0,209.72831620047705,19465.185084457804,16368.21780197717,4396.827425583919,0.0
592.0,208.07442819747922,19377.381364784986,16324.71684599442,4382.4904881252705,0.0
593.0,208.75422504478837,19292.524452754726,16287.540683580526,4349.583185929246,0.0
594.0,209.12073548390373,19199.212808780332,16224.386859005814,4403.126608058544,0.0
595.0,210.81125818652094,19103.102960683038,16161.702849773877,4400.960199297422,0.0
596.0,209.10528000827654,19013.19577614273,16107.918096794363,4380.048656496995,0.0
597.0,208.49818339926048,18926.729977701852,16042.366695513785,4371.679528774135,0.0
598.0,209.02994352392187,18836.778915477767,15972.608271750814,4364.570364023863,0.0
599.0,207.00278934856004,18745.13773985932,15904.628811902323,4874.056732477975,0.0
600.0,207.1750456377476,18648.356670914625,15883.933872365096,4803.829400765534,0.0
601.0,205.73685937467621,18568.31428143831,15876.775039079113,4712.68047501828,0.0
602.0,203.45844501386,18474.109953700976,15948.23024577283,4537.527091471548,0.0
603.0,205.21951998777342,18371.38448758522,16904.645580626024,4439.13569243498,0.0
604.0,204.99086035249664,18271.186483724876,16958.125046438614,4291.333678109193,0.0
605.0,205.27991461997124,18169.311207528637,16963.598983070282,4465.807996913722,0.0
606.0,206.00625614359873,18065.68742170544,16985.323023900793,4360.499318695294,0.0
607.0,218.64533568923332,17937.084444214124,17006.0921654713,4263.006707608309,0.0
608.0,220.22045236699702,17827.9290779316,16957.729457145306,4243.078745807565,0.0
609.0,221.89152599418546,17719.819147165697,16909.91500805123,4219.144815479204,0.0
610.0,221.89015414985843,17631.053694428872,16852.9743318276,4191.825779982027,0.0
611.0,221.94950186706825,17556.42210922395,16789.76449455511,4189.45895673974,0.0
612.0,222.0551606267804,17472.297040672645,16728.335036496665,4174.4785919415535,0.0
613.0,231.80650139691716,17379.858318684717,16659.546047840347,4141.624748854276,0.0
614.0,234.04488631426278,17317.203144971438,16582.455213245707,4129.265279611337,0.0
615.0,235.9562449936511,17239.072558872533,16505.299401533048,4104.537770200048,0.0
616.0,236.98218620213328,17180.904722358166,16417.338523551774,4115.483680052179,0.0
617.0,236.27998202876236,17079.310604379076,16341.076639347735,4091.5596687003986,0.0
618.0,234.26114301866235,16979.02388144507,16264.814755143696,4072.475023935201,0.0
619.0,232.39677798106192,16877.743168770623,16188.846620939654,4046.5034817478895,0.0
620.0,228.81285056802008,16779.16140397747,16113.183877800766,4021.56418555828,0.0
621.0,232.76262598128122,16665.59637367318,16044.239912900284,4053.381649323227,0.0
622.0,231.6571030564287,16560.263918844426,15975.877764061745,4028.698757252095,0.0
623.0,235.27667847655343,16444.740687078913,15908.104500867747,4000.663355263719,0.0
624.0,231.74173043321943,16340.190878388965,15840.926604760458,3985.2208110331276,0.0
625.0,228.3255190027579,16235.641069699017,15775.900056409322,3951.4992632616427,0.0
626.0,225.08614415621864,16131.091261009069,15711.493124397039,3940.2303486205265,0.0
627.0,222.09522966272365,16026.54145231912,15654.885634888971,3915.682314957606,0.0
628.0,219.32855193606642,15923.324976962505,15194.2110917113,4740.361346825153,0.0
629.0,216.77103855240898,15821.458425041248,15119.729430129019,4751.775550841282,0.0
630.0,214.37498144404174,21797.448775388664,15041.489351454504,5120.904019783244,0.0
631.0,212.18829904107903,21707.85308342709,14965.14251060902,5098.489991174163,0.0
632.0,210.33105001314547,21610.40603034665,14909.212399118118,5047.508159309034,0.0
633.0,208.61425728674888,21517.036613103308,14857.531405978121,4988.07677451617,0.0
634.0,208.42943718260543,21421.5113442176,14807.953628596171,4926.5543205110025,0.0
635.0,207.5157744066368,21327.55320251282,14760.499284861578,4885.7270801185,0.0
636.0,206.99935127676602,21233.145366499393,14741.234079821827,4825.663858551371,0.0
637.0,206.62275684370093,21147.980641201575,14742.237179707261,4730.173031774887,0.0
638.0,233.79903830689602,21013.633037204054,14673.774785119193,4697.240710871307,0.0
639.0,233.0390611439829,20916.322469589715,14633.275724216983,4625.410319606025,0.0
640.0,248.27903427842244,20814.14733180447,14551.686678885231,4596.787016951202,0.0
641.0,248.2080899572517,20717.93796211692,14501.682933469847,4528.226347285069,0.0
642.0,246.47675793781752,20627.174630248268,14456.544760767709,4488.753769043319,0.0
643.0,248.4615931494973,20530.63100963385,14381.998552728812,4544.936072863467,0.0
644.0,250.94944017242892,20553.24661051922,14243.334304407621,4542.607494258139,0.0
645.0,250.44407574239983,20459.643005999227,14157.490755884022,4543.570080790353,0.0
646.0,249.77354151160065,20390.952149366036,14121.82613079743,4431.450769013502,0.0
647.0,250.6950548454073,20294.2743528754,14033.281723041193,4440.93945517736,0.0
648.0,252.90367409828332,20195.829808609666,13943.698522046705,4436.229273867929,0.0
649.0,255.7209966425503,20096.223582768507,13854.706518035275,4511.49759369324,0.0
650.0,254.24799546262437,20010.14324502564,13761.346961264375,4656.660871942856,0.0
651.0,256.77011027062645,19909.048591212457,13668.993752025777,4782.555077716581,0.0
652.0,255.13500571354083,19812.73490978128,13595.331175360257,4777.798596042904,0.0
653.0,257.8965219796601,19709.17920698472,13578.258512836326,4674.596424641885,0.0
654.0,257.88911878847915,19608.184474344256,13520.433561614396,4616.8219432201,0.0
655.0,258.2583149573992,19505.762699949784,13516.344715181334,4484.87876810015,0.0
656.0,255.9904199249168,19406.480367508004,13462.900056827073,4406.093805215221,0.0
657.0,254.66361551278277,19305.590269827037,13388.959618404693,4412.762224561557,0.0
658.0,257.00072836125804,19198.714513001218,13338.367211249564,4378.445321709011,0.0
659.0,257.1379197989737,19094.101941233035,13266.286172663147,4375.580930988157,0.0
660.0,254.09685363460903,18993.834521322584,13198.321137766377,4366.3275982809255,0.0
661.0,251.22373834093347,18893.56710141214,13112.714762714435,4355.528989040474,0.0
662.0,248.64268748067474,18793.29968150169,13028.919881602937,4434.958718557004,0.0
663.0,246.3948773418251,18693.03226159124,12945.854007748227,4427.646218562623,0.0
664.0,244.39281241647726,18592.764841680793,12863.900384215136,4424.157582020083,0.0
665.0,242.6367090912288,18492.497421770342,14916.053107923983,4418.866831710337,0.0
666.0,241.0506757096497,18392.230001859894,14845.481619174918,4386.172427917166,0.0
667.0,239.53092127245625,18293.962581949447,14775.53004065812,4362.859868352372,0.0
668.0,238.03221735431737,18197.72090456234,14697.504223450173,4402.938989867429,0.0
669.0,236.53351343617845,18122.32951660351,14605.6706201266,4421.055962991363,0.0
670.0,235.18285960046862,18047.206498175794,14509.830423246149,4438.375394483341,0.0
671.0,233.8655390980921,17950.964820788686,14420.78858364888,4440.658090052602,0.0
672.0,243.39224600927463,17838.35971323837,14331.74674405161,4435.903748292569,0.0
673.0,244.19311077855852,17735.35271266084,14243.096571121008,4423.61337214312,0.0
674.0,245.14779952145523,17631.58824825962,14154.844622627099,4479.409019302058,0.0
675.0,252.84306928619964,17517.20186885089,14073.973820357876,4508.484349172351,0.0
676.0,258.7728698276815,17403.597281190465,13994.428087237953,4500.05604476988,0.0
677.0,261.8252764377774,17292.504376656834,13915.918830819239,4488.500684097731,0.0
678.0,260.2177004120812,17187.400927904608,13838.079489660413,4478.230320097488,0.0
679.0,258.4617809966341,17082.297479152374,13774.26680672813,4465.398299038017,0.0
680.0,256.68530870298076,16977.194030400144,13693.207328640463,4490.833623192219,0.0
681.0,254.91399908539694,16872.090581647913,13631.164529677035,4456.329543671804,0.0
682.0,253.1796990899323,16766.98713289568,13575.947333226692,4397.591580993826,0.0
683.0,251.49606858232914,16661.883684143453,13519.866047794858,4352.349916925567,0.0
684.0,249.86924693513654,16556.78023539122,13465.844457079731,4362.624187582613,0.0
685.0,284.2786950500489,16451.67678663899,13434.744986171485,4356.223035289584,0.0
686.0,282.89400977533217,16347.573337886757,13438.738230262077,4248.0048208926,0.0
687.0,281.61647343506723,16245.487813636277,13445.687091726792,4139.255772520457,0.0
688.0,280.4005394114348,16159.81580019142,13446.776335996388,4042.959171532388,0.0
689.0,279.19795488226026,16086.516896091432,13373.908129086622,4003.3652897683496,0.0
690.0,277.9953703530857,16025.760852914997,13291.210248171508,4291.954931930654,0.0
691.0,276.82850010962557,15944.235854731041,13195.048165660626,4288.462632841317,0.0
692.0,275.71606686238573,15863.028792565086,13137.937821531272,4237.80709634182,0.0
693.0,306.09666543476993,15760.614569738182,13112.268050470575,4144.550492612514,0.0
694.0,309.2434852873579,15655.25314238224,13088.40367074044,4163.815546280955,0.0
695.0,309.45073977874654,20747.362909250107,13049.24153155087,4090.2831856435814,0.0
696.0,308.89392043605466,20650.29768969293,12974.984132547132,4105.640211714994,0.0
697.0,309.0604982680689,20564.72894625415,12941.403266549916,4033.2288492881003,0.0
698.0,307.82120151925255,20481.888515953047,12861.872609511684,4090.5187521277157,0.0
699.0,306.76952441883674,20383.877609555526,12787.103213842187,4072.286130791121,0.0
700.0,305.2116037202021,20299.978157444104,12772.107309962259,3988.0311378726087,0.0
701.0,304.7234311081367,20198.879820461807,12680.789699527559,4018.016648101046,0.0
702.0,305.30531673236055,20093.834891351682,12590.26840452724,4077.8924689169858,0.0
703.0,350.7938096701924,19986.290838428446,12507.53599661142,4155.475558739686,0.0
704.0,350.14632368351647,19882.629923076387,14016.240005454656,4185.219359782063,0.0
705.0,353.4915000807917,19768.62104004664,13948.772772617618,4161.382139591449,0.0
706.0,354.80488644222845,19656.858937276862,13904.079380812918,4170.32067598176,0.0
707.0,351.7179393274253,19553.73783692791,13860.464107734671,4133.354797555539,0.0
708.0,349.44520330339043,19448.570519479283,13068.517913296198,4087.426241269707,0.0
709.0,346.38382258104514,19345.075032528675,12998.148576818923,4103.70738141899,0.0
710.0,344.1682177810665,19240.018610828356,12927.785054733286,4462.437471608783,0.0
711.0,341.5428260568282,19136.215425155864,12843.091308685605,4481.65080680298,0.0
712.0,340.03253598818424,19030.568276123417,12759.198004578457,4484.993822922088,0.0
713.0,338.1259220980267,18926.38265846442,12692.558199878955,4557.8120555841315,0.0
714.0,336.3789641878154,18822.197040805422,12642.263371926847,4558.433013360272,0.0
715.0,334.7140213881259,18718.01142314643,12594.190886510203,4644.4658123169775,0.0
716.0,333.0876964000375,18613.82580548743,12547.656915893795,4607.403983977002,0.0
717.0,331.5121332348398,18512.3068544951,12470.282177131285,4608.742589723916,0.0
718.0,329.99756542479105,18413.48506082735,12399.39018399518,4589.821195268316,0.0
719.0,328.54407872841773,18346.10396822528,12363.262138065016,4499.523082988132,0.0
720.0,327.09059203204436,18280.473367732022,12266.760252578715,4658.413584014092,0.0
721.0,325.6794175527442,18201.250408071013,12174.208875349455,4628.606042261695,0.0
722.0,324.27850736400353,18122.51186764733,12080.206500550916,4654.208765748972,0.0
723.0,326.2447011057207,18036.467236831926,11987.903751012856,4704.313077314203,0.0
724.0,325.63372235232765,17939.392012990986,11906.142368076904,4698.622362011602,0.0
725.0,328.1608634066832,17834.651076663373,11825.336727710977,4700.426193944513,0.0
726.0,330.710151333147,17728.61066048187,11770.41130471887,4735.856159022578,0.0
727.0,335.3396466899634,17617.71006249272,11691.380443655187,4719.569674933282,0.0
728.0,340.85135691224235,17504.159653268875,13329.760236161257,4675.197175930165,0.0
729.0,339.46472577239354,17420.733719687505,13258.027087035243,4644.889641202264,0.0
730.0,338.5439526335817,17336.46586102385,13182.160568135403,4607.936337004011,0.0
731.0,337.0471266985791,17253.548586240322,13105.64828797282,4636.174861974344,0.0
732.0,337.55671892602925,17150.30251731837,13035.511318039995,4652.507316756387,0.0
733.0,339.80432238998645,17042.545569568472,12966.745799816214,4634.651200406263,0.0
734.0,343.46404556479143,16931.698627625086,12899.31388933397,4616.3440745363305,0.0
735.0,343.32355816520817,9664.157435822774,12832.284223675344,4658.260919046296,0.0
736.0,343.27161947999855,9578.515081510512,12757.557996188883,4654.159401050688,0.0
737.0,343.16767424367373,9465.052584592093,12672.873971499374,4802.50499152067,0.0
738.0,341.2112730395172,9356.472544469025,12589.197089667008,5061.722650145902,0.0
739.0,341.20567019126105,9240.362776782722,12507.243363176538,5048.353592255599,0.0
740.0,340.108994672899,9126.57250124501,12446.031705400756,5018.097693466326,0.0
741.0,339.35046497202876,9010.299177337352,12399.312040223303,4952.447972983463,0.0
742.0,337.38857786925973,8896.769372852432,12358.856103332206,4878.171286447646,0.0
743.0,335.59368176360226,8782.301874954557,12328.255249974141,4810.644005858498,0.0
744.0,334.68502060211557,8664.412063128093,12272.256538147172,4768.610022657114,0.0
745.0,334.7541037147124,8542.310660519759,14260.57843402498,4710.186208371112,0.0
746.0,333.14468520348566,8425.248465122195,14203.720444325681,4708.856993773725,0.0
747.0,331.04633256733166,8312.165934343315,14129.880142774175,4680.980711293085,0.0
748.0,329.1289829982572,8201.086087608517,14056.164028895706,4655.447805267967,0.0
749.0,327.3438619423931,8115.230747986256,13971.667521202722,4647.333717971647,0.0
750.0,380.08737460597473,8031.4610265346955,13885.598565624146,4700.993055493345,0.0
751.0,378.5642757264935,7947.994534734931,13811.519560670582,4667.8577373514045,0.0
752.0,377.127438591358,7840.998006462439,13744.262735599803,4649.012700548671,0.0
753.0,375.7949714244366,7734.001478189946,13681.131675196038,4612.2586391707355,0.0
754.0,378.3996028510373,7615.407089574816,13622.934215715544,4633.4750415419185,0.0
755.0,382.3522656189957,7491.3912005440125,13566.12971877111,4662.380510892032,0.0
756.0,387.50511202244957,7361.746220066786,13506.586221853006,4634.824073207925,0.0
757.0,394.9467462808608,7222.470517427151,13447.88151027636,4601.418699333599,0.0
758.0,415.25293814408985,7082.990428895716,13377.492228430912,4600.967907340671,0.0
759.0,415.64570369916646,6956.873012925302,13304.903066947467,4620.907826933885,0.0
760.0,414.09414873506864,6836.687973438459,13229.20893287654,4713.382146617217,0.0
761.0,412.51437897599595,6716.502933951617,13159.83143268083,4698.2389732666725,0.0
762.0,410.92327518073427,6596.317894464774,15702.98094939974,4681.951685561849,0.0
763.0,409.3419724488282,6476.132854977932,15632.989132431128,4666.956617408247,0.0
764.0,407.7919598645941,6355.947815491089,15564.080622823032,4655.3215572256995,0.0
765.0,406.29421875994177,6235.762776004247,15519.744542815271,4642.763434536348,0.0
766.0,472.5124667001763,6115.577736517404,15464.893629588434,4833.775620838908,0.0
767.0,471.18202381780253,5995.392697030562,15403.968401404858,4828.399682278958,0.0
768.0,469.92971550562254,5875.2076575437195,15339.332508145755,4831.858689587599,0.0
769.0,468.7346376946148,5757.022618056877,15325.8355621045,4769.765944945281,0.0
770.0,467.5535339571826,5640.891161686576,15301.541087470434,4717.315363447933,0.0
771.0,466.37243021975036,5558.51900058201,15296.10717052447,4619.839300904741,0.0
772.0,465.1913264823182,5481.178902513603,15258.268715952847,4551.433384350597,0.0
773.0,464.010222744886,5409.292228566629,15193.192134105528,4559.024034719255,0.0
774.0,462.82911900745376,5359.262261315474,15109.493108394474,4559.586890436901,0.0
775.0,461.6480152700216,5315.463072135923,15062.396958370677,4566.007074077425,0.0
776.0,460.49191153258937,5253.228865312144,14983.923570526493,4548.802478730688,0.0
777.0,459.3746196467497,5197.601353116437,14902.017428908943,4551.298943730529,0.0
778.0,460.6565352296971,5094.1038257135115,14857.695948742978,4500.265940417253,0.0
779.0,464.4682192691332,4982.210877691766,14817.111316941651,4460.97170463696,0.0
780.0,470.39487591820944,4863.668043499376,14839.695788052331,4393.596038622552,0.0
781.0,468.97616424368505,4762.807672260164,14781.938718729285,4379.453802981567,0.0
782.0,467.342409732856,4680.090025485922,14718.202083383381,4371.841850467292,0.0
783.0,465.44823628450644,4583.229654246709,14709.016530958499,4351.051799403727,0.0
784.0,463.32191863649666,4490.409289995667,14652.762455620512,4319.821975015394,0.0
785.0,462.8933603207938,4442.824791112283,14664.931063628117,4215.556701379614,0.0
786.0,460.5394638361002,4402.359904948369,14567.297091198265,4210.656917055964,0.0
787.0,459.2603925445814,4361.447982331911,14464.645535140331,4181.662226139937,0.0
788.0,457.6754367038661,4297.173038791773,14435.833490778656,4092.9832206734695,0.0
789.0,459.67067094740077,4222.025419576721,14336.425137229078,4062.685883863914,0.0
790.0,461.15172499884955,4122.436292919823,14245.884519672725,4254.009256581499,0.0
791.0,462.0805622096042,4022.892704072822,14171.613735251907,4242.008950284745,0.0
792.0,465.62229628617274,3913.6110643009224,14100.59144212493,4218.658635401826,0.0
793.0,463.1396246711592,3820.3107390735595,15604.386714263888,4189.382420092326,0.0
794.0,462.14404058850306,3722.4551628781123,15534.960089508952,4145.670017319046,0.0
795.0,464.7934289226265,3612.639930215574,15465.743040510108,4179.540436776078,0.0
796.0,464.43117373618327,3508.150166888896,15398.384851294717,4132.879505815218,0.0
797.0,461.840054190121,3411.484159146531,15324.418654875217,4103.706210027761,0.0
798.0,460.4554124722311,3313.754792937658,15259.056322308836,4054.85231187094,0.0
799.0,461.9163624554978,3228.1367658426707,15173.579560069882,4024.3699098757543,0.0
800.0,459.93429558002447,3151.660701445272,15088.182033898967,4043.820483355198,0.0
801.0,459.25002115041445,3051.4999617995695,15008.17531143376,4041.344615794332,0.0
802.0,457.708638468637,2953.8058979240886,14955.770045319763,4095.871704996608,0.0
803.0,470.29491301208037,2813.9507944996726,14881.166702309272,4095.8829755146176,0.0
804.0,475.5565436593457,2692.24358828597,14801.159979844067,4083.3941118693465,0.0
805.0,475.3288081685166,2584.3076781458626,14721.153257378865,4071.2731581107137,0.0
806.0,477.5379297337351,2468.2651258660203,17576.744654358525,4073.9386861943444,0.0
807.0,478.28573644884983,2358.5005696939334,17498.254537312776,4040.0247473310137,0.0
808.0,477.1440395947974,2253.026208452911,17419.764420267027,4029.8680989470954,0.0
809.0,475.22970355806393,2153.167900307982,17341.274303221282,4044.656015090567,0.0
810.0,475.5552785578408,2048.4861648491606,17263.254186175534,4120.562142045438,0.0
811.0,473.677452641286,2007.8806606778608,17163.625966957512,4132.139882437376,0.0
812.0,472.49712898838766,1911.026245171667,17088.935418127745,4153.44507167443,0.0
813.0,471.63229998305127,1841.6759149297668,17031.77269932166,4122.671737508687,0.0
814.0,471.08959639563494,1771.1913489887033,17067.400365723697,4014.100914873883,0.0
815.0,470.8823804839372,1672.4900486469228,16992.329483788766,4053.5644957460527,0.0
816.0,469.474859099643,1578.8933352364504,16919.101478259534,4060.392277316091,0.0
817.0,472.26910476478145,1491.9321950071899,16884.455860121772,3999.9296114722792,0.0
818.0,473.38999354334663,1410.7782739383863,16818.17174196214,3978.421634307613,0.0
819.0,478.78954569132,1315.6148972765377,16757.498319417133,3927.711629880154,0.0
820.0,479.43211848309215,1232.664053858866,16684.358420264285,3896.281684945642,0.0
821.0,478.3191990277264,1145.386074288257,16627.845862121674,3893.4964007360204,0.0
822.0,476.4205540198176,1059.7420468465248,16568.256581747446,3885.5539126088515,0.0
823.0,474.4750764951939,2254.8375129018873,16463.797248493272,3866.732486871082,0.0
824.0,472.40167152472947,2169.549230194072,16404.150964327437,3844.761921280476,0.0
825.0,472.141552720595,2072.181856245052,16316.067021046478,3851.9347324165037,0.0
826.0,469.8099621377957,1984.2782011827217,16244.482045787507,3850.843989593734,0.0
827.0,470.24357522607926,1879.1779315405647,16168.520289490058,3830.4017146138035,0.0
828.0,472.4141233082967,1759.9096867754904,16094.217304665575,3789.093128033106,0.0
829.0,471.02138123719556,1660.6301887804063,16055.447318616174,3703.7425010493807,0.0
830.0,471.6739082199182,1551.5184483899552,16000.8782284197,3861.4361312585006,0.0
831.0,473.82851389224174,1475.7611399854093,15939.228526096951,3819.0190020573104,0.0
832.0,471.8400286506592,1431.3852675272424,15912.080628049089,3740.660157541564,0.0
833.0,469.7489734945431,1386.3097841751098,15852.300730594174,3691.417054391347,0.0
834.0,479.3910529225361,1303.60230944091,15831.910311874628,3579.6914686119767,0.0
835.0,482.29563300739284,1169.1944509533894,15785.78576156148,3554.894454006139,0.0
836.0,487.3751488844946,1014.0731866985567,15740.398732765449,3519.8561146933794,0.0
837.0,492.0288711478505,903.1104296962459,15658.049610684307,3568.735180016799,0.0
838.0,494.7451756376888,749.3476078947253,15583.600287594645,3564.393710985645,0.0
839.0,496.3376429950452,596.0095785510211,15509.879090605174,3740.8859566573155,0.0
840.0,496.692632695154,446.40353178258255,15419.379611816494,3730.426153533057,0.0
841.0,495.46781434003157,303.394933900046,15329.846351392585,3734.710652884073,0.0
842.0,492.1569699689166,172.53949926931625,15272.789329714506,3688.923000766005,0.0
843.0,489.0990231578838,41.684064638586506,15218.662688059647,3640.787819718394,0.0
844.0,486.39627584174343,NaN,15168.981452781263,3665.205414418057,0.0
845.0,484.1431595083786,NaN,15118.653541645679,3630.153871775585,0.0
846.0,482.2866071934604,NaN,15032.764139638246,3613.175320316258,0.0
847.0,480.78550462146717,NaN,15020.319525321875,3800.146063535144,0.0
848.0,479.35067901166565,NaN,15021.988978999343,3804.7291884575498,0.0
849.0,477.91585340186435,NaN,14938.955779531307,3855.4042425184707,0.0
850.0,476.48102779206283,NaN,14927.450861465817,3844.500805625918,0.0
851.0,475.0462021822615,NaN,14855.566611682341,3812.3013752528573,0.0
852.0,473.61137657246,NaN,14841.194856919881,3724.730758550985,0.0
853.0,472.1765509626586,NaN,14823.816696315778,3943.6610417921947,0.0
854.0,470.74172535285715,NaN,14757.74622929272,3981.468230975139,0.0
855.0,469.30689974305574,NaN,14796.971349638809,3904.9571030178327,0.0
856.0,467.87207413325433,NaN,14812.150969506307,3796.65029240891,0.0
857.0,466.4372485234529,NaN,14769.741865395228,3731.033937312827,0.0
858.0,465.0024229136515,NaN,14700.82024777134,3695.2900234055637,0.0
859.0,463.56759730385005,NaN,14704.791271900041,3589.915200447191,0.0
860.0,462.13277169404864,NaN,14749.634363032528,3828.9226529969515,0.0
861.0,460.69794608424723,NaN,14754.656539322295,3811.110615916995,0.0
862.0,459.26312047444577,NaN,14759.687880547854,3845.959801293884,0.0
863.0,457.82829486464436,NaN,14691.713816373594,4060.42550463591,0.0
864.0,456.39346925484296,NaN,14623.739752199333,4086.637187768992,0.0
865.0,454.95864364504155,NaN,14555.765688025076,4161.314641802772,0.0
866.0,453.52381803524014,NaN,14488.10495718415,4216.797786120708,0.0
867.0,452.08899242543873,NaN,14422.290905445736,4191.484380279457,0.0
868.0,450.6541668156373,NaN,14384.235838128943,4199.5651285440945,0.0
869.0,449.21934120583586,NaN,14453.671105118217,4071.384508812719,0.0
870.0,447.78451559603445,NaN,14387.857053379803,4055.68466857191,0.0
871.0,446.34968998623305,NaN,14322.04300164139,4102.952560510202,0.0
872.0,444.91486437643164,NaN,14256.228949902976,4240.77373248945,0.0
873.0,443.48003876663023,NaN,14192.739290477883,4238.087295022116,0.0
874.0,442.0452131568289,NaN,14130.153515228267,4226.634274344164,0.0
875.0,440.6103875470274,NaN,14273.919579389158,4122.37291844395,0.0
876.0,439.175561937226,NaN,14260.497098151447,4113.113926114267,0.0
877.0,437.7407363274246,NaN,14239.150293222227,4066.6330085716163,0.0
878.0,436.3059107176232,NaN,14435.372296462103,3826.646595577495,0.0
879.0,434.87108510782184,NaN,14376.098569531126,3822.050276194438,0.0
880.0,433.4362594980204,NaN,14316.824842600148,3813.5919088616274,0.0
881.0,432.00143388821897,NaN,14257.55111566917,3793.5096120087996,0.0
882.0,430.56660827841756,NaN,14198.277388738192,3770.5880304160396,0.0
883.0,429.13178266861615,NaN,14139.003661807215,3866.629643553333,0.0
884.0,427.6969570588147,NaN,14079.729934876237,3861.9290355753433,0.0
885.0,426.26213144901334,NaN,14020.456207945257,3847.2506869246095,0.0
886.0,424.82730583921193,NaN,13961.182481014283,3862.8029805923256,0.0
887.0,423.3924802294105,NaN,13901.908754083304,3845.313381351495,0.0
888.0,421.95765461960906,NaN,13842.635027152326,3836.0246577424314,0.0
889.0,420.5228290098077,NaN,13783.361300221348,3827.7621860469485,0.0
890.0,419.0880034000063,NaN,13724.557573290373,3919.3272762817924,0.0
891.0,417.6531777902049,NaN,13666.24586351839,3902.4730159123433,0.0
892.0,416.2183521804035,NaN,13641.322297886116,3870.3788155279613,0.0
893.0,414.7835265706021,NaN,13618.515506670085,3827.1625983846156,0.0
894.0,413.3487009608006,NaN,13598.040114402864,3769.943186358745,0.0
895.0,411.9138753509992,NaN,13582.503962809811,3709.3706427709385,0.0
896.0,410.4790497411978,NaN,13572.123888992981,3644.6337358861165,0.0
897.0,409.0442241313964,NaN,13566.263098451456,3579.3810131844753,0.0
898.0,407.609398521595,NaN,13562.386766808877,3519.178684224745,0.0
899.0,406.17457291179363,NaN,13558.69790567013,3856.7923460754523,0.0
900.0,404.73974730199217,NaN,13504.732525112595,3887.598023294377,0.0
901.0,403.3049216921908,NaN,13451.273273993638,3887.7960397534894,0.0
902.0,401.87009608238935,NaN,13431.194230949168,3851.326147495928,0.0
903.0,400.435270472588,NaN,13414.109293115333,3814.224278601504,0.0
904.0,399.0004448627866,NaN,13397.487410357948,3872.2553606075044,0.0
905.0,397.5656192529852,NaN,13378.502898601459,3940.838863366277,0.0
906.0,396.1307936431837,NaN,13359.915061911293,3983.5030124224395,0.0
907.0,394.6959680333823,40000.0,13341.257598576327,3964.6175220761825,0.0
908.0,393.2611424235809,39915.97832105402,13324.03899159612,4019.241783123003,0.0
909.0,391.8263168137795,39831.95664210804,13272.822914176733,4040.478992882733,0.0
910.0,390.3914912039781,39747.93496316206,13221.945071672688,4158.700870138596,0.0
911.0,388.9566655941767,39667.913284216076,13203.939176586398,4124.344016251807,0.0
912.0,387.5218399843753,39587.891605270095,13153.825193470837,4117.5800913084195,0.0
913.0,386.08701437457387,40307.869926324114,12944.138419255372,4111.457875422808,0.0
914.0,384.6521887647724,40227.84824737813,12977.68185015745,4036.91542446566,0.0
915.0,383.2245060121139,40147.82656843215,12975.44441902514,3992.4861033949724,0.0
916.0,381.80728531330897,40067.80488948617,13023.482722574108,3983.177785910851,0.0
917.0,381.237113325501,39981.949877206855,13041.803494271555,3921.2743238035027,0.0
918.0,381.07108247698034,39892.58418761376,13046.267616187308,3940.928349488583,0.0
919.0,381.2951680402213,39799.38986687752,13051.835825633802,3967.6692712635095,0.0
920.0,381.86810321954744,39702.05740512481,13050.071396449242,3981.0672065436615,0.0
921.0,381.6549870321123,39613.43179853167,13002.52863302145,4054.3965887710474,0.0
922.0,380.1587348769297,39532.248858198895,12954.985869593662,4061.5317290096573,0.0
923.0,378.6084428522297,39941.9668214526,12809.262925448576,4107.891653865491,0.0
924.0,377.01488557910346,39860.78388111983,12759.788942265008,4103.0801630825235,0.0
925.0,375.37784848435064,39779.60094078706,12710.31495908144,4151.001553444659,0.0
926.0,374.95889767059396,39689.612259109956,12676.432033796547,4114.87397690884,0.0
927.0,373.7723142518073,39603.537463715336,12626.95805061298,4091.2693483579305,0.0
928.0,374.2593373579083,39504.617888388566,12577.484067429414,4068.0856865968594,0.0
929.0,374.26815880473333,39411.9097276792,12528.010084245845,4044.9020248357883,0.0
930.0,374.5253681111595,39315.25824314788,12480.755383458634,4049.361507859235,0.0
931.0,375.0830344682519,39434.130712085076,12390.430924331706,4026.3967485557396,0.0
932.0,374.9020898590792,39340.10876697471,12416.041481878221,3974.8820481462503,0.0
933.0,375.92332848590013,39343.64834520378,12345.666441583908,3949.648684352403,0.0
934.0,374.842801988187,39254.80346859502,12293.23453417876,3924.4153205585567,0.0
935.0,374.6119082508412,39239.662476452875,12225.49749186871,3899.18195676471,0.0
936.0,372.6636845895602,39158.06247645288,12170.521345060504,3874.8396313824064,0.0
937.0,374.0065569394654,39117.938378569306,12102.583351162348,3851.862758950808,0.0
938.0,373.78523614442634,39020.41110584203,12051.530126194511,3902.457324244013,0.0
939.0,372.012869938563,38916.114639368985,12001.266678029167,3955.678696298553,0.0
940.0,371.821356907329,38814.26491314367,12087.268485233277,3832.8692124696086,0.0
941.0,372.6461532072135,38704.13689970398,12054.787045363028,3895.583434066002,0.0
942.0,373.00549841300733,38597.15439535371,12023.68954589991,3889.331058801459,0.0
943.0,444.7426865784571,38508.92543824136,11992.448710711125,3854.9836533608077,0.0
944.0,442.0119795451011,38478.898223003256,11964.0148772277,3801.9845805822497,0.0
945.0,439.4524647009021,38448.53754149373,11906.045579094398,3845.6010955528855,0.0
946.0,437.1297062525964,38420.496716116955,11846.108116290396,3826.4052527782715,0.0
947.0,435.1206603154188,38336.56304787698,11837.940113410907,3763.781972515764,0.0
948.0,433.4747427357456,38252.62937963701,11802.995321950606,3763.0402351293988,0.0
949.0,434.01518569389566,38158.44318614412,11753.564058978602,3767.493240880929,0.0
950.0,471.33360836700825,38060.75031642943,11717.279370346108,3765.3243877760688,0.0
951.0,329.3876290865137,37959.2228654468,11667.848107374104,3739.180791485004,0.0
952.0,386.20796099469703,37853.60300443552,11618.416844402098,3922.8995449497647,0.0
953.0,394.00195427460517,37743.64173430911,11568.985581430094,3932.183719127536,0.0
954.0,397.0744438760001,37644.28037749296,11521.730880642883,3947.7610837871907,0.0
955.0,405.90280249713226,37535.45009479926,11474.47617985567,3947.010015050517,0.0
956.0,404.5405137678781,37497.663547693664,11447.992787372501,3905.0650803910535,0.0
957.0,403.19311237086083,37462.13702336143,11389.381909962678,4058.7563217141806,0.0
958.0,401.835436212349,37427.61348918959,11328.84471117753,4061.114682661725,0.0
959.0,400.47941501324306,37395.624030441155,11273.96927253043,4048.6481902356873,0.0
960.0,399.1872123847352,37311.969854166906,11226.392298772764,4079.878109789344,0.0
961.0,397.9812860941321,37228.31567789266,11171.460537023411,4072.8552671841685,0.0
962.0,402.21332494961337,37133.77261272945,11116.528775274055,4049.7118441125876,0.0
963.0,407.35922080638784,37035.46348813121,11061.597013524703,4055.806057573535,0.0
964.0,437.2021506750593,36948.276876701784,11006.665251775346,4048.1849512746626,0.0
965.0,435.6942326565171,36861.09026527236,10952.203490025995,3967.3608549045175,0.0
966.0,434.0692916782199,36773.903653842935,10898.218824659161,3950.0350535269044,0.0
967.0,432.33594935185596,36686.71704241351,9313.32362231039,3961.6943213328946,0.0
968.0,430.62378673051404,36599.53043098409,9264.936471884777,3937.4053063857723,0.0
969.0,428.959891837906,36512.34381955466,9216.705214942127,3912.6900868895696,0.0
970.0,427.3754183639615,36425.15720812524,9162.429450166705,3892.4909984147366,0.0
971.0,425.89890332886256,36337.97059669581,9108.153685391278,3872.402621074778,0.0
972.0,424.55504351534546,36250.78398526639,9053.877920615856,3852.4194193129506,0.0
973.0,423.33670093916004,36163.597373836965,8999.60215584043,3827.584357994942,0.0
974.0,422.1736425556688,36076.41076240754,8952.492087674415,3802.749296676933,0.0
975.0,421.01058417217763,35989.224150978116,8905.382019508397,3780.3931447358427,0.0
976.0,419.84752578868637,35902.03753954869,8929.026667456406,3701.433219903533,0.0
977.0,418.68446740519516,35818.85092811927,8881.91659929039,3752.1438734030844,0.0
978.0,417.5214090217039,35735.66431668984,8834.806531124374,3723.272597582695,0.0
979.0,416.3583506382127,35703.50732952153,8774.93905689308,3705.164117742024,0.0
980.0,415.21195892138815,35620.32071809211,8725.606512882649,3687.627197909235,0.0
981.0,414.11977039989335,35537.134106662685,9055.536429654165,3670.6533117994145,0.0
982.0,414.44502934484893,35449.829848174435,9016.616259389471,3656.524795417226,0.0
983.0,420.79597329204125,35343.68715319296,8003.359672654387,3642.3825588556015,0.0
984.0,424.4820051959892,35247.59541802997,7971.817057870822,3615.8086714389774,0.0
985.0,426.31467308188394,35154.28564635604,7924.817057870822,3606.5864798361495,0.0
986.0,424.73485546360456,35150.39018081965,7839.764790639016,3594.1492925011385,0.0
987.0,422.93398977801115,35070.39018081965,7785.394749803864,3569.7533374371187,0.0
988.0,420.9778331408186,35063.43858931265,7694.500504722213,3545.750755254671,0.0
989.0,418.8307497404771,34983.43858931265,7647.500504722213,3536.263706079622,0.0
990.0,422.9685706300802,34883.94027485506,7600.500504722213,3516.8801468346524,0.0
991.0,420.37665632185355,34801.146757668925,7684.688571352377,3445.6083011626192,0.0
992.0,421.8586844018215,34705.379304207694,7637.688571352377,3790.3481018398047,0.0
993.0,418.7627111778114,34625.379304207694,7590.688571352377,3781.0395337182817,0.0
994.0,421.2099128111371,37263.94920079834,7543.688571352377,3789.989558862076,0.0
995.0,417.7193493199748,37213.40723255074,7463.8037326008025,3786.921855891879,0.0
996.0,414.1609018767769,37129.980425551556,7413.105694888971,3785.1307246524857,0.0
997.0,418.8375275326212,37034.287640970724,7363.989823122811,3784.3801342819747,0.0
998.0,419.82140709174035,36944.45480686269,7342.966730069027,3785.077989967431,0.0
999.0,422.8552862137553,36850.68359276789,7309.579275736081,3770.5136354093042,0.0
1000.0,426.41628988193776,36789.49104572349,7241.938532467387,3997.9654607461653,0.0
1001.0,429.1386157152807,36693.412240532336,7189.9053046360505,3982.6423990391086,0.0
1002.0,432.8305846994771,36601.273646169866,7139.11801215157,3969.904933157888,0.0
1003.0,439.48180745007085,36503.2692939546,7115.774448165763,3937.5474972821,0.0
1004.0,439.52604180162353,36495.92590623556,6995.269845560645,3933.712851060563,0.0
1005.0,436.8288180966198,36409.10146095374,6951.6686219721905,3905.6151952759146,0.0
1006.0,434.2318201038131,36322.277015671905,6908.252920991324,3912.152275116052,0.0
1007.0,433.06138261924394,36233.58522221398,6864.63659343041,3894.8548583920165,0.0
1008.0,435.8957246781852,36140.752224489566,6810.062519130439,3878.282033859075,0.0
1009.0,433.9175342359507,36054.48819044521,6755.488444830467,3861.9550970821288,0.0
1010.0,435.858483365107,36368.717893250774,6300.914370530497,3838.7153387390604,0.0
1011.0,439.55839001391007,36280.08127895575,6241.632277573987,3820.8088735316096,0.0
1012.0,438.2839642992915,36197.865159395726,6183.515666969613,3796.5381964326693,0.0
1013.0,437.08728865283126,36115.6490398357,6305.616791835551,3730.3171566983824,0.0
1014.0,437.1679710582718,36031.57062068215,6428.642795977455,3646.893359813233,0.0
1015.0,441.26612451904464,35941.015812639715,6552.596801919084,3574.3255794899665,0.0
1016.0,444.3673213668103,35850.57538496043,6675.1413265085885,3504.6822162202466,0.0
1017.0,442.9339739654627,35765.899465650975,12364.231229209046,3469.206947020504,0.0
1018.0,441.41862886169025,35681.22354634152,12311.24329703021,3456.6197139737187,0.0
1019.0,441.2203862885402,35594.393068724734,12258.255364851371,3444.3483921195584,0.0
1020.0,439.494202590231,35509.252562054055,12205.267432672532,3424.1495884799906,0.0
1021.0,437.6631660420168,35424.11205538337,12152.279500493692,3399.2966409466526,0.0
1022.0,437.46586285186606,35336.394064922286,12099.291568314853,3374.4436934133155,0.0
1023.0,435.4802225001645,35250.69587937167,12046.303636136014,3349.590745879978,0.0
1024.0,436.9851481710449,35159.62805756957,11993.315703957174,3324.7377983466404,0.0
1025.0,437.93225129876373,35070.58609044511,11940.327771778335,3299.8848508133024,0.0
1026.0,439.22616435837773,34979.980500610975,11887.339839599495,3275.0319032799653,0.0
1027.0,441.0081089740654,34889.7209113927,11834.351907420658,3250.1789557466277,0.0
1028.0,443.0922800422582,34797.76283467817,11781.363975241817,3225.3260082132906,0.0
1029.0,442.85799747995264,34781.48692120822,14634.44647606842,3200.473060679953,0.0
1030.0,442.9129051100822,34690.45520053182,14579.063212517874,3175.620113146615,0.0
1031.0,440.4202924947092,34606.179281222365,14523.679948967327,3150.767165613278,0.0
1032.0,442.767097282855,34514.53209876095,14468.296685416779,3125.91421807994,0.0
1033.0,442.5288824771931,34489.3766132765,14380.710531270706,3101.061270546603,0.0
1034.0,443.72596799468477,34396.69475729049,14319.644129870954,3076.208323013265,0.0
1035.0,440.8068037592527,34308.79446007412,14258.577728471202,3051.3553754799277,0.0
1036.0,441.2163199959619,34215.932455349954,14197.511327071446,3026.50242794659,0.0
1037.0,439.99822684747204,34124.514192961324,14136.444925671694,3001.6494804132526,0.0
1038.0,439.96873272736894,34030.691914635645,14075.378524271942,2976.796532879915,0.0
1039.0,436.9973281260303,33940.49975481389,14014.89962287219,2951.9435853465775,0.0
1040.0,434.29657095451637,33850.30759499215,13955.047694878827,2927.09063781324,0.0
1041.0,431.9485167567291,33760.115435170395,13935.995083546486,2875.4812415228635,0.0
1042.0,429.96232052311746,33669.92327534865,13920.33966381329,2821.6074455013395,0.0
1043.0,428.1719621845502,33579.7311155269,18554.541980965732,2766.486989907099,0.0
1044.0,426.61195554752254,33489.53895570515,18563.093117407585,2709.6061145984995,0.0
1045.0,443.8987512341802,33399.3467958834,18575.794929117295,2744.4207320419664,0.0
1046.0,442.57373181043675,33309.154636061656,18592.538547849486,2712.1338313386377,0.0
1047.0,441.24871238669334,33218.9624762399,18611.309320819837,2683.3819127246384,0.0
1048.0,439.92369296295,33128.77031641816,18632.406868966726,2653.65992752207,0.0
1049.0,438.5986735392065,33038.578156596406,18737.754240313665,2548.4145653675655,0.0
1050.0,437.27365411546316,32948.38599677466,18687.21827832727,3122.7001949190094,0.0
1051.0,435.94863469171975,32858.19383695291,18636.682316340877,3116.0775053327716,0.0
1052.0,434.6236152679763,32768.001677131164,18586.14635435448,3088.693035405719,0.0
1053.0,446.6388766753863,32677.80951730941,18535.61039236809,3061.308565478667,0.0
1054.0,445.36455237822776,32587.617357487667,18485.074430381694,3035.9577574776945,0.0
1055.0,444.0902280810692,32497.425197665914,18434.5384683953,3011.0951154593,0.0
1056.0,442.81590378391064,32407.23303784417,18384.002506408906,3247.9472801154634,0.0
1057.0,441.5415794867521,32317.040878022417,18333.466544422514,3278.8356090792204,0.0
1058.0,440.2672551895935,32226.848718200672,18282.930582436118,3300.666496736905,0.0
1059.0,438.99293089243497,32136.65655837892,18232.394620449726,3324.260228973288,0.0
1060.0,448.098838829397,32046.464398557175,18181.85865846333,3349.8054414860226,0.0
1061.0,446.8608064162056,31956.272238735422,18131.32269647694,3395.2815116897314,0.0
1062.0,445.6227740030141,31866.080078913677,18080.786734490543,3459.4126308226273,0.0
1063.0,444.3847415898227,31775.887919091925,18030.25077250415,3452.003371233437,0.0
1064.0,443.14670917663125,31685.69575927018,17979.714810517755,3491.051124830213,0.0
1065.0,441.9086767634398,31595.503599448428,17929.178848531363,3545.8026563157437,0.0
1066.0,440.6706443502484,31505.311439626683,17878.642886544967,3561.475567857976,0.0
1067.0,439.432611937057,31415.11927980493,17828.106924558575,3577.7203587196223,0.0
1068.0,438.1945795238655,31324.927119983186,17777.57096257218,3559.6663901209736,0.0
1069.0,436.95654711067414,31234.734960161433,17727.035000585787,3559.750627061751,0.0
1070.0,435.7185146974827,31144.54280033969,17676.49903859939,3561.175896512931,0.0
1071.0,434.4804822842912,34036.23376034529,17625.963076613,3544.014412571021,0.0
1072.0,433.24244987109984,33948.086192522846,17575.427114626604,3602.5523132994517,0.0
1073.0,432.00441745790835,33859.9386247004,17524.89115264021,3596.689009935007,0.0
1074.0,430.7663850447169,33771.791056877955,17474.355190653816,3591.2878096166173,0.0
1075.0,429.52835263152554,33683.64348905551,17423.819228667424,3586.6020989575236,0.0
1076.0,428.29032021833405,33595.495921233065,17374.06660001436,3582.3761701358644,0.0
1077.0,427.0522878051426,33507.34835341062,17325.11499717183,3589.468035783161,0.0
1078.0,425.81425539195124,33419.200785588175,17327.12805862842,3561.3434520212477,0.0
1079.0,424.5762229787598,33331.05321776573,17330.292215183945,3532.6088781268063,0.0
1080.0,423.3381905655683,33244.23898327662,17281.34061234141,3535.200573324404,0.0
1081.0,422.10015815237693,33158.76884633235,17232.38900949888,3542.891823442847,0.0
1082.0,420.8621257391855,33086.92475847513,17169.811357569295,3551.687211385851,0.0
1083.0,419.624093325994,33015.19067587372,17104.005804228986,3561.24120038809,0.0
1084.0,418.4027275794693,32929.72053892945,17049.585319458558,3582.307815198203,0.0
1085.0,417.20151835099347,32844.25040198518,17037.798690642183,3540.6589475810347,0.0
1086.0,417.33623421520446,32756.155234117206,17017.86430632656,3503.3276973230995,0.0
1087.0,417.77674316826483,32666.968031215554,16966.0890825187,3486.4002051287885,0.0
1088.0,417.72711864546136,32578.174624660358,16915.295949238207,3469.472712934477,0.0
1089.0,418.72030250293426,32486.938545255132,16981.989052231784,3393.0788590054794,0.0
1090.0,419.94226803076987,32394.39875087154,16976.498577523715,3348.6568587441366,0.0
1091.0,420.35057679628426,32302.498862100398,16973.07889217329,3352.6248628088115,0.0
1092.0,419.1928096712398,32214.4461938513,16970.013861615414,3305.536708074998,0.0
1093.0,418.03853010515496,32127.760244718327,16921.287038929804,3302.4627530368066,0.0
1094.0,416.9032657567118,32054.846363115994,16860.186721443235,3300.8411773407042,0.0
1095.0,415.77514994710776,31982.242305621017,16795.684867909687,3345.9682317384563,0.0
1096.0,415.67025948180014,31907.922763764927,16727.732359600388,3403.7803703738523,0.0
1097.0,414.5893103706434,31823.64012520156,16699.59142818607,3136.2726703094895,0.0
1098.0,413.51644867942684,33804.518114978644,16667.487691740895,3110.2584623173434,0.0
1099.0,413.87310770708734,33727.54951084683,16618.85749169921,3086.36647886946,0.0
1100.0,413.4290739390728,33641.365283280255,16559.238309268712,3080.1889421553947,0.0
1101.0,412.79548288987417,33555.11741588807,16499.619126838214,3059.508587379132,0.0
1102.0,411.50224107447974,33469.547374447146,16501.873651592174,3072.2719576563973,0.0
1103.0,410.14160800939953,33384.97733300623,16442.25446916168,3061.8357807307757,0.0
1104.0,408.7007007545195,33300.407291565316,16382.63528673118,3039.1080326423903,0.0
1105.0,408.20676212612534,33404.75803549122,16069.047850332428,3029.2988805195137,0.0
1106.0,406.6330427362,33319.90357711602,16006.295334568598,3006.5711324311283,0.0
1107.0,405.0366752383702,33235.04911874082,15944.34255199201,2983.843384342743,0.0
1108.0,403.4893283194495,33150.19466036561,16015.614894873688,3818.4946492895465,0.0
1109.0,402.01795723082614,33065.34020199042,16089.659367431412,3655.946432177903,0.0
1110.0,401.2158610273765,32979.61073972411,16166.337363181376,3489.8118182892185,0.0
1111.0,400.73979527162373,32893.277129225986,16105.983226986575,5197.08568689677,0.0
1112.0,400.4089084633948,32806.49751292677,16045.629090791774,5167.500708611249,0.0
1113.0,399.1338366163134,32720.82318601887,16117.684767006785,4943.588399606244,0.0
1114.0,397.82189035062765,32635.148859110974,16057.330630811985,4916.890809215957,0.0
1115.0,397.09136568346105,32548.54056957795,15996.976494617184,5570.524409765859,0.0
1116.0,395.6902168824379,32463.686111202747,15938.038169158586,5543.826819375572,0.0
1117.0,394.9491599606667,32377.77397534036,15880.377548483075,5517.1292289852845,0.0
1118.0,393.4705372738313,32378.38245937336,15858.638346730213,5266.494588313606,0.0
1119.0,392.97438647316676,32291.73337144553,15927.685502130586,5045.239112048258,0.0
1120.0,393.553823746629,32203.01578854087,15890.0268335703,4984.51649194691,0.0
1121.0,392.61923821805095,34996.978568411745,15977.54808454834,4790.1275665967905,0.0
1122.0,391.7047813779192,34909.81406523408,14960.327104167493,4588.583272675799,0.0
1123.0,390.86079999919235,34823.38572687389,15126.753286284184,4372.240025589769,0.0
1124.0,390.07042947554606,34736.31496994571,15068.83629685203,4378.011120572544,0.0
1125.0,388.1874326500804,34691.70215533031,14951.729955886283,4423.840720086182,0.0
1126.0,386.2605622265009,34607.62977302586,14887.93796645413,4472.167867941698,0.0
1127.0,384.28015011534455,34523.55739072139,14824.145977021975,4432.653479750559,0.0
1128.0,382.2692946701286,34439.48500841694,14760.35398758982,4393.139091559421,0.0
1129.0,381.132514296792,34353.66889338423,14696.561998157667,4355.145516709541,0.0
1130.0,379.93394231412094,34267.725422345204,14632.770008725513,4318.413464498357,0.0
1131.0,380.1597764658816,34179.15889344939,14568.978019293358,4484.386434079202,0.0
1132.0,380.03115949336615,34090.6080524352,14505.186029861205,4615.9089495724265,0.0
1133.0,378.96851979198385,34003.1503217982,14441.394040429048,4666.6378575634135,0.0
1134.0,379.20734168738454,33913.25430812855,14377.602050996895,4632.580214416431,0.0
