"tick","Money avg. 1 Producers","Money avg. 2 Internationals","Money avg. 3 Wholesalers","Money avg. 4 Retailers","Money avg. 5 Consumers"
1.0,498.9355237808011,39914.90871881589,23450.083061932757,5588.110155930506,0.0
2.0,497.87104756160215,39829.81743763178,23400.166123865518,5576.2203118610105,0.0
3.0,496.8065713424032,39744.726156447665,23350.249185798275,5564.330467791516,0.0
4.0,495.7420951232042,39659.63487526355,23300.332247731036,5552.44062372202,0.0
5.0,494.67761890400527,39574.54359407944,23250.415309663793,5540.606779652525,0.0
6.0,493.61314268480635,39489.45231289533,23200.498371596554,5528.772935583031,0.0
7.0,492.54866646560737,39404.36103171122,23150.581433529314,5528.139091513537,0.0
8.0,491.48419024640845,39319.269750527106,23100.66449546207,5516.305247444041,0.0
9.0,490.4197140272096,39234.178469342995,23052.9017240615,5504.471403374546,0.0
10.0,489.3552378080106,39149.08718815888,23005.386622061793,5492.637559305052,0.0
11.0,488.2907615888116,39063.99590697477,23427.871520062086,5386.803715235557,0.0
12.0,487.2262853696127,38978.90462579066,23454.65723832263,5359.688749870227,0.0
13.0,486.1618091504138,38895.81334460655,23407.142136322927,5347.487657850848,0.0
14.0,485.0973329312148,38812.722063422436,23359.62703432322,5367.014408089899,0.0
15.0,484.03285671201587,39129.630782238324,22912.111932323518,5388.227395224566,0.0
16.0,482.96838049281695,39046.53950105421,22858.721830323808,5410.192039755761,0.0
17.0,481.928904273618,38963.4482198701,22805.919228324103,5431.228352977856,0.0
18.0,480.889428054419,38880.35693868599,22754.107429879165,5429.494318205057,0.0
19.0,484.8062018352202,38789.76565750188,22813.305432070527,5405.972558064403,0.0
20.0,483.6364131160212,38706.07437631776,22985.716141489138,5349.56390352451,0.0
21.0,482.3594446456751,38622.38309513365,23163.472792226283,5292.014686917548,0.0
22.0,480.9581652225846,38538.69181394953,23347.426576804275,5233.025375067041,0.0
23.0,479.44224358265706,38455.00053276542,23537.355214995383,5172.635390048702,0.0
24.0,477.7970494808897,38371.309251581304,23612.49233992627,5134.901113411367,0.0
25.0,478.6269716547412,38283.669395799065,23690.853734603894,5096.365486843252,0.0
26.0,478.030669686851,38197.40023137714,23643.029731263716,5082.9343402812165,0.0
27.0,478.0399729231793,38109.720587234995,23595.205727923538,5069.5311937191855,0.0
28.0,477.03151459847686,38022.84255687313,23547.381724583363,5064.447799349149,0.0
29.0,481.50247472254193,37927.1067683801,23499.55772124319,5056.644652787117,0.0
30.0,481.49619606799524,37839.63971368584,23451.73371790301,5043.241506225084,0.0
31.0,481.63090386422226,37751.01892146874,23403.909714562833,5029.8383596630465,0.0
32.0,482.0047156715243,37928.37014305949,23088.745854819634,5016.435213101015,0.0
33.0,482.6928432391825,37837.85933291952,23031.8129392572,5003.032066538982,0.0
34.0,483.40360667716857,37748.382563105566,22975.558973849256,4989.628919976945,0.0
35.0,485.2083184739158,37699.047391711865,22986.136425520468,4954.38804777336,0.0
36.0,486.84960254837586,37696.70288706482,22947.522813825424,4918.875353222889,0.0
37.0,487.3083707877191,37603.30943536097,22995.641012232467,4883.092059936148,0.0
38.0,488.94665986047306,37506.840701989844,23122.60281209583,4841.988376213896,0.0
39.0,490.3439651299676,37409.09915205894,23237.580307316035,4803.665686972302,0.0
40.0,491.0324789788886,37310.723194025326,23356.086043639105,4764.957644437048,0.0
41.0,492.52189337518803,37209.65336381337,23383.26808388075,4753.175406534239,0.0
42.0,490.08602919850256,37112.746034626514,23412.55826571315,4741.172831917058,0.0
43.0,488.81593255844246,37013.873135405134,23443.87869180742,4728.913414974561,0.0
44.0,486.7004321302427,36915.84210986054,23384.568820357075,4734.819857607757,0.0
45.0,486.04783992816374,36816.81153123411,23325.258948906732,4729.950245461592,0.0
46.0,485.1892355483821,36717.783090696896,23265.949077456386,4725.279138105494,0.0
47.0,484.5998488013181,36740.22950802211,23085.2523587586,4720.547619794247,0.0
48.0,484.2308562565155,36641.227184554846,23024.359901245763,4705.869080977352,0.0
49.0,483.9895324172867,36541.46941265581,23044.203328436735,4675.31841084921,0.0
50.0,483.0224659278867,36506.91122399798,23129.67381468528,4619.356582213097,0.0
51.0,482.7379284527215,36408.7536951096,23277.18916670319,4562.5733269320945,0.0
52.0,482.62619202032806,36355.83759844787,23384.305752514567,4512.791205933387,0.0
53.0,482.93715577032907,36260.88649422204,23424.15217059714,4492.89070253252,0.0
54.0,483.4913022656277,36188.531757398334,23443.51662940236,4473.319481116233,0.0
55.0,485.96985969102604,36127.39709452601,23489.95838159305,4451.859170064114,0.0
56.0,485.12285566335754,36058.02851679979,23452.59659430155,4448.036386279939,0.0
57.0,483.0521118098075,35978.59835095009,23400.6847104647,4448.765265779759,0.0
58.0,481.58545825452865,35886.01358645733,23425.477961373115,4434.159224275404,0.0
59.0,482.9210764870243,35789.06999476596,23497.003871743138,4402.023188844453,0.0
60.0,484.13470748592925,35692.13206889374,23541.811146536827,4370.749024211209,0.0
61.0,487.882208061223,35591.22950853607,23571.12876905107,4351.241380985909,0.0
62.0,487.8663005430437,35510.58668212738,23521.90796322454,4348.7721599544775,0.0
63.0,489.9650736117279,35425.97803465119,23431.443721836447,4415.7275534071505,0.0
64.0,488.9554703412746,35338.45715529444,23343.348069537795,4422.994860432103,0.0
65.0,488.9108071066514,35239.09228740473,23260.715861928293,4425.820728021925,0.0
66.0,488.82359153077687,35138.93494673527,23178.083654318794,4428.875861922889,0.0
67.0,489.1515697970199,35037.33255544432,23095.451446709292,4423.837172517319,0.0
68.0,489.0106127619579,34935.398456507646,23012.819239099794,4411.328949892966,0.0
69.0,490.27383008622013,34830.546898134344,22930.18703149029,4398.905799440724,0.0
70.0,491.32545282151483,34724.78539148027,22847.55482388079,4386.5634675519905,0.0
71.0,492.6230145636493,34617.423933861515,22764.92261627129,4369.99160095412,0.0
72.0,496.3439943491294,34505.08050978066,22682.290408661793,4353.4476527135175,0.0
73.0,495.7060385424904,34397.20106601165,22599.65820105229,4343.616740518778,0.0
74.0,495.1847178922276,34288.57826313497,22517.02599344279,4334.129798335246,0.0
75.0,494.78992636446685,34179.17228367999,22434.393785833287,4324.998879352959,0.0
76.0,493.5976353814102,34070.32333017239,22351.761578223788,4316.238178906915,0.0
77.0,492.44169523244705,33961.08423717766,22269.129370614286,4313.7640774351585,0.0
78.0,491.3546203359084,33851.453032593214,22186.497163004788,4317.258463471519,0.0
79.0,490.36877495014426,33741.42813873702,22103.864955395286,4316.017466397471,0.0
80.0,489.4959344602472,33631.0082934634,22021.70274778579,4315.298316326243,0.0
81.0,488.75928639119326,33520.192487055865,21940.013322100676,4320.9271507124495,0.0
82.0,486.8071454656627,33410.83494137576,21887.899261278842,4320.0538152550835,0.0
83.0,484.88831984647607,33301.47739569566,21837.375378094654,4310.942471812582,0.0
84.0,483.0338111431464,33192.11985001556,21788.445486703986,4297.463580925977,0.0
85.0,481.2547486751011,33082.76230433546,21796.48835759657,4274.610714989691,0.0
86.0,479.573577019045,34378.72380692429,21805.856547590403,4251.532626427732,0.0
87.0,478.0124890147769,34274.41218774908,21801.02054514775,4225.067474554843,0.0
88.0,476.5889579891101,34170.100568573886,21766.818293601857,4205.62325966445,0.0
89.0,475.18899750347947,34065.78894939869,21732.64318201143,4186.211991113375,0.0
90.0,473.78903701784884,33961.47733022348,21698.49385337869,4163.302167157471,0.0
91.0,472.3890765322182,33857.165711048285,21622.546527517938,4150.837526638677,0.0
92.0,470.9891160465876,33752.85409187309,21546.599201657184,4142.102196940349,0.0
93.0,469.5891555609569,33648.54247269788,21470.65187579643,4133.818294964814,0.0
94.0,468.18919507532627,33544.230853522684,21394.704549935675,4125.976704048551,0.0
95.0,466.78923458969564,33439.919234347486,21318.75722407492,4118.560491577541,0.0
96.0,465.389274104065,33335.60761517229,21242.809898214167,4111.553115665767,0.0
97.0,463.9893136184343,33231.29599599709,21166.862572353413,4104.911674598495,0.0
98.0,467.9337312566889,33126.984376821885,21090.91524649266,4098.517622383282,0.0
99.0,466.58221819005365,33022.67275764669,21015.437920631906,4092.2707176840167,0.0
100.0,465.23070512341843,32918.36113847149,20940.43059477115,4079.877696280079,0.0
101.0,463.87919205678315,32814.84951929629,20895.468346124304,4060.562602917802,0.0
102.0,462.52767899014793,32712.160215388307,20837.182980600144,4040.086854431754,0.0
103.0,461.17616592351266,32617.049550974683,20801.856110010867,4024.063570262933,0.0
104.0,459.82465285687744,32522.127970500685,20735.518674319756,4019.6204734244106,0.0
105.0,458.480282647385,32427.83526530851,20680.414281668785,3648.95860785617,0.0
106.0,457.1513975722928,32326.745961400527,20634.556569165477,3653.3587069166015,0.0
107.0,456.35922281662437,32231.69776100973,20549.430195625246,3681.9269747156554,0.0
108.0,455.5361754666012,32129.78173650843,20526.932341800788,3688.8597714983257,0.0
109.0,454.91728859976877,32028.248459864855,20468.260031851587,3686.8603639198523,0.0
110.0,455.0478893627876,31926.326855638366,20387.56229780571,3687.791915800016,0.0
111.0,455.202501731779,31831.06611519108,20301.060724433566,3703.497544987535,0.0
112.0,457.14122903541806,31733.001085227013,20212.522439653272,3726.7291418177465,0.0
113.0,457.85279908307206,31635.62008466532,20140.167425217813,3728.067324973844,0.0
114.0,457.59111346556165,31532.468088653437,20069.96570720881,3731.8289526491826,0.0
115.0,456.2527655574246,31430.439890606373,20001.007376213434,3736.26800630644,0.0
116.0,455.54434948596776,31327.39304248509,19948.586990967524,3731.857898872479,0.0
117.0,454.5534066553161,31224.40712301084,19900.233821675964,3717.051206892155,0.0
118.0,452.93492683069377,31121.98113093143,19852.661908682414,3676.758928266012,0.0
119.0,451.7641585997066,31018.808512070755,19802.575061618536,3644.791128883573,0.0
120.0,449.97360171197545,30916.203334313344,19736.4437049614,3619.9629881048772,0.0
121.0,448.8617989154987,30812.54123072963,19670.512009934653,3594.5272409967874,0.0
122.0,446.9396260616633,30709.682395076925,19588.87916795344,3576.3431150788792,0.0
123.0,445.9531750528401,30605.442892594492,19507.24632597223,3558.0944575542835,0.0
124.0,444.5395377220582,30501.42741641709,19425.61348399102,3539.8338689477628,0.0
125.0,443.1517467038128,30397.147516054378,19343.98064200981,3546.434796342959,0.0
126.0,441.83130365467304,30292.557090296563,19262.347800028598,3554.061031287898,0.0
127.0,439.8423967373314,30188.717678596113,19181.184958047386,3554.562819258912,0.0
128.0,437.9647793997465,30084.87826689566,19100.96522661872,3887.2509029090534,0.0
129.0,436.2329734212634,29981.038855195206,19037.760007491936,3889.418228780175,0.0
130.0,434.63222695488224,29877.19944349475,18990.91284749441,3890.4761212173185,0.0
131.0,433.1337159110221,29773.3600317943,18945.22342449276,3884.08156021275,0.0
132.0,431.75239417853516,29669.520620093845,18901.168044980885,3865.449542424306,0.0
133.0,430.3925291215099,29565.68120839339,18858.264421078118,4324.376900272693,0.0
134.0,429.03266406448455,29461.841796692934,18815.514924272713,4309.554648342552,0.0
135.0,427.67279900745916,29358.002384992484,18776.879917513113,4287.543811695706,0.0
136.0,426.31293395043383,29254.16297329203,18723.640165230245,4289.293813975074,0.0
137.0,424.9530688934085,29150.323561591576,18721.754179962783,4260.0975252689705,0.0
138.0,423.5932038363831,29046.48414989112,18687.708298092883,4255.157727910701,0.0
139.0,422.2333387793578,28942.64473819067,18654.12170515186,4249.878309473041,0.0
140.0,420.87347372233245,28838.805326490216,18603.06128191322,4253.223313337208,0.0
141.0,419.5136086653071,28734.965914789762,19110.966611740907,4251.177870986563,0.0
142.0,418.15374360828173,28631.126503089305,19043.019984958573,4249.3103018082575,0.0
143.0,416.7938785512564,28527.287091388855,18998.339832031565,4237.738177593851,0.0
144.0,415.4340134942311,28423.4476796884,18953.814076309813,4226.817836535163,0.0
145.0,414.0741484372058,28320.408267987947,18909.441286111385,4267.05066508086,0.0
146.0,412.7142833801804,28218.178489486083,18842.09012437395,4279.546202731988,0.0
147.0,411.3544183231551,28123.066437680987,18766.865352658962,4294.504993800954,0.0
148.0,409.99455326612974,28028.849709419297,18688.60827088334,4304.1592176797085,0.0
149.0,408.6346882091044,27935.525542237443,18607.28771640191,4309.556138690927,0.0
150.0,407.2748231520791,27842.20638881418,18522.954221316573,4306.852234957154,0.0
151.0,405.9292438093394,27748.891998461564,18435.60576081011,4301.631039022405,0.0
152.0,404.6452147599128,27649.120614605363,18353.317309332062,4297.346485539809,0.0
153.0,404.2713852875073,27548.10303506477,18271.028857854006,4294.074079346639,0.0
154.0,408.05821192791683,27440.91583868495,18188.740406375957,4297.437387759923,0.0
155.0,407.97753986040334,27337.690941577355,18106.451954897908,4301.826903326685,0.0
156.0,407.466204175236,27234.54124472661,18024.163503419855,4301.81988666321,0.0
157.0,406.8919171079732,27131.06682915538,17941.8750519418,4302.376594002116,0.0
158.0,406.2850103271414,27027.26459141308,17859.58660046375,4291.6601608683595,0.0
159.0,404.743531566117,26924.405780567355,17777.298148985697,4286.913274530758,0.0
160.0,403.2046974170222,26821.54696972163,17695.597197507646,4275.227922588024,0.0
161.0,401.681771534583,26718.688158875906,17614.488111927687,4259.252492333204,0.0
162.0,400.1890725652882,26615.82934803018,17552.263112511377,4234.519387363351,0.0
163.0,398.7400709927056,26512.970537184454,17490.698185700898,4219.319825214538,0.0
164.0,397.34676836289196,26410.911726338727,17139.420694792854,4204.207045992619,0.0
165.0,396.00450273744855,26309.667473412563,17075.126200853134,4194.055990843846,0.0
166.0,394.70573040217454,26209.256794902823,17010.94559836626,4178.498276791508,0.0
167.0,393.4201764039492,26114.963494487667,16936.686334706446,4158.217439984166,0.0
168.0,392.13462240572386,26022.40992876461,16833.18689453951,4187.367008114283,0.0
169.0,390.8562112646414,28269.663474943507,16736.823401474438,4202.2125504285295,0.0
170.0,389.5852495771317,28183.254118595036,16621.264042804647,4201.924267862903,0.0
171.0,388.7870484004694,28086.343381510305,16544.234689575856,4213.169545252553,0.0
172.0,388.0231644870605,27989.277538298033,16468.311076844384,4213.711015394364,0.0
173.0,388.9101155399233,27890.141334671116,16393.851664534566,4225.1345401012695,0.0
174.0,389.8821981357242,27790.9196733886,16320.760587093511,4237.00069019127,0.0
175.0,389.5462366860727,27693.09046842979,16275.619297229152,4228.707591277212,0.0
176.0,388.6590225136576,27600.65576428348,16224.590525198662,4220.612681392677,0.0
177.0,386.93476057588686,27508.861043899207,16183.313889762469,4262.636568307376,0.0
178.0,385.678231720625,27416.494281346266,16142.54061432877,4259.938829226657,0.0
179.0,383.869220741078,27319.919781752524,16101.21009951215,4414.20016663235,0.0
180.0,382.46603134220084,27222.81497851028,16066.98249740632,4404.771436768537,0.0
181.0,388.08814157601284,27117.954146129658,16013.904693453256,4386.966221050656,0.0
182.0,386.6143993014896,27019.9439927476,15943.604662825646,4389.9758209163565,0.0
183.0,385.634573738245,26926.94229314391,15852.034897057269,4389.356027775757,0.0
184.0,385.0581556352498,26833.65948532632,15756.904683300081,4389.160582399095,0.0
185.0,384.25970054417866,26744.6502514357,15650.377693716573,4382.360989213981,0.0
186.0,381.9823897317783,26652.981022469216,15530.866672233717,4381.420151080071,0.0
187.0,379.7708778518184,26556.90459431712,15416.082809706735,4385.131592238099,0.0
188.0,378.68125256767513,26464.270018472936,15292.909888203518,4380.8624450085335,0.0
189.0,377.88427068314735,26366.650927959938,15175.78428784233,4372.314036741737,0.0
190.0,377.69491913350515,26268.19622617413,15071.47964268233,4372.124400599288,0.0
191.0,377.5533967591133,25170.004438863456,14968.085126650114,4354.774754538307,0.0
192.0,377.1846182608759,25068.2183422804,14865.615510082853,4334.401906282549,0.0
193.0,376.43516976733224,24966.513384445643,14761.925576902178,4315.544681811315,0.0
194.0,374.80251302411557,24865.684084169883,14659.342517168865,4303.0322539802655,0.0
195.0,373.6177244028978,24764.140424925106,14557.85167362684,4296.2668990628645,0.0
196.0,371.9213992664485,24663.13151450148,14457.466173401726,4307.0011140175475,0.0
197.0,370.23092632491023,24562.122604077853,14358.198609781626,4316.252538726657,0.0
198.0,369.3453822119435,24460.014922066064,14259.15393018051,4344.994765431426,0.0
199.0,367.7037843870922,24358.729749156126,14160.327694379508,4368.85983708988,0.0
200.0,366.9521409205312,24256.234870529886,14052.221813510696,4393.392793623443,0.0
201.0,365.337696269077,24154.645543099334,13946.525029221124,4387.1562140358155,0.0
202.0,363.74523145703665,24053.05621566878,13868.453806188205,4369.573978575533,0.0
203.0,362.18973806149467,23951.466888238232,13781.301959235565,4357.14665592048,0.0
204.0,360.6863935410145,23849.87756080768,13700.060137091656,4368.746148867494,0.0
205.0,359.2485174892609,26456.906861147603,13609.870806319268,4363.886718767159,0.0
206.0,357.8869149493901,26357.984155852642,13543.841860982357,4340.808193895032,0.0
207.0,356.5611019575943,26259.061450557678,13467.085676900706,4337.46798130621,0.0
208.0,355.2352889657986,26160.138745262713,13379.14628163555,4331.177495080295,0.0
209.0,372.17079147725246,26061.216039967752,13283.689619681847,4316.983122109229,0.0
210.0,370.8781760488922,25962.293334672788,13201.84936271552,4301.092055733302,0.0
211.0,369.585560620532,25863.370629377823,13134.567334281897,4279.519945321454,0.0
212.0,368.29294519217177,25764.447924082862,13069.219584519875,4257.751966057664,0.0
213.0,367.0003297638115,25665.525218787898,13017.97219916734,4257.182351646263,0.0
214.0,365.70771433545127,25566.602513492937,12951.456445621081,4255.759302733621,0.0
215.0,364.4150989070911,25467.679808197976,12890.19027854267,4234.328185706102,0.0
216.0,363.1224834787308,25368.757102903008,12812.23137759095,4224.660200888569,0.0
217.0,361.8298680503706,25269.834397608043,12739.212874975252,4210.186288915027,0.0
218.0,360.5372526220103,25170.91169231308,12662.82650703734,4210.301819400754,0.0
219.0,359.2446371936501,25071.98898701812,12590.381469692196,4211.132256231455,0.0
220.0,357.95202176528994,24973.066281723157,12521.205920112927,4204.724628163746,0.0
221.0,356.65940633692975,24874.143576428192,12462.27434679221,4190.865975868809,0.0
222.0,355.3667909085695,24775.220871133228,12416.302415837446,4181.773125574385,0.0
223.0,354.07417548020925,24676.964832504935,12372.552795143589,4191.72397535306,0.0
224.0,352.781560051849,24579.390069102265,12331.725635021501,4179.895560380635,0.0
225.0,351.48894462348875,24486.779704176617,12273.115203317217,4222.324613670608,0.0
226.0,350.19632919512856,24395.6387984534,12221.144709519183,4212.430573370042,0.0
227.0,348.90371376676836,24305.26596310922,12145.352138097913,4214.231941554357,0.0
228.0,347.64234833840806,24218.806535424177,12047.032135869731,4203.664925960028,0.0
229.0,346.4239519088357,24123.98020236399,11958.163052351356,4187.928701406099,0.0
230.0,347.1706601808575,24026.624627251873,11882.124512268278,4177.957825252637,0.0
231.0,348.10447380151015,23928.392923867345,11807.754733656559,4153.984902261996,0.0
232.0,350.9898552982695,23827.37376766328,11734.609213527276,4131.874176891268,0.0
233.0,351.8167403629518,23728.05998614084,11662.704322933056,4105.198077702185,0.0
234.0,350.20752756618396,23636.27887642057,11594.184577397353,4075.596487451124,0.0
235.0,348.3884648839811,23544.568300013045,11522.063466923011,4043.8119925315773,0.0
236.0,346.84724443040074,23453.0391209164,11420.062900378609,4027.182974094433,0.0
237.0,345.9142620465746,23356.1857172713,11328.08139796461,4021.243539552409,0.0
238.0,344.4833450134013,23264.711862891938,11228.404000101295,4051.6979699678927,0.0
239.0,343.0987085118622,23172.85411915196,11169.453901387742,4031.894134528742,0.0
240.0,342.235095959493,23079.956758538294,11078.451398394804,4021.5563886504774,0.0
241.0,341.51728781072865,22981.711092967573,11014.263962608617,4000.0451215306502,0.0
242.0,341.0754376976447,22882.511814553367,10954.637175795153,3974.4651964080167,0.0
243.0,343.21436707317235,22781.293952811036,10893.110485805779,3949.630551678886,0.0
244.0,342.2628504937802,22682.93934054553,10841.934561505928,3919.1492747775073,0.0
245.0,340.6989256876693,22596.57051782418,10738.628066803152,3918.5360666024962,0.0
246.0,339.65101744494154,22497.687726299933,10640.345116381737,3920.7285712448725,0.0
247.0,337.43806454469774,22400.127844905575,10566.764353274944,3904.4717790920304,0.0
248.0,337.27587701799945,22300.706649143758,10468.481402853531,3898.884748500116,0.0
249.0,337.87556900352456,22199.784129490716,10370.198452432116,3888.8173452588067,0.0
250.0,339.1414286173032,22101.285258074113,10263.85055255965,3879.7801385622342,0.0
251.0,340.67418288700964,21997.41309218204,10161.650935471567,3869.23495485946,0.0
252.0,341.8399312316194,21892.906287664217,10059.451318383486,3858.7121022495326,0.0
253.0,341.882008029254,21788.81696112996,9957.251701295405,3840.03636466804,0.0
254.0,341.09885837666883,21685.088449773644,9855.052084207322,3823.269491031494,0.0
255.0,339.7675978554705,21581.69383081423,9752.85246711924,3805.291521532457,0.0
256.0,337.9118742550106,21478.871196512664,9650.65285003116,3798.2631612695172,0.0
257.0,336.5256414565455,21375.48364960604,9548.453232943079,3786.424844450252,0.0
258.0,334.7715582478413,21272.5189801356,9447.03694918833,3807.5588051440172,0.0
259.0,333.59795989500094,21168.83780727435,9347.985727243535,3800.581481779787,0.0
260.0,331.95577517302,21065.69298838026,9255.627507178755,3792.713917535553,0.0
261.0,330.43451288002103,20962.54816948617,9175.751466249034,3779.5725471009123,0.0
262.0,328.98365519058154,20859.403350592085,9092.963014782004,3781.9706148887904,0.0
263.0,327.5840822930653,20756.258531697993,9015.701796028428,3768.3046283017557,0.0
264.0,326.2301956790359,20653.113712803904,8941.369364540791,3763.8171554367914,0.0
265.0,324.93070147130703,20549.968893909816,8898.588059890077,3729.6898152507256,0.0
266.0,323.6770998356213,20446.824075015724,8839.087087363434,3702.126918590258,0.0
267.0,322.4234981999355,20344.345922788303,8779.401592662272,3674.6963172791384,0.0
268.0,321.1698965642497,20242.54837530732,8727.931471363834,3652.0596067933106,0.0
269.0,319.91629492856396,20146.053556250154,8662.989354179357,3629.2459236854957,0.0
270.0,318.66269329287826,20051.03719289978,8581.736307312287,4130.181910846097,0.0
271.0,317.40909165719245,22820.126801131355,8497.243956630547,4114.553752736115,0.0
272.0,316.1742400215067,22731.223734031282,8406.90929573971,4093.8799243009043,0.0
273.0,314.9704748977611,22638.682237328623,8313.003721208628,4078.1396064356395,0.0
274.0,315.0389512726434,21111.700756084716,8216.00886101769,4061.311729814065,0.0
275.0,315.90657172863746,21014.71950662162,8116.696581042333,4049.656136968024,0.0
276.0,317.13125084652023,20912.658258150357,8021.952393599729,4053.599284483424,0.0
277.0,316.9899630580844,20812.136939585645,7932.375241672483,4037.1268944632566,0.0
278.0,316.0571325715848,20712.811390254177,7838.374369150134,4023.3753186925233,0.0
279.0,314.47612176740165,20617.626659252906,7738.110234199122,4006.7200589838585,0.0
280.0,312.8124109124339,20520.210253623,7642.099213441013,4000.1398958198365,0.0
281.0,311.14005986206826,20422.793847993096,7547.706041244696,3996.6933105334388,0.0
282.0,309.4803553239145,20332.830856604727,7440.789501255171,3986.383156586244,0.0
283.0,308.3030241921023,20234.858895419246,7349.235723050868,3973.6511835360852,0.0
284.0,307.1957161543974,20136.74194815251,7265.394783334123,3884.926137447055,0.0
285.0,308.6746728088846,20035.056212196898,7188.902418397487,3863.372506929516,0.0
286.0,309.6035707367152,19933.059693845713,7113.928493912824,3846.894899677015,0.0
287.0,309.54613296631123,19831.384391638887,7040.999007111581,3820.1426718471303,0.0
288.0,308.9976139489925,19729.635119883565,6960.289856148241,3793.503561852426,0.0
289.0,307.08413381180895,19629.827517422564,6879.810578873052,3773.0818625902407,0.0
290.0,305.8839740271316,19529.655675387625,6795.938633792011,3752.6621027481565,0.0
291.0,304.3440999072303,19433.507355085352,6699.9801390506655,3737.0513725939445,0.0
292.0,302.3580461748356,19337.788948650774,6605.291729525856,3718.2982443676124,0.0
293.0,300.47823917198724,19238.249705697624,6515.171860138973,3698.152417795173,0.0
294.0,298.7289101859263,19138.710462744482,6425.905528143239,3676.7814375798275,0.0
295.0,297.4975568627907,19038.6409167609,10627.703238420832,3666.6986409333163,0.0
296.0,296.4146790008722,18938.438037443993,10549.012196170128,3642.48796017211,0.0
297.0,295.078683643887,18838.63212782418,10471.151289533376,3625.971056095074,0.0
298.0,293.812206092694,18738.826218204365,10394.054326645724,3603.834208537282,0.0
299.0,292.5457285415011,18639.020308584557,10318.234984483763,3582.675945995054,0.0
300.0,291.2792509903081,18539.21439896474,10243.724501078548,3556.0937598084192,0.0
301.0,290.0127734391152,18439.40848934493,10173.488771839042,3527.5426129485722,0.0
302.0,288.74629588792226,18339.602579725117,10104.687612401867,3504.0833607883333,0.0
303.0,287.4798183367293,18239.796670105305,10036.783146583897,3482.2487325107986,0.0
304.0,286.21334078553633,18139.99076048549,9969.449390354144,3482.406930374107,0.0
305.0,284.9468632343434,18040.851517532345,9896.137590193342,3471.523772620529,0.0
306.0,283.68038568315046,17942.393794659398,9823.413290032538,3458.159330417774,0.0
307.0,282.4139081319575,17848.521424909257,9749.746184854377,3440.538884807982,0.0
308.0,281.1474305807646,17755.469805038916,9673.91363313182,3433.5414574965835,0.0
309.0,279.88095302957163,17663.250270692068,9599.553367134578,3412.5988593039838,0.0
310.0,278.62072547837874,14883.62900669526,9523.47056135862,3390.3004576683966,0.0
311.0,277.3936000937583,14791.672685852833,9449.555966386637,3367.960964406571,0.0
312.0,276.67283918628675,18916.3789571024,9377.429387559654,3342.912803627668,0.0
313.0,277.7008429840262,18819.155707218364,9310.608074383268,3317.1471223820904,0.0
314.0,279.5655215481896,18724.231257972107,9248.450339850957,3313.9588458546878,0.0
315.0,281.30746998980106,18624.29174733146,9181.072476386515,3290.0948431580114,0.0
316.0,281.71557810325027,18525.061474413505,9112.440295814447,3262.0333506282936,0.0
317.0,282.0567027780339,18425.146202860484,9048.251469690993,3241.4401761914687,0.0
318.0,280.40601749428595,18327.078918806066,8991.293424031297,3223.127568392746,0.0
319.0,278.63581317329357,18229.011634751656,8934.314159694648,3211.4554098978247,0.0
320.0,277.2701046978193,18130.96972366324,8900.759465924064,3175.0460919367997,0.0
321.0,276.8590139044238,18032.056819723082,8854.503506239917,3147.484501230182,0.0
322.0,274.85417509276266,17940.053871207252,8798.745549304243,3113.556320164333,0.0
323.0,272.91583876401216,17848.663663670148,8747.896933102435,3075.575129467019,0.0
324.0,271.090073025127,17762.29171797895,8680.763419360996,3050.1924153399427,0.0
325.0,271.0652104802907,17670.56165023481,8621.775353723002,3016.9623658701207,0.0
326.0,271.0947282137522,17578.465055678156,8554.464719846708,2985.418846030696,0.0
327.0,270.7476425467939,17487.307967123255,8490.623629707548,2949.1886908514384,0.0
328.0,270.76120718563357,17390.565500399964,8442.55534182653,2922.575983204331,0.0
329.0,270.22411895767306,17298.878447732808,8369.321288150708,2895.9139041813482,0.0
330.0,269.82144357791253,17201.482551686175,8301.906734767643,2868.256173422219,0.0
331.0,268.69029155082535,17105.571024128294,8234.562963210543,2849.387261094286,0.0
332.0,269.6227806275761,17006.88406445957,8171.688034940047,2815.062381585456,0.0
333.0,268.02576873144307,16919.108770572457,8090.3461221996895,2787.407491346545,0.0
334.0,266.56927063795564,16828.11920968968,8010.1689654645,2757.7523136900795,0.0
335.0,264.7518516955241,16741.99908976647,7922.208055392606,2728.423096181905,0.0
336.0,264.7078579803234,16654.147345935937,7831.709884210303,2697.7284509911797,0.0
337.0,264.7192790900996,16562.269969538815,7744.414491002915,2667.0569201160924,0.0
338.0,264.5423901644557,16471.16921820417,7651.343283689106,2637.9320281896066,0.0
339.0,268.00427872780375,16374.739767645478,7558.694025026853,2613.3956644758046,0.0
340.0,270.5220630608395,16277.78621899127,7461.7314376927425,2586.2876326257956,0.0
341.0,271.45593245740406,16176.866219244219,7371.849083048415,2558.535824358297,0.0
342.0,271.0962511537026,16076.377918776481,7283.507702410908,2526.3826487884444,0.0
343.0,270.91601801850123,15975.375852493304,7196.046561131368,2495.7030587127674,0.0
344.0,268.5829131080132,15876.200002445366,10387.140161612166,2463.6896705811655,0.0
345.0,266.80070968448024,15779.608147159277,10304.205267949746,2439.767143993508,0.0
346.0,263.89067918111874,15680.646531355025,10225.540239649103,2409.51288504829,0.0
347.0,263.3736199736183,15578.691569492119,10149.701192365363,2387.3367344364683,0.0
348.0,261.5926790822646,15478.053293888182,10089.08580632396,2348.210273241067,0.0
349.0,260.1617328198784,15377.581893881239,10015.464191912572,2319.0877753015275,0.0
350.0,258.88083604096465,15276.736726255478,9943.011813140534,2294.1327314900645,0.0
351.0,257.54791384543654,15179.41527791416,9864.511518253095,2266.148809520039,0.0
352.0,256.2251536270097,15078.00793199278,9790.759839119177,2252.9944808691616,0.0
353.0,255.0598295985039,14976.135617186994,9715.82156762158,2244.163795580278,0.0
354.0,254.0278074515217,14873.782134760737,9642.818631270797,2216.0697244934563,0.0
355.0,253.5026285412857,14771.066855811729,9573.836115863847,2201.5467106026176,0.0
356.0,251.40125178454034,14670.615147653845,9510.710674118774,2165.052827143916,0.0
357.0,249.82354255478796,14574.14899121576,9446.456023477065,2129.227461383509,0.0
358.0,247.8296516324381,14478.910504957901,9379.396279545428,2096.301138675347,0.0
359.0,245.95411908721064,14384.525601515566,9310.046004736547,2063.217447456016,0.0
360.0,244.2269457145445,14290.259530253605,9238.862343331768,2030.942521315405,0.0
361.0,242.63057967303047,14196.132996931306,9165.142687098496,2004.7720691401569,0.0
362.0,241.13691850745107,14097.674769733374,9089.450583932405,1988.2802051222427,0.0
363.0,241.57181463556546,13996.805121826783,9012.441213607595,1965.3803829348367,0.0
364.0,242.6888279672795,13894.562643840549,8936.41165628813,1935.8287811959835,0.0
365.0,244.3885865004975,13790.850775833771,8865.051884657974,1903.3994745774767,0.0
366.0,246.56183239016497,13685.591416767968,10998.720596224115,1873.756552192287,0.0
367.0,247.04524330519246,13581.468465901882,10924.795320631934,1854.1005074673585,0.0
368.0,246.75561850176584,13477.715660148047,10851.79084100588,1826.2267322652126,0.0
369.0,245.2253937821319,13375.185856651759,10778.932090275972,1807.6471928487736,0.0
370.0,243.68340893572685,13272.656053155475,10706.802520157415,1782.8701805141955,0.0
371.0,242.1386616697782,13170.126249659188,14190.12029289417,1765.191672635549,0.0
372.0,240.6031462084208,13067.596446162905,14124.51372583234,2297.303415462811,0.0
373.0,239.0888450709215,16827.19997942853,14059.859679028692,2278.2567388770153,0.0
374.0,237.6072797715609,16727.274277922523,13996.96682593302,2259.90310196892,0.0
375.0,236.16893415867614,16627.348576416513,13935.8135079852,2257.9799163019775,0.0
376.0,234.78270717199447,14092.773614883212,14018.797674318244,2177.7016721640957,0.0
377.0,233.4456602836093,13990.264552911796,13964.32501242159,2165.2176709458,0.0
378.0,232.11456780751251,13888.42215760705,13911.100462530749,2149.1560368835358,0.0
379.0,230.7834753314158,17531.93558767127,13858.082278122367,2153.9971771895457,0.0
380.0,229.45238285531906,17437.437439011705,13793.107937906514,2139.6786620648154,0.0
381.0,228.1212903792223,17339.84815917265,20613.234291401655,2129.0923895225906,0.0
382.0,226.79019790312555,17246.69164912811,20544.99343963579,2114.9493993637348,0.0
383.0,225.45910542702876,20015.810748599688,20470.469935072157,2102.9655634522423,0.0
384.0,224.12801295093203,19927.516505307,20389.45135922808,2094.359440019455,0.0
385.0,222.82192047483528,19838.95184985738,20302.925906563112,2427.3146353565094,0.0
386.0,221.54997803942956,19746.02627120545,20224.317342473354,2414.7401137649013,0.0
387.0,222.11404433890442,19650.68927184488,20146.409422332494,2406.6916978014483,0.0
388.0,223.32005212351683,19553.93491525619,20292.311026001153,2314.7557703155235,0.0
389.0,223.9774422914241,19457.098292440387,20414.587091259516,2237.8834862829785,0.0
390.0,223.36952956491183,19362.57211884462,20336.679171118652,2220.066487232225,0.0
391.0,221.8644889682784,19270.279276946043,20258.771250977792,2206.8689149814063,0.0
392.0,220.29059860155647,19185.84017003339,20161.466367113026,2210.1154309556164,0.0
393.0,219.14400532716104,19100.853816441577,20053.650047349896,2267.9620069657412,0.0
394.0,217.48700371967306,19016.535557788233,19937.449637232105,2276.3592087374777,0.0
395.0,215.88409748121472,18925.486162789028,20077.490357277347,2178.476904140964,0.0
396.0,215.94447105066394,18832.95477393821,20401.302650137077,2020.2938209274437,0.0
397.0,217.4707475785564,18738.640019218426,20678.361428644646,1878.8020903505706,0.0
398.0,218.26602725945486,18649.428912580333,20962.08117881412,1738.4500450505043,0.0
399.0,219.99882217808005,18557.104651031255,21175.797953777248,2050.0022035825555,0.0
400.0,220.87125131962887,18465.473920152457,21202.76707418209,2599.0610578793057,0.0
401.0,220.6707138275296,22057.525388344882,21303.25226303836,2548.56465304159,0.0
402.0,219.12437415681515,21970.887924894178,21387.764422774977,2493.4992771273555,0.0
403.0,217.18699811947818,21884.84820067945,21459.4842102071,2384.223719380194,0.0
404.0,215.2952895123803,21798.94937184026,21428.26090261449,2435.2192279860897,0.0
405.0,214.0252442524124,21707.97991650291,21404.053526215524,2431.006521388648,0.0
406.0,214.4125052829853,21614.30779679869,21382.876032565706,2418.132507541919,0.0
407.0,216.02133445225667,21517.876847252643,21277.87866878159,3302.328492187549,0.0
408.0,216.41285148691745,21421.967975562016,21172.881304997474,3349.5196921047254,0.0
409.0,216.96891049396123,21324.924845920308,21067.88394121336,3394.9746454357064,0.0
410.0,215.091492350924,26552.359892005086,20962.886577429243,3473.3608375877284,0.0
411.0,213.14497007671787,26463.49081398703,20857.889213645125,3521.898601310115,0.0
412.0,211.15704420453164,26374.621735968976,20752.89184986101,3538.0433724848767,0.0
413.0,209.2651098966822,35052.133562354524,20647.894486076897,3586.239431562481,0.0
414.0,207.4570264725925,34967.4929065026,20542.89712229278,3602.018726533161,0.0
415.0,205.72333229547007,34882.85225065068,20437.89975850866,3585.5260348396746,0.0
416.0,204.09526479476207,34798.211594798755,20332.902394724548,3569.0333431461877,0.0
417.0,202.60045472543896,36540.25802975381,20227.905030940434,3552.540651452701,0.0
418.0,201.24760334679073,36455.86753760767,20122.907667156316,3536.047959759214,0.0
419.0,199.96387811434624,36371.477045461535,20017.9103033722,3520.7319240816983,0.0
420.0,198.70617666085417,36287.0865533154,19912.912939588085,3505.6211868589244,0.0
421.0,197.4484752073621,36202.69606116926,19807.91557580397,3688.9779739805485,0.0
422.0,196.19077375386996,36118.30556902313,19704.093212019852,3709.393195266752,0.0
423.0,194.9330723003779,36033.91507687699,19601.514055903222,3730.193096553511,0.0
424.0,193.67537084688576,35949.524584730854,19561.700146401636,3797.505876031889,0.0
425.0,192.41766939339365,35865.13409258472,19526.895211865813,3739.056195347822,0.0
426.0,191.15996793990158,35780.74360043858,19497.772360755484,3677.9951971200985,0.0
427.0,189.90226648640947,35696.353108292446,19399.515658502176,3661.9732768444032,0.0
428.0,188.64456503291734,35611.96261614631,19386.125723636862,3750.4395838063583,0.0
429.0,187.38686357942527,35527.57212400017,19293.021357761707,3733.56060952199,0.0
430.0,186.12916212593316,35443.18163185404,19378.89146223715,3599.3051681427523,0.0
431.0,184.87146067244103,35358.7911397079,19381.473972803993,3569.2140922262192,0.0
432.0,183.61375921894896,35274.400647561764,19383.468148268876,3586.8590625508973,0.0
433.0,182.35605776545685,35190.01015541563,19385.542090234096,3878.1589415895423,0.0
434.0,181.09835631196475,35105.61966326949,19298.312106251553,3904.9166632833935,0.0
435.0,179.84065485847265,35021.229171123356,19272.525297310807,3890.6487090302167,0.0
436.0,178.58295340498057,34936.83867897722,19248.89993764118,3912.629057494224,0.0
437.0,177.32525195148844,34852.44818683108,19161.66995365864,3914.6760822331394,0.0
438.0,176.06755049799636,34770.05769468495,19074.439969676096,3917.6787445463556,0.0
439.0,174.8098490445043,34687.66720253881,18987.209985693553,3921.0220924430455,0.0
440.0,173.5521475910122,34968.91307402904,18536.343638074646,3999.4420562061496,0.0
441.0,172.2944461375201,34886.522581882906,18443.238654092103,4010.4843539111444,0.0
442.0,171.04299468402803,34804.13208973677,18350.13367010956,4412.368406752129,0.0
443.0,169.80062032238533,34721.74159759063,18258.203686127017,4398.191989232072,0.0
444.0,168.89250577207378,34638.0548091482,18167.599259014307,4384.015571712016,0.0
445.0,168.1405051540743,34553.381660914776,18155.32458278501,4318.599042365917,0.0
446.0,167.43196843024919,34467.897637533286,18154.529124828994,4245.683604498272,0.0
447.0,166.65679053727837,34381.89897937739,18164.584376617975,4167.074436226635,0.0
448.0,165.36053937768213,34299.26613115624,18186.475667055092,4080.696455307372,0.0
449.0,164.03679209073917,34216.6332829351,18101.687956136757,4237.933029992338,0.0
450.0,163.10360243203013,34288.23679835032,17990.012225731447,4183.751793028522,0.0
451.0,162.1608654140566,34203.510256536734,17904.303644074538,4166.251568125238,0.0
452.0,161.21535414478686,34118.35707069442,18091.61684174958,3969.592200879284,0.0
453.0,160.60143800506376,34031.48235670176,18147.001748476825,3924.2543482963747,0.0
454.0,160.10639054203727,33943.24068574929,18201.246993329143,3968.877845687711,0.0
455.0,159.11544905425498,33855.851764173276,18255.222381111867,3902.8957097912808,0.0
456.0,158.22028698029018,33767.505912135224,18174.41363872915,3904.9868701036376,0.0
457.0,156.71657077363844,33682.858769233135,18166.97135665601,3880.7386440504592,0.0
458.0,155.7565562381361,33595.83211488365,18086.16261427329,3856.493905799394,0.0
459.0,154.4916439117115,33599.929917152156,17914.509450572717,3832.249167548329,0.0
460.0,153.2038156437022,33512.657073042865,17827.46381372723,3808.0044292972634,0.0
461.0,151.93434245106593,33424.748475285654,17740.418176881743,3784.3485597052763,0.0
462.0,150.21831969541523,33340.13144052474,17653.372540036253,3762.1100042412304,0.0
463.0,149.01715489311624,33253.45908899036,17566.326903190762,3806.37121254769,0.0
464.0,147.32270114401143,33213.34854626371,17434.140562278066,3942.901526621503,0.0
465.0,146.8703008720807,33123.22785601333,17340.78185671437,4057.3895454514986,0.0
466.0,145.89852205014873,33033.83738118579,17247.42315115068,4084.1326393037643,0.0
467.0,144.92674322821676,32943.646906358255,17154.064445586984,4114.790326823919,0.0
468.0,143.95496440628483,32852.65643153072,17060.705740023295,4097.52892482337,0.0
469.0,142.97068558435285,32760.865956703175,16967.3470344596,4357.368923104593,0.0
470.0,141.97390676242094,32668.275481875637,16875.163328895906,4385.695111601955,0.0
471.0,140.29155101741202,32577.577314740407,16784.17286882802,4412.193074621358,0.0
472.0,138.6475167868965,32486.879147605177,16749.7893052308,4358.408810366157,0.0
473.0,137.06259003842084,32396.180980469948,16717.53681699051,4305.290584684137,0.0
474.0,135.55714244115433,32305.48281333472,16688.597074608737,4250.304693438498,0.0
475.0,134.14861100508307,32214.78464619949,16662.64907218505,4422.749169315634,0.0
476.0,132.8506055155919,32124.08647906426,16638.324901957385,4406.623069313608,0.0
477.0,131.56278529431935,32035.38831192903,16614.765417764265,4411.262265889939,0.0
478.0,130.27496507304687,31946.6901447938,16530.084744049484,4430.379876676465,0.0
479.0,128.98714485177436,31955.621310991904,16348.95232299316,4446.99237311916,0.0
480.0,127.70557463050184,31866.92314385667,16317.327136279731,4428.7035116643265,0.0
481.0,126.43650440922931,31778.22497672144,16288.262728203246,4372.559173003145,0.0
482.0,125.52622164889107,31688.12680958621,16294.032977420695,5825.660223777733,0.0
483.0,124.9095042034616,31596.418277532764,16304.662126829484,5708.785208772964,0.0
484.0,124.02325123070776,31504.81834488795,16318.8031316378,5590.534741740697,0.0
485.0,140.7780104945854,31412.746223090122,16336.420178062084,5468.1241194518225,0.0
486.0,139.3621094790442,31321.75307290555,16295.702564373909,5744.213884779356,0.0
487.0,137.8572029457505,31230.759922720983,16255.373053904297,5779.375989265457,0.0
488.0,136.721561863487,31138.14073492066,16178.334804018454,5749.8171984993405,0.0
489.0,135.02294001247603,31046.68300256016,16101.296554132608,5838.793043037782,0.0
490.0,133.80468743262148,30953.362738458196,16024.258304246763,6051.43061535834,0.0
491.0,132.00565471108766,30861.372854171565,15947.22005436092,6089.340811697748,0.0
492.0,131.08275918055142,30766.29791059285,15870.181804475076,6712.838525910794,0.0
493.0,129.86185154837298,30671.396151886354,15794.318554589232,6692.76373133647,0.0
494.0,128.7244464219714,30575.663089127476,15719.777940411132,6697.608990440163,0.0
495.0,127.64313666141489,30479.147916919326,15698.43614183353,6651.792394034299,0.0
496.0,126.6380140261013,30381.814502789864,15685.044551217528,6572.081921921241,0.0
497.0,125.65513585790856,30285.62723917564,15680.180490085611,6486.048072531414,0.0
498.0,124.69407776629893,30190.58025827588,15683.248122858095,6130.399472207365,0.0
499.0,122.92199790146776,30112.67749958326,15715.842400351376,6116.629972219681,0.0
500.0,121.19754658886707,30034.965787487672,15767.670471802627,6181.162747810042,0.0
501.0,119.54439825366127,29957.4032245025,15801.844389766884,6111.651548676368,0.0
502.0,117.9856631973119,29866.40477351859,15837.440625414303,6046.272429685778,0.0
503.0,116.54091477859598,29775.406322534684,15819.812033476901,6013.157400556972,0.0
504.0,115.21946261686385,29684.40787155077,15791.64436516654,6000.989676498545,0.0
505.0,128.51425807650077,29593.409420566866,15718.142996141796,6018.142656739331,0.0
506.0,127.18962175197096,29502.410969582954,15644.641627117056,6021.615407136439,0.0
507.0,125.86498542744116,29411.41251859905,15600.063270079285,5989.929786505324,0.0
508.0,124.54034910291134,29322.414067615136,15526.561901054545,5990.172241510096,0.0
509.0,123.21571277838152,29235.444097541604,15453.060532029802,5976.200486653245,0.0
510.0,121.89107645385171,29173.519384043455,15354.513906429675,5962.9877985337525,0.0
511.0,120.5664401293219,29111.951326399223,15249.73562497563,5950.513597720777,0.0
512.0,119.26180380479208,29024.98135632569,15164.400593276663,5938.941848742786,0.0
513.0,117.98134650198762,28938.011386252154,15079.065561577696,5928.840909202996,0.0
514.0,117.79507028017994,28848.37594794923,14993.730529878729,5935.259328436169,0.0
515.0,117.86927534057884,28757.36799372374,14908.395498179761,5978.818234399176,0.0
516.0,118.16727127928482,28664.866871625345,14823.060466480794,6145.566289640771,0.0
517.0,118.64845736576956,28570.762699580242,14737.725434781827,6178.406700974504,0.0
518.0,118.5780694688262,28476.694201527724,14652.39040308286,6213.508533992496,0.0
519.0,118.60450563509869,28381.47616530564,14567.055371383893,6252.348396288702,0.0
520.0,117.27266897556981,28288.647395300126,14484.07266015049,6251.90642839384,0.0
521.0,115.95246663884264,28195.81862529461,14402.277812961034,6348.46812384496,0.0
522.0,106.14723231789458,28102.98985528909,14389.941647229,6482.864826211609,0.0
523.0,104.82258150279972,28010.161085283573,14344.396727733782,6458.679543480878,0.0
524.0,89.42785878925531,27917.332315278058,14265.086568202445,6441.7871438977245,0.0
525.0,88.14971243471217,27826.503545272542,14209.172344881514,6423.113946844209,0.0
526.0,86.91635890674114,27737.72976293212,14157.348384954126,6425.434633531112,0.0
527.0,85.73442043438705,27663.571956669446,14097.339078331057,6414.920411068793,0.0
528.0,84.56314783335687,27589.758058066516,14035.242318707084,6416.362107454496,0.0
529.0,83.40854189899336,27516.27219606155,13970.882743525131,6416.716034714853,0.0
530.0,186.71935415305157,27429.605851414814,13918.126626000932,6463.898229464272,0.0
531.0,186.22032062332582,27341.732593837456,13867.592207190486,6444.069671573997,0.0
532.0,185.8817748895288,27253.08256898076,13819.216503832573,6422.99342847574,0.0
533.0,184.71266790292563,27165.491354587495,13771.997833954623,6388.100549459319,0.0
534.0,183.50798010371003,27077.900140194222,13732.06989318984,6349.461129653554,0.0
535.0,182.24477168243072,26990.308925800957,13673.701023426904,6322.160070990773,0.0
536.0,181.57592959973528,26901.350143898817,13616.977209090983,6356.253354285237,0.0
537.0,180.13149430329813,26813.30568249643,13561.905190119693,6327.8680721110695,0.0
538.0,178.60700050640145,26725.261221094035,13507.15587163058,6369.90659365745,0.0
539.0,177.06915745334996,26637.216759691648,13452.715008761896,6365.979888098952,0.0
540.0,175.53490669282803,26549.172298289253,13376.179650959573,6172.20792285559,0.0
541.0,174.02434562110864,26461.127836886866,13299.644293157251,6274.297945643847,0.0
542.0,172.55723422745902,26373.08337548447,13223.108935354929,6299.760065873927,0.0
543.0,171.15216488705633,26285.038914082084,13147.748577552606,6302.340313609604,0.0
544.0,169.82561587187908,26196.99445267969,13072.388219750283,6293.025796809188,0.0
545.0,168.5631327782939,26108.949991277303,13000.250345507211,6283.818486230713,0.0
546.0,167.318258841963,26020.905529874908,12930.165741941342,6267.102905918773,0.0
547.0,166.0954229037194,25932.86106847252,12929.670686228299,6217.4661979815155,0.0
548.0,164.89820388499962,25844.816607070126,12909.368824867965,6177.46823469066,0.0
549.0,163.71198776021996,25756.77214566774,12889.790935226594,6166.802379934358,0.0
550.0,162.5257716354402,30447.15178951023,12823.751050254,6179.80019180568,0.0
551.0,161.33955551066055,30361.66025784554,12757.711165281407,6165.043858575312,0.0
552.0,213.65226944723807,30283.57949304721,12680.555130009268,6150.299761610695,0.0
553.0,212.49170451067812,30198.087961382516,12608.640245036675,6024.4128792968795,0.0
554.0,211.35303764908573,30112.596429717825,12536.725360064082,6006.673230557156,0.0
555.0,211.04562921900455,30026.30029975169,12464.810475091488,5988.933581817431,0.0
556.0,211.02884179645372,29939.484952184906,12398.770590118895,5971.193933077708,0.0
557.0,211.20594557565397,29852.08934293189,12333.905705146302,5953.454284337983,0.0
558.0,214.35242360126477,29761.187611297333,12408.285016773407,5880.504587524991,0.0
559.0,212.9846440523793,29675.37669384197,12364.356423396388,5850.678052713649,0.0
560.0,211.46005557083046,29589.565776386604,12303.274272602215,5790.843083288289,0.0
561.0,209.77573059939286,29510.59058773707,12233.291644588968,5770.941124963251,0.0
562.0,207.97178205175263,29424.779670281707,12210.70734743267,5761.070619024154,0.0
563.0,206.06156922896943,29338.96875282634,12169.436965053274,5738.359245659756,0.0
564.0,207.000070249438,29250.25147372338,12106.298355563282,5722.577183570383,0.0
565.0,206.040904067836,29162.796204836814,12076.272308737778,5715.94886127103,0.0
566.0,204.7611924431589,29075.190069238422,12031.576573580325,5716.6645632258715,0.0
567.0,278.7729551610566,28985.62452991666,11989.12457672128,5693.554284321013,0.0
568.0,277.7842266220552,28896.723693483924,11948.384809544681,5690.429611997023,0.0
569.0,277.8978237053816,28805.68230010846,11908.776878023402,5666.311933043118,0.0
570.0,359.0686877553743,28718.91959181483,11859.609842514956,5644.805326655999,0.0
571.0,358.5205940007658,28630.223530856012,11799.88080771046,5626.558614458628,0.0
572.0,355.36241049799867,28563.825548724395,11711.588277881092,5610.331159212559,0.0
573.0,352.24135308577985,28478.385236576192,11639.901594159952,5594.424155490781,0.0
574.0,355.0815838706859,28393.758450931648,11558.18347718905,5629.187902838715,0.0
575.0,355.3414256394218,28305.451274304578,11480.471167042822,5619.929690348173,0.0
576.0,353.5723575021147,28218.49888031327,11403.933856896596,5609.181487412136,0.0
577.0,352.255381579224,28143.988475998573,11308.881435468164,5598.688159161705,0.0
578.0,351.33569169026686,28055.53121438857,11239.386149660675,5627.472476597401,0.0
579.0,350.74334299795754,27966.17321048127,11172.558351891883,5612.804566874441,0.0
580.0,387.78653116131716,27876.137716676105,11117.16429919732,5663.578028853927,0.0
581.0,385.71262042614234,27787.533831412533,11065.91268079606,5665.346213874011,0.0
582.0,397.0760924443148,27680.684646360318,11018.25084325178,5663.332535106279,0.0
583.0,396.18580907698816,27587.28716236527,10993.856733272543,5652.737240110195,0.0
584.0,395.0059966396482,27495.133474633647,15147.905923715298,5676.298978267269,0.0
585.0,394.20581153888236,27414.256432446866,15108.956791475382,5657.573171079006,0.0
586.0,393.63073830012434,27334.13990002919,15061.633043736976,5645.742954994436,0.0
587.0,393.15164775477905,27254.979826855386,15018.752229572528,5619.744829671815,0.0
588.0,390.93432301350083,27178.806477658625,14967.333443092382,5601.685457699364,0.0
589.0,392.33725627306785,27094.066893888034,14906.139864163277,5583.512259453125,0.0
590.0,391.5933148839109,27011.821322989785,14840.352107120649,5558.226170238398,0.0
591.0,391.3326831128743,26921.93004228244,14765.952469788794,5539.799639157559,0.0
592.0,391.41032423301795,26831.113337679846,14691.552832456939,5518.503265301694,0.0
593.0,392.31564849874917,26738.57687988259,14617.153195125084,5497.206891445828,0.0
594.0,393.69353491073576,26644.47896548237,14542.753557793225,5475.990517589961,0.0
595.0,392.7791336413177,26554.164954493448,14468.35392046137,5456.462647246617,0.0
596.0,392.1026960810094,26463.13956315665,16670.465712347137,5438.446048473864,0.0
597.0,391.7794422099612,26381.90437870643,16594.15218330709,5446.907749911073,0.0
598.0,389.9187096254853,26292.69076015637,16522.94672061333,5433.0437947901255,0.0
599.0,388.10787538717466,26203.477141606312,16451.741257919573,5417.724838810057,0.0
600.0,387.8143001203408,26121.089018659633,16375.711865861287,5402.708236805683,0.0
601.0,385.9253638153575,26031.60873344291,16303.948588974305,5387.864626129027,0.0
602.0,386.09357320463687,25939.23428692642,16243.938624020237,5367.26678415466,0.0
603.0,383.98403817934735,25849.15701368187,16177.29242873993,5512.628148728529,0.0
604.0,384.16043705066545,25755.870196012595,16111.787522179531,5501.600336828302,0.0
605.0,382.49682272901356,25664.108463435907,16164.689285505978,5411.856323890949,0.0
606.0,382.3572796648483,25569.79719768403,16189.091420266921,5333.190477835811,0.0
607.0,380.6378353190057,25479.362198738934,16125.553639452039,5317.0979317552055,0.0
608.0,377.99420189510147,25391.12039475441,16062.203394208813,5308.82746172281,0.0
609.0,375.46342983103557,25324.682157080893,15978.23460420641,5292.993044485558,0.0
610.0,373.1559861306103,25247.554321549527,15896.408012597392,5287.405564772741,0.0
611.0,371.12999456934506,25159.312517565,15819.922223717018,5269.874741322422,0.0
612.0,372.6368732004638,25066.791969721446,15743.43643483664,5544.617709268187,0.0
613.0,374.0950653707903,24973.78007849735,15668.883552553973,5549.253493553935,0.0
614.0,376.48683725351566,24878.852834808888,17176.910867546758,5543.6517968713415,0.0
615.0,379.6431311389863,24781.833277241316,17118.985618817744,5528.219376130716,0.0
616.0,381.84295365275057,24684.721449364035,17120.40055315622,5464.704377956707,0.0
617.0,407.4958595324747,24585.856879433486,17123.416286834294,5400.038767563537,0.0
618.0,407.7848000702904,24489.287491538136,17128.101758371846,5415.413945334872,0.0
619.0,406.1907270210641,24396.213020096173,17072.176377906068,5405.85950885082,0.0
620.0,404.5148366906281,24313.378129182103,17070.06744280057,5348.087122597769,0.0
621.0,402.82449384827305,24221.7292361071,17071.83829855389,5282.525702810158,0.0
622.0,401.1538338299194,24139.363758732074,17001.609867505333,5260.149911758768,0.0
623.0,399.54305730804583,24047.714865657068,16934.438904005,5239.991006807893,0.0
624.0,398.7194692936604,23954.868080957982,16867.267940504666,5217.230683952652,0.0
625.0,398.9098876269934,23860.085433291213,16800.09697700433,5256.62528531442,0.0
626.0,415.0867413142582,23766.3166649419,16732.926013504,5257.604441894746,0.0
627.0,413.6184354853326,23673.505397491568,16665.755050003667,5265.3899440249,0.0
628.0,412.79996952732483,23579.33668299668,16598.58408650333,5364.924505250072,0.0
629.0,424.6617550595609,23484.47740623862,16531.413123002996,5375.739253356964,0.0
630.0,423.09529725851525,23390.986123250186,16464.242159502664,5387.600404787113,0.0
631.0,421.5078245076722,23297.494840261752,16397.54119600233,5673.674163734607,0.0
632.0,419.94872172254026,23204.00355727332,16333.51177533036,5677.486970033984,0.0
633.0,418.4382156347642,23110.51227428489,16273.393175300302,5678.4554203265725,0.0
634.0,416.9965723868965,23017.02099129646,16284.871975321343,5625.921299415301,0.0
635.0,415.64162631607627,22923.529708308026,16229.824305469594,5601.546831815461,0.0
636.0,414.3878902077179,22831.371758652927,20306.15543884508,5523.351263520215,0.0
637.0,413.1852111702931,22740.589190205763,20261.156354454557,5498.260766439338,0.0
638.0,411.98253213286824,22659.016661378904,20375.13827521349,5364.851508363156,0.0
639.0,410.77985309544346,22577.734579495303,20403.048337677512,5425.855673869696,0.0
640.0,409.59145977230435,22486.95201104814,20346.163826368916,5720.447484955964,0.0
641.0,408.43430166608,22396.169442600974,20290.90442455773,5713.736654370398,0.0
642.0,408.42528625033566,22302.78509600551,20242.384334393813,5688.729318099888,0.0
643.0,409.1817219829177,22207.08758371617,20306.75425441146,5588.10698001553,0.0
644.0,410.56529763031256,22111.640673962924,20340.725088350406,5507.483274128735,0.0
645.0,410.40630905316146,22020.97109857374,20292.470694573058,5482.7195767964495,0.0
646.0,408.96183558571596,21952.49467068851,20306.786672034144,5418.681766493995,0.0
647.0,407.37998070365444,21881.870624121904,20315.377103781528,5394.894498878412,0.0
648.0,405.6794079078262,21806.70636590022,20244.85993204308,5439.674008545273,0.0
649.0,404.7888146308262,21720.219568444816,20290.989252393072,5379.7232452666,0.0
650.0,404.92797315401117,21640.550388054864,20217.943810899884,5479.533139627945,0.0
651.0,407.02588818761353,21556.39969565237,20141.921684047047,5465.839926148865,0.0
652.0,407.98197043471265,21462.99672350551,20070.255409343037,5453.169251598608,0.0
653.0,408.2709201117282,21379.397988819946,19991.914436213756,5463.852766872151,0.0
654.0,407.56115469726615,21287.6912867889,19917.1852803597,5526.790949488456,0.0
655.0,407.0726204326106,21204.950515600678,19837.29268011767,5551.820035239918,0.0
656.0,406.6560131159148,21110.375699090073,19763.962621980692,5596.902849359549,0.0
657.0,407.5389136219426,21011.4932182036,19774.48411322362,5555.640293516264,0.0
658.0,406.4466666242403,20916.935136494158,19769.814798276922,5711.31137143347,0.0
659.0,405.3045674869313,20822.77336691177,19798.24985522891,5653.089143444695,0.0
660.0,403.96135691378134,20738.392033287597,19790.730649844547,5587.933201039283,0.0
661.0,401.0249741269498,20658.24732928593,19837.457507916784,5484.643217006151,0.0
662.0,400.1958929586861,20564.268305572354,19891.402985852663,5380.186882875521,0.0
663.0,399.12376982313805,20480.04302364465,19817.39802397893,6471.892421879852,0.0
664.0,398.72088217999647,20395.594786833382,19737.247055724634,6469.8819965441835,0.0
665.0,399.6242504463983,20308.58688355841,19654.305251504917,6758.3801272806595,0.0
666.0,399.2504649063446,20223.329311529058,19568.547121456457,6760.340313579761,0.0
667.0,401.40468506024064,20131.838672750822,19479.7909757156,6776.00832984092,0.0
668.0,404.0040878694428,20030.64966750928,19395.618068498006,6775.147509789947,0.0
669.0,404.74475898561354,19931.804609817544,19312.051307390913,6757.601805080146,0.0
670.0,406.2431067262793,19926.25867732633,19163.201216230715,6736.150804213742,0.0
671.0,408.162837262806,19822.704327628366,19081.407992044937,6715.893612955165,0.0
672.0,409.13043180635384,19765.881468191707,18967.477144080458,6707.071219196825,0.0
673.0,408.3953121675524,19665.577053567038,18952.18224682152,6659.424382656817,0.0
674.0,407.20168677985316,19591.760096286704,18919.08430113939,6614.151784857075,0.0
675.0,405.99110498318305,19491.12021028329,18905.619559701,6551.824252966962,0.0
676.0,404.78001075676286,19389.97022380176,18892.035087480523,6489.919723093742,0.0
677.0,403.9872711042837,19287.4233446393,18885.106270940953,6421.170866901228,0.0
678.0,402.84071017664667,19184.967941864823,18879.61795053803,6397.716890446916,0.0
679.0,402.3018774680936,19081.85594289058,18806.123498373792,6374.298784612377,0.0
680.0,400.1362624309889,18982.873690574255,18733.624967713266,6352.037348515679,0.0
681.0,398.0516651248894,18895.808817225257,18653.382165503033,6346.099556770526,0.0
682.0,396.0743899595482,18810.557176384675,18570.029573448475,6336.810306855271,0.0
683.0,394.2462349897137,18725.64318214431,18477.5689710866,6332.391209943318,0.0
684.0,392.6472944834815,18641.055246928063,18381.733603024088,6344.515011339625,0.0
685.0,391.28300559867864,18544.9560319216,18291.310224663503,6348.856038247309,0.0
686.0,393.5170038366793,18440.573406280215,18200.88684630292,6354.032205809398,0.0
687.0,393.7398390334572,18339.182502682852,18111.050967942338,6385.600507491177,0.0
688.0,393.3948351002817,18238.247718865525,18021.823403027698,6397.067525721694,0.0
689.0,393.15669647796045,18136.427113224032,17936.07777526723,6387.883710198968,0.0
690.0,391.5842161302019,18036.9731268784,17851.08253584948,6362.05013434247,0.0
691.0,390.4448606369125,17936.255467177183,17766.85729039099,6342.574744752333,0.0
692.0,388.6918716123143,17836.51367507383,17683.42254187657,6334.4227458508085,0.0
693.0,386.94518337885006,17736.77188297048,17600.082385223173,6325.797182366621,0.0
694.0,449.6240874674803,17637.030090867127,17514.88049980508,6337.058217609241,0.0
695.0,447.922403477127,17537.288298763775,17430.853614386986,6314.530810729301,0.0
696.0,446.3018055696405,17437.546506660423,17354.7952833311,6285.605687826213,0.0
697.0,444.7840247522782,17337.80471455707,17309.158291154516,6258.332888024421,0.0
698.0,443.3540770146805,17238.062922453715,17266.0079283031,6232.825073808995,0.0
699.0,442.0051302315206,17138.32113035036,17225.147098855305,6193.324796099867,0.0
700.0,440.67777773905874,17039.912671580343,17186.051037441604,6166.721948389601,0.0
701.0,439.3504252465967,16942.85468430306,17147.988108131998,6169.961754685922,0.0
702.0,438.02307275413483,16856.048431512354,17103.173512192592,6157.292122326776,0.0
703.0,436.6957202616728,16769.37395061649,17019.47171218034,6152.088351642649,0.0
704.0,435.3933677692109,16672.315963339206,16941.213256417315,6195.037917115941,0.0
705.0,434.12043413802576,16575.257976061923,16864.30028967543,6186.85797071757,0.0
706.0,434.8799342052244,16474.202079695297,16788.086897923386,6178.066310620747,0.0
707.0,436.0106158608746,16372.96743660212,16734.8047650155,6192.224109914631,0.0
708.0,437.4122829180694,16271.496518421885,16679.357005315163,6195.91532737206,0.0
709.0,437.7143794784798,16178.812588153525,16619.593553946517,6173.921396271062,0.0
710.0,436.22623135625815,16080.926635892743,16564.38952416175,6151.896109380826,0.0
711.0,434.6485905520057,15983.040683631958,16512.512678729832,6121.484942909502,0.0
712.0,432.9923391326785,15885.15473137117,16460.970256264754,6125.682245170255,0.0
713.0,432.4955806930338,15784.986929328888,16384.333742350984,6115.152217299627,0.0
714.0,432.4475909710857,15683.471997486155,16308.15052252007,6114.674136794249,0.0
715.0,432.84974993419945,15580.470701074957,16241.994357952572,6081.461987674352,0.0
716.0,433.6938348575194,15477.186046965726,16169.915612900837,6063.035419327776,0.0
717.0,434.9209588887727,15373.535319420864,16097.385586951283,6083.491554563607,0.0
718.0,435.7476623676672,15280.814337434133,16017.404337505339,6067.313469495097,0.0
719.0,435.07447936417964,15190.25210840254,15931.42124256232,6053.649112261291,0.0
720.0,433.65548783120977,15101.040574775176,15842.253196762833,6039.871423922386,0.0
721.0,432.2400933634153,15001.398546071614,15757.829427535255,6028.588517950043,0.0
722.0,432.15911799788864,14899.131492629083,15673.405658307678,6063.032521365562,0.0
723.0,433.1752738314421,14794.142606480389,15588.9818890801,6054.028357174435,0.0
724.0,434.6457237117261,14687.154926097153,15504.558119852523,6050.69995271349,0.0
725.0,434.04766389496876,14582.976307892486,15420.134350624945,6049.313853998502,0.0
726.0,432.4520268032821,14480.29485834897,15335.710581397367,6049.833376535955,0.0
727.0,430.7980928271414,14377.613408805453,15251.286812169788,6057.2652095755275,0.0
728.0,429.0999886802043,14274.931959261938,15166.86304294221,6062.915977356516,0.0
729.0,427.4519506852957,14172.250509718422,15083.026773714631,6051.56078802454,0.0
730.0,425.82100096120666,14069.569060174905,15000.387242877336,6043.557833580624,0.0
731.0,424.23104408129865,13966.88761063139,14921.891035882207,6034.476881648827,0.0
732.0,422.7057929613582,13864.206161087874,14844.767041457377,5953.379054779625,0.0
733.0,421.26696318725647,13761.524711544356,14791.238217853457,5935.533589951576,0.0
734.0,419.93313492336165,13658.84326200084,14739.887913948669,5915.4798233273,0.0
735.0,418.6904204992194,13557.495145790657,14722.98312316713,5866.051934965867,0.0
736.0,417.4803306993728,13456.147029580476,14709.243430209364,5807.088495177388,0.0
737.0,428.2316350567369,13364.95050611289,14711.372164495482,5734.643132734346,0.0
738.0,427.0428814289587,13263.602389902706,14660.455713544226,5734.131856641833,0.0
739.0,425.8541278011806,13164.92094035919,14607.167866902098,5755.958565642528,0.0
740.0,424.6653741734025,13067.588355089676,14551.338812085292,5734.22763101281,0.0
741.0,423.4766205456243,12983.130676664043,14489.080489565906,5708.618585791083,0.0
742.0,422.2878669178462,12900.180058119964,14446.501935738794,5668.914386403025,0.0
743.0,421.12054186149663,12822.893605023128,14378.317502365204,5647.844996765599,0.0
744.0,419.99354351440627,12737.79903172845,14347.944050203196,5595.160125750543,0.0
745.0,420.654715112643,12641.852951618448,14265.955093896559,5599.353271666061,0.0
746.0,422.6834956261882,12543.297641993517,14183.966233147225,5593.136056458773,0.0
747.0,425.25523326812095,12449.601839759895,14096.138467064178,5582.41277130181,0.0
748.0,426.07643359445973,12361.814456923212,14000.997536229897,5577.007209448606,0.0
749.0,424.66020611955025,12270.027793425124,13909.740767402012,5563.717144837483,0.0
750.0,423.1059739547119,12188.500151991742,13810.789732025598,5550.709882075186,0.0
751.0,421.4105306030154,12106.864542414389,13708.98217275716,5538.762891981121,0.0
752.0,420.7892281483774,12012.426723484543,13611.834549178457,5530.758103580629,0.0
753.0,419.53081028901994,11918.733957125694,13515.274425599753,5535.154195427517,0.0
754.0,419.7753673927228,11821.058550171678,13419.9150068447,5527.6050283982495,0.0
755.0,419.08276168341206,11724.22881575343,13329.223242519567,5516.431966897113,0.0
756.0,417.705885541064,11628.152723669411,13243.365029888879,5501.33658629142,0.0
757.0,416.3623558924786,11531.637375372906,13162.467309766125,5490.119078223786,0.0
758.0,415.0689744328457,11434.665987716538,13117.197254885657,5446.445960493613,0.0
759.0,414.92707754026964,11334.614338006417,13045.375612508631,5427.400869680269,0.0
760.0,413.18952611050514,11237.257962374044,12967.597048361942,5409.273284105842,0.0
761.0,411.07327518796194,11140.622821490075,12880.396557561418,5397.04662001933,0.0
762.0,409.5149614697495,11042.924345105173,12806.062434729418,5388.921833865663,0.0
763.0,408.0533626565866,10944.915532635603,12723.16618875904,5390.104351072474,0.0
764.0,406.7090343234495,10846.59192818523,12640.745052324668,5392.99745419578,0.0
765.0,405.0393214640412,10749.067581105517,12559.553560273831,5378.859726191814,0.0
766.0,403.4786776028108,10652.876567359137,12482.077017143394,5363.197612177899,0.0
767.0,401.96780215559255,10556.685553612759,12429.106522406366,5328.366562321466,0.0
768.0,400.5073779389856,10470.416222185131,12356.385621770918,5302.558979847337,0.0
769.0,399.11676004208175,10374.225208438753,12289.717320921744,5289.490708783477,0.0
770.0,397.82193297073405,10278.034194692375,12293.84386108961,5482.640494906953,0.0
771.0,397.1052669223126,10180.615110720184,12264.284763305355,5539.074983436732,0.0
772.0,397.1728691724511,17560.857656063683,12244.62771355841,5499.332015331284,0.0
773.0,398.28274504230114,17463.885219201653,12183.721245698447,5484.1491834102135,0.0
774.0,398.7890683380512,17368.238721569425,12174.536828475897,5434.453644718957,0.0
775.0,400.06686815728,17278.501153555226,12106.56019668984,5399.993502152622,0.0
776.0,400.83442493836844,17190.247391948455,12093.902545209845,5329.384900476386,0.0
777.0,400.6876576035923,17096.659870670133,12024.671987068568,5295.581762189448,0.0
778.0,400.39692564473626,17012.80263374528,11948.425234433838,5261.116462153709,0.0
779.0,398.8629681698478,16937.18081513595,11860.113517249914,5347.019634372393,0.0
780.0,398.6877189607755,16850.261497439,11775.42851119727,5383.7341518818275,0.0
781.0,396.9459721330126,16759.7238641527,11696.836879443183,5424.534917080485,0.0
782.0,395.88729667950867,16667.795834495984,11614.54862995954,5419.056042823101,0.0
783.0,398.20458302945394,16578.838016033566,11568.9295222597,5380.776260384959,0.0
784.0,397.9628609256938,16484.434658975104,11532.859784456825,5344.909737628088,0.0
785.0,399.0169021261549,16386.65374067941,11499.639335711008,5309.0974347123465,0.0
786.0,398.14704524531766,16299.203158650369,11458.087453236298,5267.694224604291,0.0
787.0,397.437047338981,16202.406479110781,11429.550792684648,5251.581560007681,0.0
788.0,397.82101954101205,16102.911508305579,11403.848042437241,5323.128121480296,0.0
789.0,397.29025617791854,16004.819973477417,11326.996537441395,5312.4465306906795,0.0
790.0,396.9050443944407,15905.799560728741,11255.936501843333,5426.417187979527,0.0
791.0,396.6442739816414,15811.382784147638,11228.43988881258,5395.585414806667,0.0
792.0,395.36839343078736,15712.39737271778,11158.717806465025,5372.365246317048,0.0
793.0,392.8510046967825,15615.345294621256,11139.646363509672,5415.159165880772,0.0
794.0,390.9476757124371,15517.563934658308,11117.111400026884,5367.7558614390555,0.0
795.0,390.1168958025605,15418.145989065139,11099.643805082667,5318.048204112477,0.0
796.0,389.7912910510209,15317.868090829197,11139.248521144156,5239.961720090284,0.0
797.0,389.94011850032666,15217.679578766689,11181.141602242937,5161.350605613449,0.0
798.0,390.30961647158273,15117.552178898088,11138.289546035609,5125.922536113958,0.0
799.0,388.80774635273553,15027.378963289146,11133.287523069752,5079.463439520012,0.0
800.0,387.3243260851229,14941.60815170741,11122.552805804522,5069.8652836891015,0.0
801.0,385.87404996063145,14857.158999747477,11062.649179315353,5044.133056910472,0.0
802.0,384.45083336248257,14792.609049182642,10973.002307211358,5031.771005744768,0.0
803.0,383.45734826341265,14708.639344936117,10892.944083230263,5003.85430389969,0.0
804.0,382.5028148310411,14617.238120693966,10820.779829611423,4976.433165598848,0.0
805.0,383.06778731680026,14524.031433084103,10734.06269999445,4957.564069467069,0.0
806.0,384.6805335255612,14437.521174289344,10642.196574189851,4969.379355517528,0.0
807.0,388.83358237486493,14345.513939548848,10548.008874980063,4965.842260199471,0.0
808.0,389.8310916770694,14257.328330016206,10456.367898766232,5008.970920916556,0.0
809.0,388.11830744128196,18922.690060175126,10375.323660943006,5022.076875135033,0.0
810.0,387.6839036322466,18829.259566795336,10299.404997320833,5051.972411298744,0.0
811.0,387.7753690211441,18733.5418168635,10238.152664026307,5053.9690701528925,0.0
812.0,388.24810453647893,18635.824084056036,10170.567785554606,5069.065094089099,0.0
813.0,387.3046867313701,18541.561406461708,10094.509036630665,5068.836013978327,0.0
814.0,388.40819642867876,18441.850347349995,10042.625021833792,5070.663636523929,0.0
815.0,387.0004782101873,18359.992164581134,9959.565211423305,5057.889661906588,0.0
816.0,385.62617633615974,18265.873558742576,9872.690265390322,5049.047079998319,0.0
817.0,385.0754379479565,18183.91361093825,9790.841371112007,5029.67198454524,0.0
818.0,384.7710560731079,18088.205443054416,9717.425799380962,4998.411614775396,0.0
819.0,385.2907983460242,18002.84159741893,9613.056450709657,4981.358896351516,0.0
820.0,385.1645900149122,17904.813988372112,9517.318549602018,4959.598041065725,0.0
821.0,385.09464531774756,17805.8083228872,9421.580648494379,4939.369091364421,0.0
822.0,385.8567412806202,17703.946943071885,9325.84274738674,4926.564383012026,0.0
823.0,385.7101285760714,17602.82072597033,9230.1048462791,4937.581224600427,0.0
824.0,385.5697989197669,17500.699491934967,9134.366945171461,4937.123972062656,0.0
825.0,383.2030340088305,17402.79768933984,9038.629044063822,4952.853182347659,0.0
826.0,380.92998819005913,17304.895886744715,8942.891142956181,4938.684280509016,0.0
827.0,378.8027051572112,17206.994084149588,8847.153241848542,4926.7601673379895,0.0
828.0,376.8722255969854,17109.09228155446,8751.415340740903,4943.580560861931,0.0
829.0,375.1823522071372,17011.190478959335,8657.244106299931,4940.584161632368,0.0
830.0,373.7315090276091,16913.28867636421,8565.449086726,4924.441554816434,0.0
831.0,372.3504514862021,16815.386873769083,8487.718866708368,4905.109050171596,0.0
832.0,370.96939394479506,16717.485071173956,8416.12602420637,4882.885476867151,0.0
833.0,369.58833640338804,16619.58326857883,12508.255335656791,4922.363458156287,0.0
834.0,368.20727886198097,16521.681465983704,12412.800035882818,4940.706639302301,0.0
835.0,366.826221320574,16423.779663388577,12318.550578494576,4936.082402032559,0.0
836.0,365.44516377916693,16325.877860793451,12283.35653644108,4971.552246267401,0.0
837.0,364.06410623776,16227.976058198321,12217.591327197992,4977.751115875677,0.0
838.0,362.68304869635296,16130.074255603198,12125.723148984267,4980.659209931931,0.0
839.0,361.301991154946,16032.172453008068,12064.087010628682,4983.506118945843,0.0
840.0,359.9209336135389,15934.270650412946,12005.665424747607,4975.813758437562,0.0
841.0,358.53987607213185,15836.368847817816,11974.353971130171,4960.510695513151,0.0
842.0,357.15881853072483,15738.467045222693,11935.45004905544,4947.852814547158,0.0
843.0,355.7777609893178,15640.565242627563,11872.502126594285,5067.855541881729,0.0
844.0,354.39670344791085,15542.66344003244,11828.369989402549,5054.16802117282,0.0
845.0,353.0156459065039,15444.76163743731,11813.042049414042,5050.097940191637,0.0
846.0,351.6345883650968,15346.859834842184,11852.219226808273,5017.289213798434,0.0
847.0,350.2535308236898,22922.516008780294,11798.485192017244,4999.5682433009815,0.0
848.0,348.8724732822828,22829.91286716356,11730.12310912553,4987.476971893875,0.0
849.0,347.4914157408758,22750.232788342044,11650.912491802004,4976.120144843159,0.0
850.0,346.11035819946875,22659.704175088722,11576.67540891029,4963.484138997366,0.0
851.0,344.7293006580618,22582.42835802551,11491.185529828459,4951.973842052841,0.0
852.0,343.3625288309404,22495.937079239848,11410.854519869226,4933.5832682617365,0.0
853.0,342.01217134769956,22422.367137097932,11319.674975478181,5031.7977575146015,0.0
854.0,341.53202531772934,22346.019632889143,11229.626017435166,5019.438979287224,0.0
855.0,340.6974940331247,22272.552385928822,11134.598903512551,5023.409938488006,0.0
856.0,340.5123832161698,22185.127496628633,11158.429630066406,4986.092504980956,0.0
857.0,341.5887971419152,22103.247014826942,11079.82498861164,4983.102013369439,0.0
858.0,341.8075929741261,22011.052688688425,11014.283544321592,4970.076449795939,0.0
859.0,342.41833608820485,21921.565651494733,10963.056378789159,4950.762322999783,0.0
860.0,343.3880415400001,21829.194222234124,10939.777579904647,4935.065478194873,0.0
861.0,344.6293928684382,21764.605927374563,10880.712751783773,4907.172387266718,0.0
862.0,345.9451707932471,21666.300214170282,10830.387348656932,4880.80336283523,0.0
863.0,344.715760843344,21576.105173763568,10770.815410236084,4869.519890765451,0.0
864.0,344.01218022400076,21482.90275398366,10689.121114707155,4885.429722723364,0.0
865.0,342.92626065857326,21401.400598822354,10707.717174588706,4842.399332568601,0.0
866.0,341.5186911177768,21307.36544345779,10657.944785218813,4820.776699549486,0.0
867.0,340.1865589763631,21217.574339772495,10611.81692546116,4819.497434603634,0.0
868.0,339.06598141458977,21128.064628229695,10664.068925859956,4777.818338040174,0.0
869.0,338.1694256014466,21067.55340551343,10610.732739103758,4750.4490725634305,0.0
870.0,337.4761988252406,20984.711855350968,10575.593938548784,4837.5606975232095,0.0
871.0,335.9799346256927,20892.679330860596,10526.418451116435,4830.902075488529,0.0
872.0,335.0301945838186,20800.325067253332,10481.739221739459,4801.956811372619,0.0
873.0,334.8348374130155,20704.33420930092,10424.291150295061,4780.7346886297055,0.0
874.0,334.1649448060475,20620.7687139899,10359.409329363623,4754.719612390388,0.0
875.0,332.8588704384631,20528.862848151777,10312.94062510747,4725.7708632971135,0.0
876.0,331.91047465431535,20447.170490496897,10261.997568207029,4701.545705336539,0.0
877.0,330.587870700226,9604.779633645296,10203.471809261044,4680.794627195672,0.0
878.0,328.8748630370464,9511.30942012904,10190.938384267783,4661.345994524817,0.0
879.0,328.0736285574558,9441.624249252078,10132.785127015286,4701.892782285256,0.0
880.0,348.0342425676269,9355.310667547274,10082.869357715676,4694.54134161532,0.0
881.0,346.2955508843117,9268.99708584247,10021.633664263485,4686.162735511173,0.0
882.0,346.13631138170064,9194.111889220561,9948.529482949507,4704.136139783985,0.0
883.0,344.27009527870047,9105.304678376868,9885.05364997153,4699.848490973173,0.0
884.0,344.26713418892825,9000.973289322385,9823.813903644304,4681.59336587307,0.0
885.0,344.261762260523,8893.048055359695,9765.79544776479,4679.042016766196,0.0
886.0,344.5138831884532,8788.643634707236,9718.204697884818,4656.552581977217,0.0
887.0,345.07962785084436,8677.460325781618,9685.572298141005,4783.849519476296,0.0
888.0,345.9938900697408,8630.412853008645,9634.709316250706,4758.3446561892315,0.0
889.0,345.9828896771052,8528.78090225514,9597.05818691772,4753.0764970046175,0.0
890.0,346.13566363149243,8511.838162160111,9521.303446275451,4727.78972763055,0.0
891.0,348.2828223024845,8389.246470578923,9455.196101356069,4714.385355849565,0.0
892.0,348.4226305788165,8299.93590984668,9391.630230463466,4688.611920246434,0.0
893.0,348.695951007552,8182.590179890702,9333.713366718883,4664.9526307048145,0.0
894.0,347.4831731039559,8073.070812794966,9282.206707228483,4639.61435885494,0.0
895.0,347.5103683276911,7952.100377326863,9259.856413281777,4608.576908047041,0.0
896.0,346.3442201952203,7837.917422934623,9257.907883196312,4570.5543706554145,0.0
897.0,348.20832462381765,7697.687872757931,9220.292085982943,5043.707124007387,0.0
898.0,349.69675029156963,7576.219054258977,9176.263550464695,5017.351584433453,0.0
899.0,348.50043496724015,7475.699075772897,9114.911829972149,5005.512137243122,0.0
900.0,350.03960614139146,7519.332365028172,8984.546753861347,5040.603861985498,0.0
901.0,347.92003472501665,7458.347538864352,8876.075274626506,5027.694875831152,0.0
902.0,345.9807468842384,7363.954116883117,8778.769788681913,5024.094027885885,0.0
903.0,344.8019924799121,7265.362762716283,8692.837122828194,5011.296505521189,0.0
904.0,344.9436430532658,7157.653390804857,8611.035801561975,5015.152182022533,0.0
905.0,344.3760765505172,7052.920021454409,8533.531223408245,5014.953902010607,0.0
906.0,345.29240871356575,6936.313952962075,8469.376481314119,4996.970883117341,0.0
907.0,348.09266351210994,6801.391529340526,8408.866893031707,4975.903852727177,0.0
908.0,346.9601626405978,6688.332592858784,8339.552367702832,4979.2641389765695,0.0
909.0,346.9680015059535,6565.000556338433,8285.752413474711,4955.250290449803,0.0
910.0,344.83716099502493,6475.580891682472,8216.46499778629,4933.1324646893045,0.0
911.0,345.1984658077151,6371.427726983247,8134.525842559084,4921.990766613666,0.0
912.0,343.83621254208305,6437.81880786583,7980.508870837013,4909.871805187851,0.0
913.0,341.3877992631563,6385.239916145903,7861.44259364071,4891.27923982076,0.0
914.0,339.0461180947895,6333.888368529556,7769.959639718636,4881.37476397726,0.0
915.0,340.20798720013255,6261.8151451243775,7660.955380887237,4858.693440237279,0.0
916.0,342.0502874199494,6147.574344167251,7564.847631604151,4837.912971059321,0.0
917.0,344.989244901063,6020.34576309192,7471.441799505295,4818.166761140473,0.0
918.0,347.88414660070123,5885.805460161867,12751.897705716376,4802.13978803178,0.0
919.0,351.13894126705816,5741.635269884053,12673.097381303654,4785.713423930808,0.0
920.0,349.73773215562136,5622.210631462296,12583.507750991554,4768.553318737517,0.0
921.0,349.8250738882334,5489.945884669036,12494.731185849534,4747.485650179988,0.0
922.0,346.91219619499407,5373.760224623207,12411.570079117279,4723.602476928251,0.0
923.0,363.5546483133208,5257.574564577379,12329.459717923153,4703.145889384626,0.0
924.0,361.08049763168225,5141.38890453155,12248.420829763014,4687.236637194004,0.0
925.0,358.8263944447929,5025.203244485721,12169.256539987633,4668.116025303943,0.0
926.0,356.85515121349204,4909.017584439893,12091.071002665749,4670.268119953034,0.0
927.0,355.21888870042125,4792.831924394064,12018.662004617843,4672.432104845705,0.0
928.0,353.7767247235218,4676.6462643482355,11941.704585496485,4664.911341214485,0.0
929.0,352.3893828958865,4560.460604302407,11865.838835119843,4654.42210997037,0.0
930.0,351.00364614838213,4444.274944256578,11791.084731803932,4641.890969952762,0.0
931.0,349.6179094008778,4328.08928421075,11716.503796816338,4623.416231231164,0.0
932.0,348.2321726533734,4211.903624164921,11642.872560601856,4603.022656618564,0.0
933.0,346.8464359058691,4095.717964119092,11564.35368535703,4597.90899939607,0.0
934.0,358.98182372692577,3979.532304073263,11491.40010138446,4579.908522093431,0.0
935.0,378.89571959306585,3863.3466440274337,11420.071781588587,4564.159819211747,0.0
936.0,377.5165509137345,3747.1609839816047,11352.336412981189,4546.240482720299,0.0
937.0,376.1373822344031,3630.9753239357756,11291.962156813654,4530.167663259886,0.0
938.0,374.7582135550718,3514.7896638899465,11243.53316278123,4513.983402107872,0.0
939.0,373.3790448757404,3398.6040038441174,11194.561171801424,4493.3869524509255,0.0
940.0,371.99987619640905,3282.4183437982883,11153.21708706846,4491.474271251153,0.0
941.0,370.6207075170777,3166.2326837524593,11110.518302533867,4490.748859253393,0.0
942.0,369.2415388377463,3058.04702370663,11068.304238195688,4501.073344773519,0.0
943.0,367.862370158415,2953.8699653291374,11028.273193638492,4511.16485366907,0.0
944.0,366.4832014790836,2917.8868930449657,10960.447799205514,4505.722970660179,0.0
945.0,365.12069946641896,2857.360153449739,10896.862648767576,4499.663503037302,0.0
946.0,363.789422596115,2850.7191328791655,10829.212402855086,4488.594784522787,0.0
947.0,363.5663886711163,2791.8768988995816,10765.297450547547,4478.111933514046,0.0
948.0,365.41781860770743,2719.080325431942,10689.56412687428,4464.808022223519,0.0
949.0,367.6118854198648,2641.77630659617,10626.406944867627,4449.278365808529,0.0
950.0,367.73643202692716,2542.577945800064,10558.225148289686,4426.6801685195505,0.0
951.0,368.4471035520553,2437.0394482477004,10502.513225604802,4400.656576998609,0.0
952.0,369.97964330587877,2323.7694009694483,10444.866724756663,4377.199948251896,0.0
953.0,372.24607108763047,2206.2559557817895,10384.815280989049,4354.695601836907,0.0
954.0,375.1249253400548,2084.2617348533317,10326.806770061903,4342.309726383125,0.0
955.0,376.76172140705165,1991.1926129387814,10255.658028945747,4325.69429502252,0.0
956.0,375.9689441827076,1909.5875481142136,10185.26412755271,4448.135834764127,0.0
957.0,374.12534500697296,1805.3912078946496,10117.904398857963,4433.101909865002,0.0
958.0,372.40116433349164,1701.1948676750856,10052.361119455669,4425.419160335821,0.0
959.0,390.7737062719916,1586.2493006293005,9992.173344289622,4409.142924301976,0.0
960.0,391.1441034346525,1466.5130124800291,9934.860418713353,4399.970855443875,0.0
961.0,391.03717906824295,1347.0954337995688,9878.647684258944,4394.452135247522,0.0
962.0,391.12405799968656,1223.6833876696764,9976.291491935637,4323.092841331115,0.0
963.0,390.1677792313371,1104.4401416396179,9918.061039858225,4310.818298479749,0.0
964.0,389.6057852149656,985.1414772423705,9860.732611900816,4313.719329249034,0.0
965.0,387.89717032427774,879.5128639493281,9803.555773311311,4306.030813996742,0.0
966.0,386.21309293284475,800.5168036035734,9739.710571105252,4447.257881465113,0.0
967.0,384.5594300852107,721.0507662494039,9672.964662550705,4439.769810058702,0.0
968.0,382.9804364354372,641.6720811623787,9603.086913867883,4427.878530383118,0.0
969.0,381.51562108721265,540.1118002478026,9539.222101203923,4429.218535045199,0.0
970.0,381.65434435515215,428.10660652214415,9475.951506295389,4417.805385524835,0.0
971.0,382.7404564976501,306.96947668676466,9420.824686862456,4400.258679873193,0.0
972.0,385.4422170864845,173.9933441756004,9360.898252365536,4383.171393598184,0.0
973.0,383.87580493934513,68.93060598246296,9302.408983484998,4369.193371269718,0.0
974.0,382.15740783834775,NaN,9256.137091679693,4362.296473069255,0.0
975.0,380.28336720365854,NaN,9198.867379984446,4342.682384019012,0.0
976.0,378.250438897081,NaN,9141.661049827897,4326.976169234981,0.0
977.0,376.2313486644501,NaN,9081.26318245658,4320.932227704191,0.0
978.0,374.2635268987625,NaN,9021.705270070668,4311.686014955471,0.0
979.0,372.3904768569599,NaN,8968.279046052736,4302.67285031588,0.0
980.0,370.652834729439,NaN,8916.049840499414,4314.9168261182795,0.0
981.0,369.08664147372997,NaN,13317.449529717029,4298.361363753652,0.0
982.0,367.71663435275076,NaN,13259.806207696092,4422.662610953428,0.0
983.0,366.44347814335936,NaN,13354.15730193747,4375.739610853086,0.0
984.0,365.1888533385066,NaN,13448.702949546874,4328.728871726949,0.0
985.0,363.93803583378514,NaN,13391.059627525938,4312.231742730911,0.0
986.0,362.6872183290638,NaN,13333.416305505001,4298.904442279785,0.0
987.0,361.43640082434234,NaN,13276.556316817398,4292.359584464193,0.0
988.0,360.18558331962095,NaN,13219.696328129794,4281.436733624785,0.0
989.0,358.93476581489955,NaN,13314.830755704505,4262.357205448413,0.0
990.0,375.47345477140584,NaN,13258.754100350234,4245.756154433445,0.0
991.0,374.24494726513916,NaN,13203.500283493442,4232.888768865774,0.0
992.0,373.0164397588724,NaN,13301.101842026033,4201.718571809837,0.0
993.0,371.7879322526057,NaN,13246.708984296314,4216.612500392873,0.0
994.0,370.55942474633895,NaN,13361.132113742711,4167.592331390704,0.0
995.0,369.33091724007227,NaN,13309.42151865895,4153.676215020742,0.0
996.0,368.10240973380553,NaN,13257.710923575189,4137.744779480983,0.0
997.0,366.87390222753874,NaN,13385.06506911646,4085.5302043385914,0.0
998.0,365.645394721272,NaN,13333.354474032698,4069.6053025906285,0.0
999.0,364.4168872150053,NaN,13281.643878948937,4054.3217548650105,0.0
1000.0,363.1883797087385,NaN,13229.933283865175,4045.294814305348,0.0
