"tick","Money avg. 1 Producers","Money avg. 2 Internationals","Money avg. 3 Wholesalers","Money avg. 4 Retailers","Money avg. 5 Consumers"
1.0,498.9379743631648,39914.6969746371,23450.070985119604,5588.086758327467,0.0
2.0,497.87594872632957,39829.39394927421,23400.14197023921,5576.173516654935,0.0
3.0,496.8139230894943,39744.09092391131,23350.21295535881,5564.260274982404,0.0
4.0,495.75189745265914,39658.78789854841,23300.283940478414,5552.347033309869,0.0
5.0,494.68987181582395,39573.484873185516,23250.354925598018,5540.484700728247,0.0
6.0,493.6278461789887,39488.18184782262,23200.42591071762,5528.6223681466245,0.0
7.0,492.56582054215346,39402.87882245972,23150.496895837223,5526.941853746819,0.0
8.0,491.5037949053183,39317.575797096826,23100.567880956827,5515.079521165197,0.0
9.0,490.4417692684831,39232.27277173393,23052.98886607643,5503.2171885835705,0.0
10.0,489.37974363164784,39146.96974637103,23005.409851196036,5491.354856001949,0.0
11.0,488.3177179948126,39061.666721008136,23427.83083631564,5394.03797796578,0.0
12.0,487.2556923579774,38976.36369564524,23380.251821435242,5381.7684823999525,0.0
13.0,486.1936667211422,38895.06067028234,23332.672806554845,5369.603935823272,0.0
14.0,485.131641084307,38813.757644919446,23285.09379167445,5380.699408327944,0.0
15.0,484.06961544747173,39532.45461955655,22437.51477679405,5392.506548546302,0.0
16.0,483.00758981063655,39451.15159419365,22381.444735906454,5404.965591274481,0.0
17.0,481.97889750713466,39369.848568830756,22328.528709465492,5398.02522733436,0.0
18.0,480.9502052036328,39288.54554346786,22983.251398837834,5257.888774414665,0.0
19.0,486.52984623346424,39197.24251810496,23649.27099128395,5115.080198778872,0.0
20.0,485.3274039299624,39115.13949274206,24288.571486375768,4976.50040676065,0.0
21.0,483.98151478624305,39033.03646737916,24488.63750011362,4917.073462064426,0.0
22.0,482.4688335182946,38950.93344201626,24689.659301223423,4857.186637872194,0.0
23.0,480.8048638530717,38868.83041665336,24776.67148641491,4817.741628912497,0.0
24.0,478.96252722892586,38786.727391290464,24729.46537990995,4802.544651824574,0.0
25.0,480.79631067166724,38698.78974800164,24682.25927340499,4787.398583827561,0.0
26.0,479.8830101776598,38613.86400262595,24635.053166900027,4772.252515830544,0.0
27.0,480.61031341284684,38525.88616056755,24587.84706039507,4767.288266015349,0.0
28.0,479.16912592936796,38440.09921286273,24540.64095389011,4752.142198018334,0.0
29.0,484.6839258635225,38343.13171558842,24493.43484738515,4736.996130021318,0.0
30.0,485.0647105892595,38255.906537816234,24446.228740880186,4721.850062024305,0.0
31.0,485.7141815167084,38167.06457311638,24399.02263437523,4706.70399402729,0.0
32.0,486.7024772933458,38440.016230217574,23988.17415591419,4691.557926030275,0.0
33.0,487.79475786896876,38348.8174913181,23928.28134573106,4676.4118580332615,0.0
34.0,488.8835687891532,38258.70733365408,23868.38853554793,4661.2657900362465,0.0
35.0,490.80514881655165,38213.88358302271,23761.486144211085,4646.1197220392305,0.0
36.0,494.4487530969781,38222.259166793876,23594.312512284676,4630.9736540422155,0.0
37.0,495.4837222280273,38153.19824411504,23499.23755545701,4615.8275860452,0.0
38.0,498.2484818966662,38054.202411294915,23506.88154908594,4586.192887128557,0.0
39.0,499.0378720856481,37958.07092476312,23516.765034930046,4556.17434462176,0.0
40.0,501.9892678696426,37856.8651440527,23514.248850039952,4528.434261133037,0.0
41.0,503.8359496532944,37805.64474216821,23462.816969595704,4508.058540975586,0.0
42.0,502.0636525798751,37706.74398399866,23457.31794997156,4487.733153893851,0.0
43.0,500.50964495745194,37606.6973129598,23453.045415706667,4467.104314291573,0.0
44.0,499.33876039895097,37507.49884752946,23376.741316740467,4451.272591940088,0.0
45.0,498.6727485965216,37406.991950803626,23301.612217774258,4435.466324134059,0.0
46.0,498.5658940801481,37332.48421831178,23200.88975991277,4419.68588552309,0.0
47.0,498.9224803909159,37229.35621343093,23262.21399346368,4383.68115282385,0.0
48.0,498.11499801565736,37126.82288035522,23394.356141393553,4335.094862533988,0.0
49.0,497.34453481480233,37023.51742670575,23507.282227348212,4290.0683226215715,0.0
50.0,496.6257593567881,36919.43427659731,23626.928783624135,4264.724996068309,0.0
51.0,495.9720491931045,36816.56896932167,23751.999543197293,4247.2430226556135,0.0
52.0,494.2785765211434,36716.64564873674,23882.282846781687,4228.848674318191,0.0
53.0,491.6458642326475,36637.66793075197,23870.590444530928,4232.854310568957,0.0
54.0,489.1614108781565,36558.66806794936,23853.569045749442,4237.138544432109,0.0
55.0,487.4480500719146,36469.64715126426,23764.1074379175,4255.722810141329,0.0
56.0,486.16402214743835,36370.733877297556,23739.31203474373,4258.788890930118,0.0
57.0,486.71871183431205,36269.20056983831,23806.449217683752,4229.178370090803,0.0
58.0,488.80848516931917,36164.84970951345,23878.655807002877,4198.959007362934,0.0
59.0,491.0813424750268,36059.20261590179,24024.27693387495,4148.853836595318,0.0
60.0,494.5892668116634,35951.62257496111,24174.779334289746,4090.4769309814274,0.0
61.0,498.85990139640376,35842.329842213716,24372.21379512361,4023.214231678981,0.0
62.0,502.43007848357695,35742.1008380019,24518.5282125892,3963.1337271622065,0.0
63.0,504.58356937668725,36514.62014404672,24560.162301681106,3920.9438126388573,0.0
64.0,504.10980748160773,36421.44438565771,24600.783099228895,3878.03297454506,0.0
65.0,502.61393264021524,36329.13863316999,24353.449248216177,3847.967247143292,0.0
66.0,501.6685689405647,36237.04844657738,24314.47011462467,3817.782570676651,0.0
67.0,501.6090347953585,36787.1779678695,24235.258626829618,3804.0538414410153,0.0
68.0,500.7224060986549,36696.485095131604,24175.634649323576,3785.5784789321524,0.0
69.0,499.06938453378234,36606.44077091024,24114.29944345248,3770.0814564264692,0.0
70.0,498.81909584867526,36509.185125640506,24058.22907465061,3935.3929663661247,0.0
71.0,498.28285567307694,36411.867221177585,24002.998124874714,3921.61919308666,0.0
72.0,498.43277460365016,36313.54103017597,23948.08366431457,3916.961879438135,0.0
73.0,499.4597951705946,36213.83083196849,23893.469868509397,3909.9324331318926,0.0
74.0,498.5902817906375,36115.27049254427,23815.54542553871,3909.112140880763,0.0
75.0,497.63619020981605,36016.48224855896,23737.620982568023,3908.7892906975694,0.0
76.0,495.63788579684245,35918.5014602192,23659.696539597335,3903.654744393456,0.0
77.0,493.67889864343636,35820.52067187945,23581.772096626646,3898.8791122096654,0.0
78.0,491.8240494559093,35722.5398835397,23503.847653655957,3889.159598582698,0.0
79.0,490.1098237810587,35624.55909519995,23425.92321068527,3879.4795576703373,0.0
80.0,488.544936449619,35526.57830686019,23347.998767714584,3862.7931365992554,0.0
81.0,487.01771325391746,35428.59751852043,23270.074324743895,3846.2171343673895,0.0
82.0,485.5223407534944,35330.61673018067,23192.149881773206,3829.7690959603524,0.0
83.0,484.0708853182105,35232.63594184092,23114.22543880252,3813.4446564083664,0.0
84.0,482.67386719385047,35134.65515350116,23036.300995831833,3797.209404878394,0.0
85.0,481.328284433561,35036.67436516141,22958.376552861144,3781.112215302669,0.0
86.0,480.0130860203944,34938.69357682166,22880.452109890455,3760.728777313793,0.0
87.0,478.6978876072277,34840.7127884819,22802.52766691977,3748.0816929883044,0.0
88.0,477.382689194061,34742.73200014215,22724.603223949078,3739.0531269031976,0.0
89.0,476.06749078089433,34644.75121180239,22788.89898414866,3735.7662541694954,0.0
90.0,474.75229236772765,34546.770423462636,22716.440803063335,3728.2242397314503,0.0
91.0,473.437093954561,34448.789635122885,22644.78627380675,3720.600970520826,0.0
92.0,472.12189554139434,34350.808846783126,22607.478227479707,3704.1088291222163,0.0
93.0,470.80669712822765,34252.828058443374,22572.56767404025,3684.5079748402377,0.0
94.0,469.49149871506097,34154.84727010362,22707.916756223436,3654.659066905768,0.0
95.0,468.17630030189434,34056.866481763864,22705.84417490025,3628.8006157751083,0.0
96.0,466.86110188872766,33959.552360090776,22705.356110815093,3601.919832884402,0.0
97.0,465.5459034755609,33862.914663256306,22690.59847889163,3572.762321655689,0.0
98.0,464.2307050623943,33772.546818832736,22651.915027366656,3549.395389480153,0.0
99.0,462.91550664922767,33682.260710494214,22619.619732493877,3518.396397693026,0.0
100.0,461.6169749027276,33592.052632410734,22568.756340807984,3492.6541233158364,0.0
101.0,460.34085729687797,33496.767342828,22502.52802386864,3474.7423792237855,0.0
102.0,460.17662500081804,33401.0661792787,22436.524943603148,3465.0733130761173,0.0
103.0,460.39497264992895,33310.28808678236,22384.453468866475,3446.2937960292466,0.0
104.0,460.71933394535654,33219.73012048625,22330.787401926824,3431.6557318093364,0.0
105.0,460.24685999524576,33124.617524553054,22261.414766516118,2724.881885468551,0.0
106.0,459.7517476103603,33035.54025496352,22187.27023711826,2726.4140664977285,0.0
107.0,459.18921818386247,32946.34420336997,22111.37836575886,2970.268986969698,0.0
108.0,458.5819703844725,32856.98220535558,22033.718095811848,2961.108933651628,0.0
109.0,457.0416997017853,32762.541407452707,21959.238276022144,3242.621621364259,0.0
110.0,455.50687997655194,32668.100609549827,21884.75845623244,3229.710513023155,0.0
111.0,453.99001778818376,32573.659811646943,21810.27863644274,3434.2454477585516,0.0
112.0,452.50659036702893,32479.21901374406,21735.798816653038,3422.8765614299273,0.0
113.0,451.0710285340457,32384.778215841176,21661.318996863334,3761.2290716990738,0.0
114.0,449.6961436923007,32290.3374179383,21586.839177073634,3755.6488050217595,0.0
115.0,448.3852690297821,32195.896620035415,21512.359357283935,3750.842292086555,0.0
116.0,447.08744437719054,32101.455822132535,21438.215251779944,3746.4969603454047,0.0
117.0,445.80545080663785,32007.01502422965,21364.411486561043,3741.428463145758,0.0
118.0,444.5414406129015,31912.574226326768,21300.319134807523,3715.0834264905807,0.0
119.0,443.2778237397063,31818.13342842389,21236.712832381952,3688.591791420958,0.0
120.0,442.01420686651113,31723.692630521007,21173.706187992404,3656.51187348688,0.0
121.0,440.750589993316,31629.251832618127,21111.29026681083,3628.1062100735035,0.0
122.0,439.48697312012087,31534.811034715243,21048.974866454573,3606.1481924565137,0.0
123.0,438.2233562469258,31440.37023681236,20986.754960882372,3591.8655757959414,0.0
124.0,436.9597393737306,31345.92943890948,20914.381853536754,3585.1960689101697,0.0
125.0,435.6961225005354,31251.488641006596,20842.008746191135,3579.24803419117,0.0
126.0,434.4325056273403,31157.04784310371,20769.635638845517,3573.9537085864167,0.0
127.0,433.16888875414514,31062.60704520083,20697.93396007133,3900.0061240892715,0.0
128.0,431.90527188095007,30968.16624729795,20626.915327317227,3883.9068633670618,0.0
129.0,430.6416550077549,30873.725449395068,20572.970418218425,3859.7122130484377,0.0
130.0,429.37803813455974,30779.284651492188,20520.030689107905,3835.42327615878,0.0
131.0,428.1144212613646,30684.843853589304,20468.09498493631,3811.085396076556,0.0
132.0,426.8508043881694,30590.403055686424,20417.15991116333,3805.635234131625,0.0
133.0,425.58718751497435,30495.96225778354,20366.365801503667,3805.4786444365654,0.0
134.0,424.3235706417792,30401.521459880656,20315.77622893599,3793.7822449256596,0.0
135.0,423.059953768584,30307.080661977776,20247.588689712615,3794.4608137146793,0.0
136.0,421.7963368953889,30212.639864074892,20179.401150489244,3787.211675393716,0.0
137.0,420.53272002219376,30118.199066172012,20111.213611265874,3774.25963381271,0.0
138.0,419.26910314899857,30023.75826826913,20043.026072042503,3757.1616341188164,0.0
139.0,418.0054862758035,31367.98640317107,19974.83853281913,3739.1423219850567,0.0
140.0,416.74186940260836,31274.76881966104,19906.65099359576,3728.564676508544,0.0
141.0,415.4782525294131,31181.55123615101,20550.476395276815,3713.673646309409,0.0
142.0,414.21463565621804,31088.333652640973,20483.58295521093,3699.2245203925017,0.0
143.0,412.9510187830229,30995.116069130945,20416.689515145044,3685.1201828201647,0.0
144.0,411.6874019098277,30901.898485620914,20349.79607507916,3671.3269669471683,0.0
145.0,410.42378503663264,30808.680902110882,20282.902635013277,3650.428639651068,0.0
146.0,409.16016816343745,31154.654078432566,20216.00919494739,3629.5674229886386,0.0
147.0,407.8965512902423,31061.45081472215,20149.115754881506,3603.8999262230423,0.0
148.0,406.6329344170472,30968.24755101174,20082.222314815623,3582.631710133551,0.0
149.0,405.369317543852,30875.044287301323,20015.328874749735,3561.7618976952795,0.0
150.0,404.10570067065686,30781.841023590914,19948.43543468385,3545.2125427101837,0.0
151.0,402.8420837974618,30688.6377598805,19881.541994617965,3532.9404242920928,0.0
152.0,401.5784669242666,30595.434496170084,19814.648554552085,3537.957752133343,0.0
153.0,400.31485005107146,30502.23123245967,19747.755114486197,3544.190722465777,0.0
154.0,399.0512331778763,30409.02796874926,19681.25334108698,3756.2214186153606,0.0
155.0,397.7876163046812,30315.82470503884,19615.147885507125,3762.145339332445,0.0
156.0,396.523999431486,30222.62144132843,19559.20869678886,3750.633279820621,0.0
157.0,395.26038255829087,30129.418177618016,19503.66419396511,3730.728080573272,0.0
158.0,393.9967656850958,30036.88158057427,19448.62425817058,3874.5178812438216,0.0
159.0,392.7331488119006,29945.028104579276,19394.186830169085,3853.065737571629,0.0
160.0,391.4695319387055,29857.877919713766,19335.34172100978,3837.384966283537,0.0
161.0,390.2142483988436,29770.843819472222,19274.705119315666,3821.741338464451,0.0
162.0,388.98830755226743,29678.990343477228,19206.246115891496,3812.2050176117273,0.0
163.0,388.30901059364635,29586.629520931718,19138.184706494747,3799.251729168853,0.0
164.0,388.90829893314117,29492.877549186185,19081.71288295924,3777.2182242658555,0.0
165.0,390.0947110924081,29398.059096769804,19665.65534498808,3903.1942157709354,0.0
166.0,390.6152172257767,29303.253451617078,19625.79215716314,3868.187383496514,0.0
167.0,391.33634567708935,29207.6887700605,19586.814779971966,3835.6788045923604,0.0
168.0,391.4382639752296,28738.30464768999,19548.424864396955,3802.713122866763,0.0
169.0,389.8407356110234,28643.68404794469,19504.068133040822,3778.644924587155,0.0
170.0,388.6164698693916,28555.622986754403,19644.538896028407,3769.761443084584,0.0
171.0,386.76954268877114,28468.11736438479,19591.103335145912,3757.506007258194,0.0
172.0,384.9494731107388,27718.70091140286,19514.868428830734,3756.761607363771,0.0
173.0,383.2033415595811,27623.531372199497,19444.327941880852,3759.319316922837,0.0
174.0,383.05446392328656,27526.079175539748,19373.78745493097,3759.567273631472,0.0
175.0,383.81953715121443,27426.667093872253,19303.246967981086,3756.68847864256,0.0
176.0,384.3231814763608,27326.614268303467,19232.7064810312,3751.1477727262723,0.0
177.0,383.68360330639246,27227.251364355525,19162.16599408132,3743.2859425772867,0.0
178.0,383.311490672162,27126.861340221192,19091.625507131437,3969.538342270972,0.0
179.0,381.2478152258517,27028.176177221525,19021.085020181552,3957.445437682401,0.0
180.0,379.98954092912453,26928.04927510119,18950.544533231667,3939.458412234546,0.0
181.0,377.7100582278411,26828.985143967046,18880.00404628179,3920.2343569045865,0.0
182.0,376.0792265488021,26728.977477595803,18809.463559331904,3901.1096074442353,0.0
183.0,373.881961774025,26629.65456915769,18738.92307238202,3882.10850464886,0.0
184.0,372.44498638815605,26529.36155390299,18668.382585432133,3863.2798754591986,0.0
185.0,370.52014150729985,26429.772572798225,18597.84209848225,3844.6672446816597,0.0
186.0,369.64722038723636,26328.78007467754,18527.301611532366,4213.487583834449,0.0
187.0,368.48871185061273,26227.949782926167,18456.76112458248,4204.71933855382,0.0
188.0,366.733268092806,26127.740969167375,18386.612304299266,4208.228663030182,0.0
189.0,365.0094628966162,26027.532155408586,18316.861231388535,4212.697239964058,0.0
190.0,363.3384065781129,25927.323341649793,18252.83985132703,4210.315244494976,0.0
191.0,361.74145540749436,25827.114527891004,18189.710938521835,4205.413705119966,0.0
192.0,360.2373159133677,25726.905714132216,18127.546653012414,4194.081200983501,0.0
193.0,358.8411218540255,25626.696900373427,18074.18575448467,4185.111171752988,0.0
194.0,357.49236281887255,25526.488086614634,17972.088555053815,4168.143775484226,0.0
195.0,356.1436037837194,25426.279272855845,17919.48831562479,4151.125998643299,0.0
196.0,354.79484474856645,25326.070459097056,17860.347938668427,4143.646253359423,0.0
197.0,353.44608571341337,25225.861645338264,17801.766884136792,4140.506521919267,0.0
198.0,352.0973266782603,25125.65283157948,17743.84547425051,4587.348477600087,0.0
199.0,350.74856764310726,25025.444017820686,17532.359685749794,4574.511251540584,0.0
200.0,370.91412166396077,24925.2352040619,17469.342151670106,4561.564639943891,0.0
201.0,369.6068380935603,24825.02639030311,17407.131365559337,4548.506474104102,0.0
202.0,368.2995545231599,24724.817576544316,17345.734925201865,4532.920128455392,0.0
203.0,366.9922709527595,24624.608762785527,17284.500164541834,4517.23522753401,0.0
204.0,365.684987382359,24524.399949026738,17223.422366671464,4501.653811408855,0.0
205.0,364.3777038119586,24424.19113526795,17153.53409613394,4489.661165125901,0.0
206.0,363.0704202415581,24323.982321509156,17084.23332559641,4500.930845329522,0.0
207.0,361.7631366711577,24223.773507750368,17016.10801885834,4517.984875442241,0.0
208.0,360.4558531007573,24123.56469399158,16959.22567779079,4526.091592067112,0.0
209.0,359.14856953035684,24023.35588023279,16915.84186835146,4531.88520739634,0.0
210.0,357.84128595995645,23923.147066473997,16883.651420023194,4517.597441674505,0.0
211.0,356.53400238955606,23823.93825271521,16853.426464951524,4512.183005798062,0.0
212.0,355.22671881915556,23725.743935447143,16824.500638199825,4489.110381317269,0.0
213.0,353.9194352487552,23634.692954233065,16790.47567232047,4473.511080621722,0.0
214.0,352.6121516783547,23544.766135307327,16744.662075799395,4456.454814674543,0.0
215.0,351.3334395365257,23455.701359770766,16692.45579093493,4435.157869057905,0.0
216.0,350.0922032724935,23368.938962555578,16629.276059352036,4417.942327904419,0.0
217.0,350.58250865709215,23280.4325625278,16552.746643835522,4403.85376708402,0.0
218.0,351.64361856258455,23196.488308409982,16475.681489468247,4388.805374825815,0.0
219.0,359.2236309081317,23104.14622333547,16399.06462956556,4373.497093373815,0.0
220.0,361.3671240680871,23003.9403135951,16325.71381898356,4361.697121363067,0.0
221.0,361.09823219300984,22905.719911227603,16244.573911092071,4351.070379878702,0.0
222.0,361.59596706235345,22805.565866084824,16163.434003200582,4340.851657747744,0.0
223.0,360.4278616097823,22707.161530323898,16088.366642024477,4332.394546182006,0.0
224.0,359.9665895425675,22607.199205147255,16007.22673413299,4334.401417814909,0.0
225.0,360.15494641617227,22505.380309925156,15926.6743262415,4337.29315118659,0.0
226.0,359.18744467302224,22404.121916649263,15846.717713658434,4339.72262284853,0.0
227.0,358.2067810162217,22302.200114313397,15772.437425184144,4338.144868425686,0.0
228.0,355.737353376153,22201.854897976922,15699.438342011528,4319.825971120773,0.0
229.0,356.17209863102926,22097.007802030024,15628.395443365549,4305.250691142125,0.0
230.0,354.1629115062099,21994.75426422693,15567.210051159922,4291.611209503965,0.0
231.0,351.6534174176085,21893.1673477693,15513.610123598683,4274.4583532775005,0.0
232.0,349.2721597136342,21792.58043131167,15460.974371550728,4256.278757699227,0.0
233.0,347.0623767024247,21693.011373701323,15403.625932757115,4242.497547473225,0.0
234.0,345.0830759151844,21600.1709534395,15335.210837187256,4232.473958514139,0.0
235.0,343.384848209354,21507.43221008468,15264.0572920468,4222.199675811412,0.0
236.0,341.98266745571846,21414.792617376264,15189.743144612617,4207.696694241362,0.0
237.0,340.6807476195289,21316.258833740227,15108.685845489152,4201.7021253258135,0.0
238.0,340.4765801487951,21216.134140982795,15027.628546365684,4194.948043781983,0.0
239.0,341.14609686073754,24891.49106852759,14946.571247242218,4203.6886119874125,0.0
240.0,342.28113628005536,24792.019689376004,14866.101448118752,4203.942242333625,0.0
241.0,343.8083892633173,24691.37582269615,14786.830971676804,4197.341473860886,0.0
242.0,345.43186922123954,24589.70196404667,14714.450399957745,4181.221650614786,0.0
243.0,345.99247882931024,24488.27028522943,14649.244074487124,4164.005450214091,0.0
244.0,344.4922039347104,22741.016402493085,14585.14703765835,4148.038310832878,0.0
245.0,342.92114046782893,22639.884075329566,14522.160821176098,4128.398136006511,0.0
246.0,341.3291185615568,22547.37859393333,14452.252343993787,4109.101463129209,0.0
247.0,339.7336086753336,22456.133590722442,14379.32996022773,4098.965471007367,0.0
248.0,338.1547471742407,22365.0707437666,14296.250479563043,4102.827314396634,0.0
249.0,336.6293781937421,22274.18411339341,14204.17923013664,4101.145944846951,0.0
250.0,335.1984067686096,22175.17282109065,14118.863062958102,4100.014829581077,0.0
251.0,334.8735894707854,22074.63690755499,14041.046109048499,4090.538680269265,0.0
252.0,335.8437280518419,21971.755524772707,13975.413567867068,4076.153349849603,0.0
253.0,337.1549735101197,21867.323563323727,13917.450916126556,4058.9974222900355,0.0
254.0,336.7802770222058,21764.178345810167,15785.088106831274,4050.4282965680422,0.0
255.0,335.8163912270077,21662.28844519135,15727.472256416093,4041.3667509726374,0.0
256.0,334.0801985087473,21562.15705193769,15670.648839801226,4030.9651585369797,0.0
257.0,332.3340904108318,21467.852542717636,15605.315124838125,4023.5055532415217,0.0
258.0,330.6264735786924,21373.76696091949,15533.821227713948,4013.8898792103737,0.0
259.0,329.007146609035,21273.635567665828,15463.900959055036,3957.1998896236455,0.0
260.0,327.51081043890326,21173.50417441217,15399.154166803191,3943.660050785812,0.0
261.0,327.6898452234123,21071.00611431999,15335.689461413767,3920.269303715351,0.0
262.0,328.35384445018605,20967.21059426274,15273.494061645803,3897.6269174209733,0.0
263.0,352.3994292658242,20864.405263220782,15212.100849001083,3874.292661458485,0.0
264.0,351.8113454732631,20761.079920840642,15150.96374661196,3850.0272633232867,0.0
265.0,351.3699811438141,24525.558123633265,15086.460865795407,3827.527198182494,0.0
266.0,349.7112007803444,24426.275739210032,15016.970195849377,3812.6490844170307,0.0
267.0,347.9610682288888,24326.99335478679,14947.479525903347,3800.6751063171105,0.0
268.0,346.227354560786,24227.710970363558,14877.988855957317,3788.4054579950334,0.0
269.0,344.5350745741464,24128.428585940324,14808.49818601129,3778.7706527168953,0.0
270.0,342.9125599365741,24029.14620151709,13875.007378432781,3768.959323524461,0.0
271.0,341.3859047881251,23929.863817093854,13800.77497417502,3763.8814668175783,0.0
272.0,339.97782687778,23830.58143267062,13726.542569917254,3765.9346273042006,0.0
273.0,338.6942259525332,23731.299048247387,13652.310165659492,3762.5337686685707,0.0
274.0,337.4608063094146,23632.01666382415,13578.077761401726,3753.6282962881514,0.0
275.0,336.2273866662961,23532.734279400916,13504.432857143964,3756.005752920141,0.0
276.0,334.9939670231776,23433.45189497768,13431.980283808647,3748.6372735722725,0.0
277.0,333.7605473800591,23334.169510554446,13364.780748247991,3737.1760698205017,0.0
278.0,332.5271277369406,23234.88712613121,13303.456470602006,3717.4753893075463,0.0
279.0,331.2937080938221,23135.604741707975,13245.310416343433,3700.436493176787,0.0
280.0,330.0602884507036,23036.322357284742,13191.91735350944,3681.7103310748134,0.0
281.0,328.8268688075851,22937.03997286151,13141.28021480185,3664.1620765691064,0.0
282.0,327.59344916446656,22837.75758843827,13090.401468497186,3645.0618463960964,0.0
283.0,326.360029521348,22738.475204015034,13031.350954434965,4149.984447364739,0.0
284.0,325.12660987822954,22639.9928195918,12968.241844062879,4142.185769991335,0.0
285.0,323.893190235111,22542.333426550857,12905.13273369079,4321.735201447976,0.0
286.0,322.65977059199247,22450.32856873295,12836.008969943023,4316.929280513449,0.0
287.0,321.42635094887396,22358.461996110145,12763.774849701374,4309.451762521892,0.0
288.0,320.21435987718405,22266.71464077518,12688.369786368086,4312.158113634517,0.0
289.0,319.03286809141866,22169.898060256728,12616.206552283118,4320.649516095507,0.0
290.0,319.2496708428493,22071.1881463974,12544.630818198151,4314.629952083186,0.0
291.0,320.0728860783556,21971.18906717877,12474.83592278874,4444.933791650374,0.0
292.0,322.72075587594446,24889.884725337215,12412.596793369297,4430.49850424552,0.0
293.0,323.2259570064464,24790.933387362813,14588.023669723554,4411.199751997936,0.0
294.0,321.76348089678834,24693.571227568595,14541.554549933466,4389.244006856153,0.0
295.0,320.1578598857206,24596.209067774376,14496.651785089132,4367.674594552661,0.0
296.0,318.4114902648527,24499.51357464683,14453.105998084253,4347.612742470702,0.0
297.0,316.6070087989335,24404.16198130552,14407.717222366611,4331.215345346607,0.0
298.0,314.81012245364343,24313.78942856586,14358.100309502577,4316.572247374522,0.0
299.0,313.0506666780989,24229.13546169615,14293.51293738205,4303.98944912099,0.0
300.0,311.35989074121306,24146.01772744836,14220.800268002333,4296.272982062311,0.0
301.0,309.7742445495648,24066.645535944655,14139.694442336615,4290.5731752038255,0.0
302.0,308.36470306387906,23983.564816487386,14058.638289888797,4283.976396027088,0.0
303.0,307.56772528832033,23892.566828517192,13985.079412984978,4274.196468212517,0.0
304.0,309.7251158336563,23798.100749674748,13909.179330923049,4267.416693574307,0.0
305.0,313.49739665439233,23700.681608320378,13833.825686453458,4261.894594961157,0.0
306.0,314.3892895569765,23604.952706193108,13758.070920914386,4255.363777255942,0.0
307.0,337.49971058567525,23509.452908927564,13682.84965097987,4245.655480630536,0.0
308.0,336.2276999139722,23414.60243106293,13605.40032012521,4242.801686162027,0.0
309.0,334.7764306237201,23319.531481976483,13530.348290452766,4366.030164567195,0.0
310.0,332.74299512321994,23224.933918405142,13452.898959598107,4354.477128402742,0.0
311.0,330.6458093997162,23130.3363548338,13375.449628743447,4345.783483538384,0.0
312.0,328.58539330460167,23035.738791262458,13298.470297888787,4332.86134186145,0.0
313.0,326.6323371276296,22941.14122769112,13221.972526132546,4321.294515604875,0.0
314.0,324.8324350105517,22846.54366411978,13148.35581145027,4307.587838424001,0.0
315.0,323.2273529066128,22751.94610054844,13075.771678399326,4295.302165815269,0.0
316.0,321.786633876969,22657.3485369771,13004.241775111324,4284.515095373998,0.0
317.0,320.4662352857415,22562.75097340576,12935.956264913777,4271.114256134264,0.0
318.0,319.21876209828474,22468.15340983442,12868.813300209367,4259.011919618693,0.0
319.0,317.9816394376188,22373.55584626308,12802.780503894744,4534.961666421182,0.0
320.0,316.744516776953,22278.958282691736,12737.77825547917,4521.954141994758,0.0
321.0,315.50739411628706,22184.3607191204,12673.47508355016,4506.827852617916,0.0
322.0,314.2702714556212,22089.76315554906,12610.230491069391,4491.415714897434,0.0
323.0,313.0331487949553,21995.16559197772,12547.81917374678,4484.237714357707,0.0
324.0,311.79602613428943,21900.568028406375,12486.284448594139,4475.092932881573,0.0
325.0,310.5589034736235,21806.637131501702,12425.160308432596,4463.18218678232,0.0
326.0,309.3217808129576,21713.383231105858,12364.739437509526,4452.91715889939,0.0
327.0,308.08465815229175,21625.36466408721,12296.78052808127,4445.262148174219,0.0
328.0,306.8475354916258,21537.416472768833,12226.533840408918,4442.10283297838,0.0
329.0,305.62916283095996,21449.580247992202,12154.266307488693,4437.449870505989,0.0
330.0,304.44152792115983,21357.01977870831,12086.280391406719,4452.606878652556,0.0
331.0,304.59326396369096,21262.708197109412,12020.16290714666,4558.779012351647,0.0
332.0,305.5226398139803,21166.974565484354,11959.325864542261,4542.980513109537,0.0
333.0,306.10778403253124,21071.039269934707,11905.362013998158,4525.1529700628835,0.0
334.0,306.84899407840766,20974.250163779623,11857.410135820606,4504.171901491104,0.0
335.0,306.702412100377,20877.87621984177,13757.011102117322,4485.492648273795,0.0
336.0,305.26235622437565,20783.355738182378,13703.23909765686,4470.781407040487,0.0
337.0,303.71127194742314,20689.513947747753,13650.50475709135,4464.845664614605,0.0
338.0,302.1518728662196,20599.765550266835,13596.270720961951,4455.653493289072,0.0
339.0,300.59984990370793,20510.745077495292,13538.673458198979,4444.949051309534,0.0
340.0,299.10066085673145,20422.50313308461,13474.809861128237,4435.856714185003,0.0
341.0,297.6880066235846,20335.323832769598,13483.134139184767,4380.722805255941,0.0
342.0,297.92149896693013,20246.828893996324,13415.182860741574,4370.419034264811,0.0
343.0,299.01603481103075,20158.009704658158,13345.563820511125,4356.59584309725,0.0
344.0,299.0250738443087,17866.090697790827,13275.89350599986,4342.293228314861,0.0
345.0,297.96514915273127,17782.63758235163,13201.571537003592,4341.442434988144,0.0
346.0,297.6792517799693,17693.316341156926,13128.178163935798,4329.186928100538,0.0
347.0,298.12560698552636,17597.71166540052,13057.736378928546,4316.408981423015,0.0
348.0,296.6074162438625,17504.37319629353,13062.524801761083,4257.269508000598,0.0
349.0,296.7118830469456,17408.128226511337,13055.72778131397,4205.291339464534,0.0
350.0,296.27583713983495,17311.684573343344,13051.48162368733,4153.736632638582,0.0
351.0,295.95737867345554,17214.878733612983,13049.991074250405,4117.5382294461215,0.0
352.0,296.05644680691057,17117.26332760104,13052.331647975308,4079.4979346144078,0.0
353.0,294.3720918241243,17026.31075096842,13053.868776999947,4040.41616521152,0.0
354.0,294.70040580285195,16931.902271474093,12990.761576979901,4037.5260393562176,0.0
355.0,292.23004203099055,16841.95343213136,12925.420944858108,4035.2629621078217,0.0
356.0,289.9373147345083,16747.737176354036,12862.716119365408,4032.469254016988,0.0
357.0,289.055766148755,16655.926016845104,12795.562866162276,4034.171214910227,0.0
358.0,288.7424495789328,16559.316411816588,12729.83377507091,4018.151888901014,0.0
359.0,288.84215985411316,16462.42120018708,11535.182309276172,4007.022946463133,0.0
360.0,289.3005152733301,16369.043144704172,11459.968188354756,4138.515921719769,0.0
361.0,290.5905960933125,16273.674460785289,11380.075767633643,4124.373236242785,0.0
362.0,291.42299823863726,16172.989553888303,11302.547948666133,4111.4003041681735,0.0
363.0,291.43911112356204,16072.551073218048,11225.020129698622,4100.247946493653,0.0
364.0,290.5929901369749,15972.602157192288,11147.492310731112,4091.090361561121,0.0
365.0,289.32540560553156,15872.730968158745,11070.904491763598,4081.2936384857503,0.0
366.0,287.69413025405134,15773.07683774428,10995.75196444118,4064.4318786769877,0.0
367.0,285.57362747826807,15674.073154907193,10925.294345680662,4046.251434352751,0.0
368.0,283.5669485947274,15575.069472070103,10857.777773453145,4038.2236812429187,0.0
369.0,281.7184955443331,15476.86578923302,10788.915024166403,4030.8707961806376,0.0
370.0,280.0691219462269,11477.083983728891,10720.616270158926,4025.1291356344814,0.0
371.0,278.6083990398255,11384.315012958014,10646.3361846588,4022.529251596165,0.0
372.0,277.23642166179644,11294.65519279772,10570.148579218712,4020.779337088102,0.0
373.0,275.9297286887166,11210.569929943578,10487.199738735622,4019.2064922797904,0.0
374.0,274.6542857156369,11134.22157094268,10393.067331568984,4018.4531688119077,0.0
375.0,273.44941959868595,11039.00520422489,10305.081111186435,4018.131347729306,0.0
376.0,274.46082773117615,10939.520918171946,10217.564890803886,4019.175171454355,0.0
377.0,278.1913232788863,10833.708081820616,10130.5305521279,4006.433958355931,0.0
378.0,282.93582272354945,10723.472325798472,10046.146363480031,3995.8294369311243,0.0
379.0,286.53714061910716,10612.282556692713,12218.99719560506,3984.8948111198893,0.0
380.0,286.6648163498111,10505.196870582196,12144.117969830033,3978.5641254766815,0.0
381.0,284.7894160794386,10400.784994420046,12071.318934705792,3965.355056281779,0.0
382.0,283.11359451471844,10295.500133778864,12000.942691133123,3951.0534434528727,0.0
383.0,281.8051537800995,10189.902805957881,11934.349850331631,3934.786801619405,0.0
384.0,279.42359987661473,10086.827806052643,11865.388780802763,3919.64351983942,0.0
385.0,277.1032271858522,9991.075414592953,11792.407529706283,3912.492932583216,0.0
386.0,274.902633287439,9895.471053301428,11716.32445770714,3907.238477302458,0.0
387.0,272.9067428847179,9794.464422041765,13967.961095146293,3904.217760355826,0.0
388.0,271.18432104294214,9693.457790782102,13888.93291591972,3906.5045966502776,0.0
389.0,271.5154240275569,9588.906665439987,13810.374736693146,3906.3053005910983,0.0
390.0,273.01334146668165,9481.47163433076,13732.296471483223,3907.029008953743,0.0
391.0,275.1032817642354,9371.52980062096,13656.660949509036,3907.3520194556877,0.0
392.0,276.25245526260386,9261.687493636586,13581.58154531502,3908.9602339450116,0.0
393.0,274.6787761989292,9155.847842189058,13507.579374531364,3910.800787604902,0.0
394.0,273.0358472931685,9050.00819074153,13435.174943665315,3903.546394462638,0.0
395.0,271.3400226441832,8944.168539294002,13365.627993913316,3889.88111399294,0.0
396.0,269.6647916310296,8838.328887846472,13390.690217533964,3778.841978139109,0.0
397.0,268.0342181303021,1318.1252508689574,13322.588138087613,3761.315781296358,0.0
398.0,266.473807611927,1206.9879975326055,13252.6322220765,3744.9409060971193,0.0
399.0,265.00676059054246,1097.2020081087219,13277.26934877216,3685.3249298334254,0.0
400.0,263.64100812857555,996.4342056273438,13203.923689322644,3680.6592748659527,0.0
401.0,262.3655582882475,898.4739114140245,13128.788517896104,3677.474352238989,0.0
402.0,261.1375885162204,803.3342382047272,13051.268781797422,3685.5582208864053,0.0
403.0,259.91180026868653,1096.2067484712625,12971.388637428483,3702.040743484154,0.0
404.0,258.6985120211527,1008.1779825761735,12887.48341690021,3720.889489627214,0.0
405.0,257.5263974650339,908.2109181978574,12806.867626104464,3731.1638458023244,0.0
406.0,257.35346402335506,804.4343552915379,12729.60357732731,3736.978742238632,0.0
407.0,259.1830665277951,691.9736778042852,12655.430906493044,3735.709585519311,0.0
408.0,261.35535103537296,577.2789957879236,12610.375296330854,3712.9026480734688,0.0
409.0,262.47318139215474,467.360475251404,12567.427560135999,3683.0258596173085,0.0
410.0,261.08688291701117,381.1438134292582,12522.038280502342,3651.1839691964947,0.0
411.0,259.64850606116585,307.3888907933665,12473.131856187778,3618.0354949956813,0.0
412.0,258.20511972320463,234.468310983148,12420.472517070626,3583.7049362334196,0.0
413.0,256.76433343862055,372.2222912231834,12370.261882320698,3552.952465563124,0.0
414.0,257.91461491810765,263.9973310100585,12289.663092237863,3446.712246061856,0.0
415.0,256.91303326274135,171.64724851286223,12209.702868736387,3444.419077585673,0.0
416.0,255.20364444078524,82.8880059987822,12131.348124619813,3438.7669045910884,0.0
417.0,253.31890803927678,NaN,12054.083160944523,3432.7057268964118,0.0
418.0,251.22104329968192,NaN,12011.150041063522,3409.137574470116,0.0
419.0,248.88612222172497,NaN,11967.896695632327,3386.2328819558925,0.0
420.0,246.56567821321795,NaN,11923.58317705724,3362.0294131597793,0.0
421.0,244.30813449729692,NaN,11880.619211896721,3365.4888625028075,0.0
422.0,242.17134595285933,NaN,11839.36125852616,3350.162880924329,0.0
423.0,240.20955086138517,NaN,11798.930202956466,3334.4932657610348,0.0
424.0,238.47113057565122,NaN,11727.56684508494,3743.1534185542746,0.0
425.0,236.9957577323024,NaN,14604.625532148231,3723.165511483922,0.0
426.0,235.68851873615256,NaN,14536.631306113411,3708.5019513270777,0.0
427.0,234.39012062625542,NaN,14504.508978045329,3790.37188007025,0.0
428.0,233.0917225163583,NaN,14440.137357833459,3793.473871788427,0.0
429.0,231.79332440646112,NaN,14408.935189418364,3773.2239709297164,0.0
430.0,230.49492629656396,NaN,14341.324095410731,3778.8878932501893,0.0
431.0,229.19652818666682,NaN,14278.920680870802,3775.7995411310517,0.0
432.0,227.89813007676966,NaN,14216.685255872779,3781.352610326264,0.0
433.0,226.59973196687253,NaN,14152.709226799696,3773.607134188875,0.0
434.0,225.30133385697542,NaN,14086.725392988421,3776.3833797817897,0.0
435.0,224.00293574707823,NaN,14056.067746442177,3755.310788749728,0.0
436.0,222.70453763718103,NaN,14027.417890850478,3747.1895188910235,0.0
437.0,221.40613952728393,NaN,14000.729681612187,3732.6986993246933,0.0
438.0,220.1077414173868,NaN,18640.525089402716,3712.8356758833584,0.0
439.0,218.80934330748963,NaN,18626.645879175325,3692.832937795437,0.0
440.0,217.5109451975925,NaN,19876.388332793613,3656.401383919516,0.0
441.0,216.21254708769533,NaN,19895.948854355993,3609.721209760834,0.0
442.0,214.91414897779816,NaN,19876.695319797636,3583.86048504311,0.0
443.0,213.61575086790103,NaN,19859.822499697242,3572.0774814519436,0.0
444.0,212.31735275800386,NaN,19884.88862144709,3536.1485753148113,0.0
445.0,211.01895464810673,NaN,19946.604713171775,3714.199101069002,0.0
446.0,209.72055653820956,NaN,20090.950857019132,3622.4613861261228,0.0
447.0,208.42215842831243,NaN,20247.94213614803,3529.4576263968106,0.0
448.0,207.12376031841526,NaN,20276.191413289394,3502.559576497998,0.0
449.0,205.82536220851813,NaN,20313.0392763861,3495.023484059277,0.0
450.0,204.52696409862097,NaN,20353.254378341768,3489.7229858512906,0.0
451.0,203.22856598872386,NaN,20353.980920181988,3960.6500687433354,0.0
452.0,201.9301678788267,NaN,20303.184338674117,4053.4632364880804,0.0
453.0,200.63176976892953,NaN,20252.38775716625,4080.3472256571927,0.0
454.0,199.3333716590324,NaN,20201.591175658377,4105.199470465631,0.0
455.0,198.03497354913526,NaN,20151.186260817172,4121.803883465288,0.0
456.0,196.73657543923812,NaN,20101.5661224861,4128.598464352745,0.0
457.0,195.43817732934093,NaN,20087.438651896337,4114.907671847558,0.0
458.0,194.1397792194438,NaN,20108.949334703568,4063.970835962348,0.0
459.0,192.84138110954666,NaN,20132.406317303088,4027.771187910387,0.0
460.0,191.54298299964952,NaN,20157.426678327312,4006.798036116817,0.0
461.0,190.24458488975236,NaN,20171.51367441873,3994.848956647124,0.0
462.0,188.94618677985522,NaN,20124.202176414434,4009.1278474054657,0.0
463.0,187.64778866995806,NaN,20076.890678410142,4114.0359981124775,0.0
464.0,186.34939056006093,NaN,20029.579180405843,4153.368749287052,0.0
465.0,185.0509924501638,NaN,19982.267682401547,4158.4088166261,0.0
466.0,183.75259434026665,NaN,19934.956184397255,4211.358693577614,0.0
467.0,182.45419623036946,NaN,19887.644686392956,4261.289590198538,0.0
468.0,181.15579812047233,NaN,19840.33318838866,4319.59371016965,0.0
469.0,179.85740001057516,NaN,19793.02169038437,4384.224469409227,0.0
470.0,178.55900190067806,NaN,19745.71019238007,4413.665682871353,0.0
471.0,177.2606037907809,NaN,19698.398694375774,4445.629696526537,0.0
472.0,175.96220568088373,NaN,19651.08719637148,4470.034341511237,0.0
473.0,174.6638075709866,NaN,19603.775698367182,4476.0284651126485,0.0
474.0,173.36540946108946,NaN,19556.464200362887,4470.739240654256,0.0
475.0,172.0670113511923,NaN,19509.152702358595,4465.423415864613,0.0
476.0,170.76861324129516,NaN,19461.841204354296,4452.638664518164,0.0
477.0,169.470215131398,NaN,19414.52970635,4439.853913171714,0.0
478.0,168.17181702150089,NaN,19367.21820834571,4427.069161825266,0.0
479.0,166.8734189116037,NaN,19319.90671034141,4414.364410478816,0.0
480.0,165.57502080170656,NaN,19272.595212337113,4401.742958605829,0.0
481.0,164.27662269180942,NaN,19225.28371433282,4397.931044128915,0.0
482.0,162.9782245819123,NaN,19177.972216328522,4394.648312003026,0.0
483.0,161.67982647201512,NaN,19130.660718324227,4391.787361949968,0.0
484.0,160.381428362118,NaN,19083.349220319935,4398.054505363341,0.0
485.0,181.96837549158042,NaN,19036.037722315636,4392.514471927403,0.0
486.0,180.66617470796834,NaN,18988.72622431134,4386.998891099686,0.0
487.0,179.36397392435632,NaN,18941.414726307048,4381.488855341368,0.0
488.0,178.06177314074426,NaN,18894.10322830275,4369.443910705485,0.0
489.0,176.7595723571322,NaN,18846.791730298453,4357.398966069602,0.0
490.0,175.45737157352013,NaN,18799.48023229416,4351.938932633664,0.0
491.0,174.15517078990808,NaN,18752.168734289862,4339.89398799778,0.0
492.0,172.85297000629606,NaN,18704.857236285567,4327.929043361897,0.0
493.0,171.550769222684,NaN,18657.545738281275,4315.964098726014,0.0
494.0,170.24856843907196,NaN,18610.234240276975,4319.99915409013,0.0
495.0,168.680758246396,NaN,18562.92274227268,4308.034209454247,0.0
496.0,167.37115109377999,NaN,18515.611244268388,4296.069264818364,0.0
497.0,166.06154394116393,NaN,18468.29974626409,4284.10432018248,0.0
498.0,164.75193678854794,NaN,18420.988248259793,4272.139375546596,0.0
499.0,163.4423296359319,40000.0,18373.6767502555,4260.174430910713,0.0
500.0,162.1327224833159,39914.61500144703,18326.365252251202,4248.20948627483,0.0
501.0,160.82311533069984,39829.230002894066,18279.053754246906,4236.244541638946,0.0
502.0,159.5135081780838,39743.8450043411,19285.393804994088,4224.279597003063,0.0
503.0,207.03191516468667,39662.46000578813,19237.652903192004,4212.314652367179,0.0
504.0,205.75635188427054,39581.075007235166,19189.91200138992,4200.349707731297,0.0
505.0,204.4807886038544,40299.6900086822,18982.171099587835,4188.384763095412,0.0
506.0,203.20522532343819,40218.30501012923,18932.08019778575,4176.419818459529,0.0
507.0,201.93680490016493,40136.920011576265,18881.989295983665,4164.454873823645,0.0
508.0,200.67874265751166,40055.5350130233,18831.898394181582,4152.489929187763,0.0
509.0,199.81870952327193,39971.45770677803,18781.8074923795,4140.524984551878,0.0
510.0,199.14812661804828,39885.36847091442,18731.716590577413,4128.560039915996,0.0
511.0,198.63705975834102,39796.967414085026,18681.62568877533,4116.595095280112,0.0
512.0,198.243537642043,39705.9695476717,18631.534786973243,4104.630150644229,0.0
513.0,196.92832346129188,39619.294544067285,18581.44388517116,4092.665206008345,0.0
514.0,195.56636556843793,39532.61954046287,18531.352983369077,4080.700261372462,0.0
515.0,194.15620820084175,39445.94453685845,18481.26208156699,4068.7353167365786,0.0
516.0,192.7024780068486,39363.26953325403,18431.171179764908,4056.770372100695,0.0
517.0,191.2128267143824,39280.594529649614,18381.08027796282,4044.805427464812,0.0
518.0,189.7348476327429,39541.49491066058,18262.274299237662,4032.8404828289285,0.0
519.0,188.28592876696146,39458.81990705616,18210.747905580505,4020.875538193045,0.0
520.0,186.88738031020054,39376.14490345174,18160.128545543488,4008.9105935571615,0.0
521.0,185.9263667997669,39290.77759215502,18246.606141605756,3899.419215327433,0.0
522.0,185.6442107744862,39200.11581055445,18331.9677834269,3789.946642465748,0.0
523.0,185.65290783421125,39110.42477498949,18367.86015134475,3716.260594598937,0.0
524.0,185.92337162601035,39016.411696253585,18317.80074037564,3703.478721755856,0.0
525.0,185.4726241229346,39161.339173579276,18221.338698241896,3690.6968489127753,0.0
526.0,216.49607882105676,39069.108695328585,18168.419651215918,3677.914976069694,0.0
527.0,214.94525298756193,39112.567251724846,18090.808892910693,3665.133103226614,0.0
528.0,213.85468275316322,39029.24186296039,18034.88772158747,3652.3512303835323,0.0
529.0,227.09213186087868,39024.89189465405,17963.6389208218,3639.5693575404516,0.0
530.0,220.44818695291676,38938.89190152034,17904.95835303563,3626.7874846973705,0.0
531.0,220.0526707788419,38849.09293811673,17846.277785249466,3614.00561185429,0.0
532.0,219.2626192083166,38758.44146892163,17787.597217463295,3601.223739011209,0.0
533.0,219.89854226725015,38659.458186249954,17728.91664967713,3588.4418661681284,0.0
534.0,220.12341103980143,38558.18004657672,17670.236081890962,3575.6599933250473,0.0
535.0,218.34388867678928,38461.16700774408,17611.55551410479,3562.8781204819666,0.0
536.0,216.80567137969356,38362.358249216246,17552.87494631863,3550.0962476388854,0.0
537.0,215.57670308758426,38261.53254191422,17494.19437853246,3795.150077946329,0.0
538.0,212.9810401179274,38165.344976032095,17435.51381074629,3782.4920292276583,0.0
539.0,210.6484602324951,38069.15741014997,17376.83324296012,3769.8339805089877,0.0
540.0,208.64829604254862,37972.96984426785,17318.15267517396,3757.175931790317,0.0
541.0,206.84059036806957,37876.78227838573,17259.47210738779,3744.517883071647,0.0
542.0,205.22330401359653,37780.594712503604,17200.79153960162,3731.8598343529757,0.0
543.0,203.8240973494729,37684.40714662148,17142.110971815455,3719.201785634305,0.0
544.0,202.46140973728578,37588.21958073936,17083.430404029285,3706.543736915634,0.0
545.0,268.5824568048164,37492.032014857235,17024.749836243118,3693.885688196963,0.0
546.0,267.31245151207787,37395.84444897511,16966.069268456955,3681.227639478293,0.0
547.0,266.04244621933935,37299.65688309299,16907.38870067079,3668.5695907596223,0.0
548.0,264.7724409266008,37203.46931721087,16848.708132884618,3655.9115420409516,0.0
549.0,263.50243563386226,37107.281751328745,16790.027565098448,3643.253493322281,0.0
550.0,262.23243034112375,38505.54709272331,16731.34699731228,3630.5954446036103,0.0
551.0,260.9624250483852,38415.19061048043,16672.666429526114,3617.9373958849396,0.0
552.0,259.6924197556467,38324.83412823755,16613.98586173995,3605.279347166269,0.0
553.0,258.4224144629082,38234.477645994666,16555.30529395378,3592.6212984475983,0.0
554.0,257.1524091701697,38144.121163751784,16496.62472616761,3579.963249728928,0.0
555.0,255.8824038774311,38053.7646815089,16437.944158381448,3567.305201010257,0.0
556.0,254.61239858469258,37963.40819926602,16654.271333959696,3554.6471522915863,0.0
557.0,253.34239329195407,37873.05171702314,16592.74009687684,3541.9891035729156,0.0
558.0,252.08905466588217,37782.69523478026,16531.208859793987,3529.3310548542445,0.0
559.0,250.83571603981028,37692.33875253738,16469.67762271113,3516.6730061355743,0.0
560.0,250.50529096135278,37600.582270222716,16408.53805229494,3504.0149574169036,0.0
561.0,249.20216928361998,37509.82578797983,16347.398481878754,3491.356908698233,0.0
562.0,247.84628972298194,37419.06930573695,16393.07709328075,3425.2897690704713,0.0
563.0,246.45138926917554,37328.31282349407,16331.937522864559,3412.2817203518007,0.0
564.0,244.9971357195476,37237.556341251184,16270.797952448373,3399.2736716331297,0.0
565.0,244.4713541343416,37145.27145618686,16209.658382032183,3386.2656229144595,0.0
566.0,242.85938105326377,37054.07828743503,17370.9218018368,3373.257574195788,0.0
567.0,241.1699760125005,36962.8851186832,17305.069041281884,3360.249525477118,0.0
568.0,240.47850622109695,36870.10844305043,17239.216280726967,3347.2414767584473,0.0
569.0,238.65106458853302,36778.462843767265,17173.36352017205,3334.233428039776,0.0
570.0,239.21962926761404,36683.120193515686,17107.51075961713,3321.2253793211057,0.0
571.0,237.26736702678824,36590.51829396062,17041.657999062212,3308.217330602435,0.0
572.0,237.01602373143163,36495.2440640221,16975.805238507295,3295.2092818837637,0.0
573.0,235.98237538993476,36400.26328102603,16909.952477952378,3622.231728617344,0.0
574.0,234.93839406176255,37536.45750893956,16844.09971739746,3857.844713821505,0.0
575.0,233.92559239854,37443.63147531544,16778.246956842544,3844.74333736725,0.0
576.0,231.5657741940575,37351.73095915882,16712.394196287627,3831.6419609129966,0.0
577.0,229.28681289474173,37259.830443002196,16646.541435732706,4183.901721973072,0.0
578.0,227.13796065364693,37167.92992684557,16580.68867517779,4170.643767691104,0.0
579.0,225.16857162058517,37076.029410688956,16514.835914622872,4157.385813409133,0.0
580.0,223.42148939261983,36984.12889453233,16448.983154067955,4144.127859127164,0.0
581.0,221.9309099340499,36892.22837837571,16383.130393513036,4130.869904845195,0.0
582.0,220.51711527068028,36800.32786221909,16317.27763295812,4117.611950563226,0.0
583.0,219.1033206073106,36708.42734606247,16251.424872403202,4104.3539962812565,0.0
584.0,217.68952594394096,36616.526829905844,16185.572111848285,4091.096041999288,0.0
585.0,287.20679846042844,36524.62631374923,16119.719351293366,4077.838087717319,0.0
586.0,285.8799654022073,36434.05913092594,16053.866590738447,4064.5801334353496,0.0
587.0,284.5531323439862,36344.8445135946,15988.01383018353,4051.32217915338,0.0
588.0,283.226299285765,36297.558416326,15880.232549565884,4038.0642248714107,0.0
589.0,281.8994662275439,36250.87710101886,15768.92514851531,4024.8062705894413,0.0
590.0,280.59763316932276,36161.66248368752,15697.179640504584,4011.5483163074728,0.0
591.0,279.3430180186871,36072.44786635619,15768.628568179309,3937.3532559761825,0.0
592.0,279.7363516941185,35981.094360135605,15817.118037988435,3872.924133115309,0.0
593.0,282.9627144199868,35885.47062507537,15867.346834115744,3807.674834645383,0.0
594.0,284.6200272035697,35790.95407435028,15919.284180608165,3741.6176763956214,0.0
595.0,286.8458443208359,35694.7705175498,15971.871476969782,3757.1967918578093,0.0
596.0,289.5169802437769,35596.78770059132,16025.076225707142,3680.2871868132115,0.0
597.0,292.41792163566026,35496.95561200649,15957.395777987658,3663.307713829198,0.0
598.0,290.80753131151704,35401.44772994947,15889.715330268175,3659.2969756947473,0.0
599.0,289.10112143654266,35305.93984789245,15822.034882548693,3598.998078108699,0.0
600.0,287.38269273531597,35210.43196583543,15754.35443482921,3598.656785019331,0.0
601.0,285.67998431198384,35114.9240837784,15686.673987109729,3599.140188176805,0.0
602.0,284.0241492930273,35019.41620172138,15618.993539390245,3600.4160737349775,0.0
603.0,282.4453840899159,34923.90831966436,15551.313091670763,3602.451618554015,0.0
604.0,280.97158927965097,34828.40043760734,15483.632643951281,3604.800318116329,0.0
605.0,279.6124522343681,34732.89255555032,15415.952196231798,3607.1313233269193,0.0
606.0,278.33900821468313,34637.384673493296,15348.271748512316,3589.8142105495963,0.0
607.0,277.13886771391395,34541.87679143628,15280.591300792834,3572.4970977722733,0.0
608.0,275.9698343805136,34446.368909379264,15212.910853073352,3555.1799849949493,0.0
609.0,274.8008010471132,34350.86102732224,15145.230405353868,3537.862872217627,0.0
610.0,273.63176771371286,34255.35314526522,17183.646360828498,3520.657759440304,0.0
611.0,272.46273438031244,34159.8452632082,17111.906012875726,3503.5676844609443,0.0
612.0,271.29370104691213,35548.25303586338,17040.165664922955,3506.456114237664,0.0
613.0,270.1246677135117,35455.1773888143,16968.42531697018,3510.0038917676357,0.0
614.0,268.95563438011135,35362.10174176522,16896.684969017406,3514.2986874611615,0.0
615.0,267.786601046711,35269.02609471613,16824.944621064635,3519.322625883995,0.0
616.0,266.61756771331056,35175.95044766705,16753.204273111864,3540.83241158998,0.0
617.0,265.4485343799102,35082.87480061797,16681.46392515909,3563.651800479303,0.0
618.0,264.27950104650984,34989.799153568885,16609.723577206314,3565.0307955846165,0.0
619.0,263.1104677131095,34896.723506519804,16537.983229253543,3567.2352853993916,0.0
620.0,261.9414343797091,34803.64785947072,16466.242881300772,3570.2330161543528,0.0
621.0,260.77240104630874,34710.57221242164,16394.502533347997,3573.991133515667,0.0
622.0,259.6033677129084,34617.49656537255,16322.762185395224,3578.0631842398634,0.0
623.0,258.43433437950796,34524.42091832347,16251.021837442451,3582.1192362415773,0.0
624.0,257.2653010461076,34431.34527127439,16179.281489489678,3566.540268398652,0.0
625.0,256.09626771270723,34338.26962422531,16107.541141536905,3550.9613005557267,0.0
626.0,254.92723437930684,34245.193977176226,16035.800793584132,3535.382332712801,0.0
627.0,253.7582010459065,34152.118330127145,15964.06044563136,3519.803364869876,0.0
628.0,252.58916771250608,34059.04268307806,15892.320097678587,3504.2243970269506,0.0
629.0,251.42013437910572,33965.96703602898,15820.579749725814,3488.6454291840255,0.0
630.0,250.25110104570535,33872.8913889799,15748.83940177304,3473.0664613411004,0.0
631.0,249.08206771230496,33779.81574193081,15677.099053820268,3457.487493498175,0.0
632.0,247.91303437890457,33686.74009488173,15605.358705867495,3442.0205256552495,0.0
633.0,246.74400104550423,33593.66444783264,15533.618357914722,3426.6708357733787,0.0
634.0,245.57496771210384,33500.58880078356,19197.10386895822,3427.345178593158,0.0
635.0,244.40593437870345,33407.51315373448,19143.72895713795,3429.0081203794366,0.0
636.0,243.2369010453031,33314.4375066854,19090.354045317683,3431.64184111493,0.0
637.0,242.0678677119027,33221.361859636316,19036.979133497414,3455.0779930356107,0.0
638.0,240.89883437850236,33128.28621258723,18983.604221677146,3479.717096627735,0.0
639.0,239.72980104510196,33035.210565538146,18930.229309856877,3505.640524902185,0.0
640.0,238.56076771170157,32942.134918489064,18876.85439803661,3532.3756014926566,0.0
641.0,237.39173437830124,32849.05927143998,18823.47948621634,3537.9209522049655,0.0
642.0,236.22270104490084,34287.36545775736,18770.10457439607,3314.3053017505736,0.0
643.0,235.0536677115005,34195.32711698596,18716.729662575803,3299.636137202162,0.0
644.0,233.8846343781001,34103.288776214555,18663.354750755534,3284.9669726537513,0.0
645.0,232.71560104469972,34011.250435443144,18609.979838935265,3270.2978081053398,0.0
646.0,231.54656771129936,33919.21209467174,18556.604927114997,3255.6286435569295,0.0
647.0,230.37753437789897,33827.17375390034,18503.23001529473,3240.959479008518,0.0
648.0,229.20850104449863,33735.13541312893,18449.85510347446,3226.2903144601073,0.0
649.0,228.03946771109824,33643.09707235753,18396.48019165419,3211.621149911696,0.0
650.0,226.8704343776979,33551.05873158612,18343.105279833922,3197.091985363285,0.0
651.0,225.70140104429748,33459.020390814716,18289.730368013654,3182.7094032014475,0.0
652.0,224.53236771089712,33366.98205004331,18236.355456193385,3188.356847605167,0.0
653.0,223.36333437749676,33274.94370927191,18182.980544373117,3195.097888244019,0.0
654.0,222.19430104409636,33182.905368500506,18129.605632552848,3202.9104485734906,0.0
655.0,221.02526771069603,33090.8670277291,18076.23072073258,3211.894668028325,0.0
656.0,219.85623437729564,32998.8286869577,18022.85580891231,3222.017061107566,0.0
657.0,218.6872010438953,32906.79034618629,17969.480897092042,3252.9472128873467,0.0
658.0,217.51816771049488,32814.752005414884,17916.105985271774,3285.2380511141637,0.0
659.0,216.34913437709452,32722.71366464348,17865.081073451507,3293.8812890873496,0.0
660.0,215.18010104369415,32630.675323872078,17816.505725970335,3280.7589452628627,0.0
661.0,214.0110677102938,32538.63698310067,18013.2481636177,3206.3071551562407,0.0
662.0,212.84203437689342,32446.598642329267,18220.384177071537,3128.733600962143,0.0
663.0,211.67300104349303,32355.893634891196,18171.808829590365,3114.5345887254434,0.0
664.0,210.50396771009264,32266.535059522066,18123.233482109194,3125.5311730998947,0.0
665.0,209.3349343766923,32189.40431363897,18042.052901853185,3136.7648219257844,0.0
666.0,208.1659010432919,32113.752452076842,17948.802006104543,3149.179993879346,0.0
667.0,206.99686770989155,32038.206447414603,17843.3681070487,2859.29988170909,0.0
668.0,205.84033437649117,31962.763914879786,17725.643915540968,2935.7406233214997,0.0
669.0,204.72455404700554,31876.136870561833,17631.73151806375,2922.7844428064864,0.0
670.0,204.46453761673004,31788.449220183276,17540.278714177955,2909.828262291473,0.0
671.0,205.85159929137632,31698.34272479512,17557.79724580666,2861.4036545976523,0.0
672.0,209.65927403787543,31604.03330166939,17582.947025134752,2810.621852143733,0.0
673.0,210.4262797288674,31512.248193674863,17615.6851136691,2757.4933934725686,0.0
674.0,209.7207785125418,31421.43867213048,17655.91435128623,2731.053174122131,0.0
675.0,208.00721653003555,31331.407618125417,17700.62299745679,2700.298706476559,0.0
676.0,206.1823646346312,31241.376564120354,17748.18526150567,2685.3991478456137,0.0
677.0,204.3144469108945,31151.345510115294,17667.566323563715,2710.2702563290104,0.0
678.0,202.43791339599431,31061.31445611023,17586.94738562176,2750.165458960698,0.0
679.0,200.59105612088615,30968.616713225834,17506.328447679804,1977.7609710386673,0.0
680.0,198.81240580639422,30876.5386237427,17425.709509737848,2011.2426653507905,0.0
681.0,197.13899742685976,30784.460534259568,17345.090571795892,2046.8768733175466,0.0
682.0,195.60453039591732,30692.38244477643,17264.471633853937,2084.0457741306727,0.0
683.0,319.5172685004003,30600.304355293294,17183.85269591198,2122.057669263433,0.0
684.0,318.316958858566,30508.22626581016,17103.233757970025,2134.5937715480813,0.0
685.0,317.1617380530114,30416.148176327028,17022.61482002807,2118.3191470164993,0.0
686.0,316.01680850224415,30324.07008684389,16941.995882086114,2103.1068967403025,0.0
687.0,314.8718789514769,30231.991997360754,16861.37694414416,2088.188077302658,0.0
688.0,313.72694940070966,30139.91390787762,16780.758006202203,2160.877909419327,0.0
689.0,312.5820198499424,30047.835818394487,16700.139068260247,2171.195972586238,0.0
690.0,311.43709029917517,29955.75772891135,16619.52013031829,2205.807108077675,0.0
691.0,310.2921607484079,29863.679639428214,16538.901192376336,2242.7648172904915,0.0
692.0,309.1472311976407,29771.60154994508,16460.63225443438,2254.9346126325604,0.0
693.0,308.00230164687343,29679.523460461947,16384.799530321314,2241.529045757521,0.0
694.0,306.8573720961062,29587.44537097881,16417.89248880418,2174.9208381142707,0.0
695.0,305.71244254533894,29495.367281495674,19978.757579272446,2104.9607992506444,0.0
696.0,304.5675129945717,29403.28919201254,19976.756165652325,2033.3893082057293,0.0
697.0,303.42258344380446,29311.211102529407,19978.532886205878,1958.668715813968,0.0
698.0,302.2776538930372,29219.13301304627,19981.98598268153,2011.1315945867575,0.0
699.0,301.13272434226997,29127.054923563133,19989.040231133084,1984.5977771768758,0.0
700.0,299.9877947915027,29034.97683408,19934.10847185391,2014.0641095359986,0.0
701.0,298.8428652407355,28942.898744596867,20167.379353342945,1756.0856778308234,0.0
702.0,297.69793568996823,28850.82065511373,20112.44759406377,4815.047777663237,0.0
703.0,296.553006139201,28762.742565630593,20057.515834784594,4846.412398126407,0.0
704.0,295.40807658843374,28676.71820217409,20002.584075505416,4886.867244872552,0.0
705.0,294.2631470376665,28621.943776658532,19918.507349539716,4910.895142833554,0.0
706.0,293.11821748689925,28552.988328613785,19836.861646103214,4915.53993194035,0.0
707.0,292.01078793613203,28484.406265683312,19748.809737349213,4939.494351615629,0.0
708.0,290.96555073351306,28400.486873481233,19669.911804806932,4942.682224646984,0.0
709.0,292.0169579655735,28312.43523840091,19591.01387226465,4946.646646490326,0.0
710.0,296.01077220839255,28217.096653738285,19512.115939722375,4951.370325127715,0.0
711.0,296.4315955323706,28126.52283798515,19433.218007180094,4956.7974349952465,0.0
712.0,294.91925690092853,28038.43655478454,19354.320074637813,4962.922812022067,0.0
713.0,293.18187400675606,27950.35027158393,19276.597142095532,4967.172121908971,0.0
714.0,291.86444243201106,27860.930512817693,19200.064666932696,4972.792274646054,0.0
715.0,289.64800669682705,27772.41751743608,19177.951455163082,4926.563048948705,0.0
716.0,287.424103017869,27683.904522054472,19157.79381179096,4879.488410990416,0.0
717.0,285.23903874920444,24197.57196599871,19140.128466886345,4830.151680643181,0.0
718.0,283.1484191960786,24106.324917260758,19125.590687655895,4774.545616984806,0.0
719.0,281.2054427956631,24015.077868522803,19113.402440223254,4716.432499210459,0.0
720.0,279.45870609275653,23927.83081978485,19103.979803177186,4654.598203749251,0.0
721.0,277.9496535691404,23844.637519434953,19032.586461008344,4653.716533767512,0.0
722.0,276.67774819259165,23789.867468203654,18946.981494280204,4655.765820485746,0.0
723.0,275.4375338452659,23735.47934292822,18855.31056457413,4658.516131685723,0.0
724.0,274.24731949794017,23652.286042578326,18772.088279460328,4811.253461687467,0.0
725.0,273.11829271386046,23569.09274222843,18688.865994346528,4820.590927281875,0.0
726.0,274.97951000323826,23474.222553364427,18605.643709232725,4831.03124562041,0.0
727.0,321.99400411509436,23373.663971087102,18522.421424118926,4842.549799815175,0.0
728.0,324.12570364117425,31633.51618487092,18439.199139005123,4857.098135085667,0.0
729.0,324.48837792924337,31538.956992773892,18355.976853891323,4872.221301396794,0.0
730.0,323.0244036795626,31447.311600703448,18272.75456877752,5015.363239978257,0.0
731.0,321.388961506145,31355.666208633003,18190.70728366372,5002.002276156963,0.0
732.0,319.58976059151837,31264.02081656256,18111.073592374374,4988.641312335668,0.0
733.0,317.781709672908,31172.375424492115,18068.3632736801,4939.656447702304,0.0
734.0,315.99369841257806,31080.73003242167,18146.23832284467,4770.323961687767,0.0
735.0,314.26135992673994,30989.084640351226,18110.07303875448,4713.857005174059,0.0
736.0,312.61898817599393,30897.43924828078,18077.141453592703,4671.202559440446,0.0
737.0,311.09816043999587,30805.793856210337,18047.372016035202,4629.745109257512,0.0
738.0,309.7260914956946,30714.148464139893,18019.221215031157,4585.155513212388,0.0
739.0,308.4771529375372,30622.50307206945,17991.19461659634,4537.973519615163,0.0
740.0,307.2978498336143,30530.857679999004,17918.5695948325,4600.540279631401,0.0
741.0,306.1185467296914,30439.21228792856,17845.944573068657,4595.353861658229,0.0
742.0,304.9392436257685,30347.566895858115,17775.669551304814,4590.017332630307,0.0
743.0,303.7599405218456,30255.92150378767,17707.774103786473,4585.309295384222,0.0
744.0,302.5806374179227,30164.276111717227,17876.885694205972,4351.802697882873,0.0
745.0,301.40133431399977,30072.630719646782,18051.38468526789,4113.4366629924525,0.0
746.0,300.22203121007686,29980.985327576338,18229.994694209516,4142.338417644207,0.0
747.0,299.04272810615396,29889.339935505894,18412.620267543367,3959.077705596773,0.0
748.0,297.86342500223105,29797.69454343545,18480.292911759818,3888.6809683686893,0.0
749.0,296.68412189830815,29706.049151365005,18550.394186768382,3846.014247608272,0.0
750.0,295.50481879438524,29614.40375929456,18491.108040007213,3918.793216574375,0.0
751.0,367.9724508341329,29522.758367224116,18433.051979072116,3975.580600714501,0.0
752.0,366.80024280864694,29431.112975153672,18494.768750528594,3915.5762732174703,0.0
753.0,365.62803478316096,29339.467583083228,18564.557367351084,3765.624842536212,0.0
754.0,364.45582675767497,29247.822191012783,18678.23360818869,3574.6851856128433,0.0
755.0,363.2836187321889,29156.17679894234,18802.094175176157,3372.533802399309,0.0
756.0,362.11141070670294,29066.531406871894,18899.09088505835,4160.11941860927,0.0
757.0,360.9392026812169,28980.9102906295,19004.69900377042,4056.132569392988,0.0
758.0,359.7669946557309,28908.663127723696,19100.39326438172,3969.2645795116005,0.0
759.0,358.59478663024487,28847.87980725149,19183.149508536622,3929.2573177831464,0.0
760.0,357.47257860475895,28775.902151413684,20570.92784981787,4011.5299560573876,0.0
761.0,356.4108336465318,28692.32862450675,20506.721387189467,4033.4703892035486,0.0
762.0,359.91579555309255,28599.691156896373,20442.51492456107,4080.5355520974467,0.0
763.0,362.24991546569197,28507.59782254694,20378.308461932673,4106.219736829968,0.0
764.0,364.0609528811774,28414.124122949666,20314.101999304272,4132.847643774817,0.0
765.0,362.4053991155451,28325.204209472326,20249.895536675875,4134.920166403304,0.0
766.0,360.45415546121797,28236.284295994985,20185.689074047477,4110.491840233847,0.0
767.0,358.1812557635023,28147.36438251764,20121.48261141908,4086.261197897262,0.0
768.0,357.4133910778956,28054.751120033146,20057.27614879068,4165.7621111628,0.0
769.0,354.6478105410107,27965.327764201204,19993.06968616228,4165.647058785728,0.0
770.0,351.9436901629758,27875.904408369257,19928.86322353388,4167.0137703391365,0.0
771.0,349.37526110129653,27786.48105253731,19864.656760905484,4169.995174792706,0.0
772.0,347.02059502298823,27697.057696705368,19800.450298277086,4174.2990725504105,0.0
773.0,344.9507870037731,27607.634340873425,19736.243835648685,4203.871927621368,0.0
774.0,343.2265927997693,27518.210985041478,19672.03737302029,4205.568408647231,0.0
775.0,341.83525005955596,27428.78762920953,19607.83091039189,4403.068621256282,0.0
776.0,340.51133794618255,27339.36427337759,19545.191114430156,4381.930001947862,0.0
777.0,339.1874258328092,27249.940917545646,19484.199726478753,4360.791382639442,0.0
778.0,337.86351371943584,27160.5175617137,19501.361627285565,4263.224262271253,0.0
779.0,336.53960160606243,27071.094205881753,19525.652024041716,4158.649427025343,0.0
780.0,335.215689492689,26981.67085004981,19555.88554928919,4047.748946278073,0.0
781.0,333.8917773793156,26894.247494217867,19591.840461161013,3949.822051440573,0.0
782.0,332.56786526594226,26808.870029369824,19550.391022697026,3975.6713023931534,0.0
783.0,331.2439531525688,26740.14096885301,19499.242413621945,3949.374725526211,0.0
784.0,329.92004103919544,26671.745936096515,19429.61700702279,3936.6667809120113,0.0
785.0,328.646128925822,26603.678935989818,19355.766375480285,3953.902570952017,0.0
786.0,327.4410489461818,26520.392429460917,19287.967288177606,3970.5748810847167,0.0
787.0,329.3669667988571,26431.01490171915,19220.168200874927,4390.20317888352,0.0
788.0,332.50221979666895,26337.803415711973,19152.369113572244,4392.067874345902,0.0
789.0,336.5864494865395,26240.433318102325,19084.570026269565,4420.588218317939,0.0
790.0,340.886314080877,26139.45478236526,19016.770938966885,4441.683080698381,0.0
791.0,340.19244653987414,26044.97151586331,18948.971851664202,4437.256482017075,0.0
792.0,338.36380294384446,25951.704803847933,18881.172764361523,4433.845824936483,0.0
793.0,336.2513747376196,25858.43809183256,18813.373677058844,4449.3734312931565,0.0
794.0,334.03536455064204,25765.171379817184,18745.57458975616,4447.449349738248,0.0
795.0,331.8260396135438,25671.904667801806,18678.297724675704,4494.394926269742,0.0
796.0,329.67526428013116,25578.637955786427,18611.552771948405,4496.076961433917,0.0
797.0,327.63748878555765,25485.371243771053,18701.474485887775,4381.048819468947,0.0
798.0,325.76410659072525,25392.10453175568,18794.303239108423,4252.52112299841,0.0
799.0,324.1010140033064,25298.8378197403,18727.558286381125,4244.778014278554,0.0
800.0,322.6800906292698,25205.57110772492,18660.813333653827,4263.36147120847,0.0
801.0,321.4284516056449,25112.304395709547,18594.068380926525,4386.181170709195,0.0
802.0,320.1863296981201,25019.037683694172,18528.890094865896,4409.73224375532,0.0
803.0,318.9442077905953,24925.770971678794,18465.398899340318,4390.893916408697,0.0
804.0,354.1616687064564,24832.50425966342,18451.12951941674,4336.488502610341,0.0
805.0,352.95467867372685,24739.237547648045,18442.998957479896,4278.917687790915,0.0
806.0,351.7476886409973,24645.970835632666,18440.885001940645,4217.3482905029605,0.0
807.0,350.54069860826775,24552.704123617295,18445.137513608366,4227.87354794483,0.0
808.0,349.33370857553825,24459.437411601917,18455.626712835634,4182.781968640275,0.0
809.0,348.12671854280865,24366.17069958654,18471.17002562776,4126.379506824834,0.0
810.0,346.91972851007915,24272.903987571168,18490.29138466793,4053.8219203305202,0.0
811.0,345.7127384773496,24181.63727555579,18493.07277845418,3991.9390717639103,0.0
812.0,344.50574844462005,24092.37979271126,18440.949637607573,3970.5487185442753,0.0
813.0,343.29875841189045,24014.556678864865,18381.203584095536,3949.6141207630344,0.0
814.0,342.0917683791609,23936.786329890972,18317.505687335168,3929.7480152547173,0.0
815.0,340.8847783464314,23847.528847046444,18257.531139362316,3910.451170140256,0.0
816.0,339.67778831370185,23758.271364201915,18197.556591389468,3892.3096195626636,0.0
817.0,338.4707982809723,23669.013881357383,18137.582043416613,3896.8839106981536,0.0
818.0,337.2638082482428,23579.75639851285,18077.607495443764,3935.7207422482293,0.0
819.0,336.05681821551326,23490.498915668322,18017.63294747091,3940.339349851176,0.0
820.0,334.8498281827837,23401.241432823794,17957.65839949806,3945.1690381061326,0.0
821.0,333.6428381500541,23311.98394997926,17897.68385152521,3950.8248286936896,0.0
822.0,332.4358481173246,23222.72646713473,17837.709303552358,3957.294840691861,0.0
823.0,331.228858084595,23133.4689842902,17777.734755579506,3939.113000427274,0.0
824.0,330.0218680518655,23044.211501445672,17717.760207606658,3923.7608941048998,0.0
825.0,328.81487801913596,22954.95401860114,17657.785659633802,3908.697745813042,0.0
826.0,327.6078879864064,22865.696535756608,17597.811111660954,4015.260597956034,0.0
827.0,326.4008979536769,22776.43905291208,17537.836563688103,3999.692779233232,0.0
828.0,325.1939079209473,22687.18157006755,17477.862015715255,3984.956529654862,0.0
829.0,323.98691788821776,22597.92408722302,17417.8874677424,3970.8074920139466,0.0
830.0,322.7799278554882,22508.666604378486,17357.91291976955,3957.2319390329344,0.0
831.0,321.5729378227587,22419.409121533958,17297.938371796696,3944.2151246094554,0.0
832.0,320.3659477900291,22330.15163868943,17237.963823823848,4265.392770719842,0.0
833.0,319.1589577572996,13509.609334853645,17177.989275850996,4253.36626119065,0.0
834.0,317.95196772457007,13417.07361700424,17118.014727878144,4242.780793685686,0.0
835.0,316.7449776918406,13324.537899154835,17058.040179905292,4232.336860872815,0.0
836.0,315.53798765911097,13232.00218130543,16998.065631932444,4281.665777008668,0.0
837.0,314.3309976263814,13139.466463456025,16938.874417292926,4271.003020508213,0.0
838.0,313.12400759365187,13046.93074560662,16880.483499600174,4260.675590102672,0.0
839.0,311.9170175609223,12954.395027757215,16855.497568768875,4231.130531553309,0.0
840.0,310.7100275281928,12861.85930990781,16832.080197207546,4201.916813391087,0.0
841.0,309.5030374954633,12769.323592058405,16810.55514419195,4171.82517806512,0.0
842.0,308.29604746273367,12680.787874209,16791.326984882628,4192.901063261831,0.0
843.0,307.0890574300042,12596.323670040289,18434.541258544672,4180.290691107093,0.0
844.0,305.8820673972746,12533.91146322513,18383.27197977173,4167.476270080677,0.0
845.0,304.6750773645451,12471.893511284314,18330.232398496904,4149.065869806034,0.0
846.0,303.51808733181554,26193.7146535578,18280.712222764356,4129.525591130579,0.0
847.0,302.40714173262666,26108.55812811551,18252.617616412186,4091.9913750554942,0.0
848.0,305.34587923454256,26013.362141923055,18219.05659075499,4058.073111417074,0.0
849.0,306.76330015462247,25919.909470721635,18162.19640271581,4058.957421725601,0.0
850.0,308.35987020931293,25823.909929842244,18105.336214676634,4060.9341703304203,0.0
851.0,308.4941032669384,25729.164783993045,18048.476026637458,4063.825352533423,0.0
852.0,307.66663914027976,25635.269846524752,17991.615838598278,4067.5046554212154,0.0
853.0,306.5102526063444,25541.15358170116,17934.7556505591,4071.6951522039594,0.0
854.0,304.6483800260143,25447.988050576256,17877.895462519922,4078.4137239222846,0.0
855.0,302.75108895575806,25354.822519451358,17821.035274480742,4060.5275765888955,0.0
856.0,300.8520673198131,25261.656988326453,17764.175086441563,4122.325135248326,0.0
857.0,298.99109241493596,25168.49145720155,17707.314898402386,4114.584218616392,0.0
858.0,297.2077235975418,25075.32592607665,17650.454710363207,4107.058311085084,0.0
859.0,295.5396287845095,24982.160394951745,17593.594522324027,4100.438757341019,0.0
860.0,294.0206901603203,24888.994863826847,17537.32183428485,4113.140372192275,0.0
861.0,292.65380597063324,24795.829332701942,17481.660688397318,4074.143647216392,0.0
862.0,291.4113804285752,24702.663801577037,17443.596321790108,4104.507474769947,0.0
863.0,290.21556817956554,24609.49827045214,17408.151201962588,4096.539069071459,0.0
864.0,289.0197559305559,24516.332739327234,17382.59530547743,4054.182399628693,0.0
865.0,287.8239436815462,24423.167208202332,17376.817632433795,3999.029308896903,0.0
866.0,286.6281314325365,24332.00167707743,17373.58634861925,3939.4173441879907,0.0
867.0,285.43231918352683,24242.90639176385,17331.85211532067,3916.281635910002,0.0
868.0,284.23650693451714,24165.838497422963,17277.18949946142,3919.370495689004,0.0
869.0,283.0406946855075,24091.325986771022,17219.415740174725,3947.5074884837322,0.0
870.0,281.8448824364978,24017.15650897984,17158.42979092228,3959.9477346013928,0.0
871.0,280.6590701874881,23943.325517228903,17094.132015374602,3976.0507127903024,0.0
872.0,279.5263103082461,23858.57795991542,17032.049380383156,3993.384645524228,0.0
873.0,279.1406504724432,23772.07706565693,16969.966745391714,4080.3268786356443,0.0
874.0,281.18510127591844,23679.156984760462,16908.47161040027,4098.12322238665,0.0
875.0,282.5727541609781,23585.635963132816,16847.57562613843,4114.225229101137,0.0
876.0,284.04741374651826,23489.663061010884,16795.639536486604,4100.550841598853,0.0
877.0,283.1422671417334,23397.148341313303,16745.089786616052,4080.039642954967,0.0
878.0,281.4867226149361,23305.598394705037,16703.712583724267,4046.239980844455,0.0
879.0,279.7503539768765,23214.04844809677,16664.086177689336,4010.845814518089,0.0
880.0,277.99367631602433,23122.49850148851,16626.160438591043,3973.870115586635,0.0
881.0,276.2470794493146,23030.948554880248,16589.965460014195,3949.520978070861,0.0
882.0,274.5434749083988,22939.398608271986,16553.491202707206,3923.738006226033,0.0
883.0,272.9151440994857,28565.23244110915,16517.59954933045,3902.6624670399688,0.0
884.0,271.39225031876623,28476.9874698349,16475.05732781879,3885.860553766828,0.0
885.0,269.9963129188221,28390.086427035625,16422.531256661998,3885.884560918785,0.0
886.0,268.7013852178489,28309.815210240824,16365.032816001854,3886.6141506483727,0.0
887.0,267.48390084292265,28229.596676405195,16304.557363122329,3893.871571836802,0.0
888.0,266.29976453847894,28144.028966939255,16246.13294954411,3882.6716735000177,0.0
889.0,265.124565855165,28058.461257473315,16187.708535965892,3872.389719012582,0.0
890.0,263.949367171851,28226.861801975625,15938.807931911486,3862.966025101696,0.0
891.0,262.77416848853704,28141.29409250968,15877.44601833327,3861.498437141616,0.0
892.0,261.60896980522307,28055.72638304374,15816.084104755053,3860.5327562465127,0.0
893.0,260.45947537850327,27970.1586735778,15754.722191176836,3875.7263055235776,0.0
894.0,259.82849947387,27883.726766575048,15693.360277598618,3859.5802476884933,0.0
895.0,259.4696215854691,27796.53523245583,15631.998364020405,3843.716018767678,0.0
896.0,258.27363133299895,27710.282076147374,15570.636450442187,3827.9355397961567,0.0
897.0,257.0356193643218,27624.028919838926,15509.274536863968,3814.647299737373,0.0
898.0,256.2663122876954,27536.88255147581,15447.912623285752,3797.2927393327464,0.0
899.0,254.88926670760495,27450.35377544915,15386.550709707537,3830.594765033969,0.0
900.0,253.45375606331783,27363.82499942249,15326.755462795985,3813.380204629342,0.0
901.0,251.94661195004844,27277.296223395828,15268.225807929257,3796.3135629138505,0.0
902.0,251.17966813679567,27189.429154640507,15311.051248457627,3685.8002949617926,0.0
903.0,249.5536577683593,27103.861445174567,15268.977313570347,3661.123744250548,0.0
904.0,249.30788434814465,27015.87299857175,15229.406539051652,3634.777072564689,0.0
905.0,248.71522076996766,27039.72927603428,15108.114681187752,3672.1238947160755,0.0
906.0,248.17178202021347,26953.279624305967,15068.925590453118,3655.5781069202935,0.0
907.0,247.12977981811235,26868.235819938498,15027.97323469976,3743.6072365317773,0.0
908.0,246.1656056273045,26841.288764042834,14928.052436836035,3722.3590940306176,0.0
909.0,245.199958804204,26761.76281127208,14861.704870861018,3700.467170266455,0.0
910.0,244.21897813191015,26674.952882686877,14798.054028870345,3678.2432905550586,0.0
911.0,243.70340172159885,26586.803153611283,14741.898988823012,3646.0687489859324,0.0
912.0,244.4109036517385,26495.73029418578,14685.524930691592,3614.9666055077964,0.0
913.0,245.684611615101,26402.162808043973,14629.99418134961,3583.5994957877842,0.0
914.0,244.9905117306815,26309.909781375107,14575.319110740693,3576.2556660815876,0.0
915.0,244.41809172854656,26216.38311966909,14521.49765740108,3566.8484485539643,0.0
916.0,243.54000056741262,26122.053222192255,14468.52211595363,3542.207538056558,0.0
917.0,244.52640956028918,26023.289147576175,14415.569497132476,3536.0774879423047,0.0
918.0,241.3897066773606,25930.49692045015,14362.593399459925,3514.692455324216,0.0
919.0,281.9476652913189,29379.29629208417,14302.998833771688,3495.4425693393446,0.0
920.0,279.3698993061123,29295.686515988855,16090.738965745197,3495.182801619502,0.0
921.0,277.0159232063454,29213.204088884868,16026.595135715297,3476.567093659429,0.0
922.0,274.95723296095014,29131.848386107762,15959.992436383682,3465.6288192057536,0.0
923.0,273.2545078290552,29050.513702387758,15890.941579398743,3454.9798573635812,0.0
924.0,271.71511381674037,28969.198986771993,15819.433488008424,3593.7096554719856,0.0
925.0,270.33061185716133,28882.690327001368,15751.039870381379,3574.1981939735947,0.0
926.0,269.9592955399969,28794.883590307647,15684.133169075752,3575.011178988391,0.0
927.0,271.3947723313493,28704.084843616347,15672.702894416052,3469.0052281179846,0.0
928.0,273.26899483974023,28611.51995497193,15662.41029092561,3359.617749556453,0.0
929.0,275.45760190956736,28517.110409211517,15605.107532452672,3327.92305045828,0.0
930.0,275.1115403248922,28425.942438644335,15544.486128760607,3301.3322648589688,0.0
931.0,274.76624703596156,28335.357884587916,15484.100254189761,3327.1550315021527,0.0
932.0,273.49440285593494,28251.829796070033,15419.879103877958,3313.725064289119,0.0
933.0,272.2419441650041,28169.301051829752,15349.649419915153,3300.444591269626,0.0
934.0,270.99944019045756,28087.78886694759,15277.062264128133,3284.5924234924028,0.0
935.0,269.77273269466053,28006.310042924364,15202.067147447095,3272.2644541950754,0.0
936.0,268.58384208188147,27924.864367513375,15124.64849773924,3261.1422538379716,0.0
937.0,267.4672115769693,27838.305705778985,15048.90758117539,2722.8484950506636,0.0
938.0,267.2778567657078,27750.422044044586,14973.166664611545,2723.8708367034333,0.0
939.0,268.8123552123173,27659.496104427322,14897.425748047695,2795.295784187516,0.0
940.0,269.32547494123213,27568.8120962772,14822.154831483847,2787.8853968040376,0.0
941.0,267.9775428269362,27480.000072466155,14747.36411269819,2768.8908934439487,0.0
942.0,266.56115913345343,27391.188048655105,14675.515241350973,2744.270616048105,0.0
943.0,265.0855599672229,27302.376024844063,14604.22868759744,2718.6063305997804,0.0
944.0,263.5656224583368,27213.564001033017,14533.541643940898,2692.8177671091776,0.0
945.0,262.0447850957003,27124.751977221968,14463.460626387548,2665.8155345028144,0.0
946.0,260.54260020606756,27035.939953410925,14393.453164477067,2664.4115644848644,0.0
947.0,259.0798594169877,26947.127929599876,14323.485857408397,2637.497267148652,0.0
948.0,257.67635976731987,26858.315905788833,13255.847491550869,2637.4123112390744,0.0
949.0,256.34997582033026,26769.503881977787,13177.4788927185,2678.3686137957848,0.0
950.0,255.11333108206782,26680.69185816674,13100.285293886132,2662.490144891606,0.0
951.0,253.92718817171144,26591.879834355695,13024.332450777454,2663.336257873626,0.0
952.0,252.77237818265002,26503.06781054465,12955.951700977494,2638.7974859962605,0.0
953.0,251.62006776432543,26414.255786733604,12889.333680868316,2602.4841323242645,0.0
954.0,250.46775734600084,26325.44376292256,12882.576372851432,2446.991591749446,0.0
955.0,249.31544692767625,26236.631739111515,12820.038832825658,2404.63579272517,0.0
956.0,248.16313650935163,26147.819715300466,12758.811750245655,2357.6165803237423,0.0
957.0,247.01082609102704,26059.00769148942,12697.989970458953,2316.098436594276,0.0
958.0,245.85851567270245,25970.195667678374,12633.95522531202,2293.82732961704,0.0
959.0,244.70620525437786,25881.38364386733,12565.363331962366,2258.2825865173954,0.0
960.0,243.55389483605325,25792.571620056286,12496.771438612712,3347.6504509516553,0.0
961.0,242.40158441772869,25703.75959624524,12428.17954526306,3319.068323536465,0.0
962.0,241.24927399940407,25614.94757243419,12359.587651913405,3290.789384925235,0.0
963.0,240.0969635810795,25526.135548623148,12290.995758563751,3260.725583841586,0.0
964.0,238.9446531627549,25437.323524812102,12222.403865214099,3231.3383991655082,0.0
965.0,237.79234274443027,25348.511501001056,12153.811971864445,3202.249085642685,0.0
966.0,236.64003232610568,25259.69947719001,12085.22007851479,3179.1927032253243,0.0
967.0,235.4877219077811,25170.887453378964,12016.628185165137,3150.4578241293602,0.0
968.0,234.3354114894565,25082.075429567918,11948.036291815482,3122.0262908342384,0.0
969.0,233.18310107113192,24993.263405756872,11879.444398465828,3093.3030924249742,0.0
970.0,315.38716115546026,24904.451381945826,11810.852505116176,3065.217288756772,0.0
971.0,314.2543263664374,24815.63935813478,11742.260611766522,3037.7894588019117,0.0
972.0,313.1214915774144,24726.827334323734,11673.668718416868,3015.567083483079,0.0
973.0,311.9886567883915,24638.01531051269,11605.076825067215,2995.272958806747,0.0
974.0,310.86415533270196,24549.203286701646,11536.484931717561,2979.5971272098604,0.0
975.0,309.7396538770124,24460.391262890596,11467.893038367907,2983.8111917934293,0.0
976.0,310.11572060314097,24369.306511806823,15215.185324917109,2968.745717197385,0.0
977.0,308.9477816474513,24280.29448799578,15154.845554379395,2980.51156237341,0.0
978.0,307.74767577040654,24191.282464184733,15094.50578384168,2979.9656483919016,0.0
979.0,306.51494915978645,24102.270440373686,15034.949346637297,2963.625836913754,0.0
980.0,305.2587244256706,24013.258416562643,14976.211533875257,2944.8116990057297,0.0
981.0,303.9737499195162,23924.246392751596,14918.316176309838,4393.853444246722,0.0
982.0,303.61908641790063,23833.833823486006,14860.420818744416,4385.854907695481,0.0
983.0,302.30903674779086,31665.00147996706,14802.525461178995,4378.025273593587,0.0
984.0,300.95998842959006,31577.303379599864,14744.630103613576,4493.915170699564,0.0
985.0,299.5743471402914,31489.605279232666,14688.040301603709,4480.527042236376,0.0
986.0,298.1903342238382,31401.907178865473,14632.26749396466,4467.138913773188,0.0
987.0,296.8186789380469,31314.209078498276,14787.950528127987,4138.11522673561,0.0
988.0,295.47140372639836,31335.605049023157,14811.460848837743,4006.1703049381895,0.0
989.0,294.1598484915568,31246.87540877547,14838.559415413742,3925.048364990528,0.0
990.0,292.8941682595204,31158.14576852779,14868.226478577453,3816.415966258704,0.0
991.0,291.6827913012802,31069.416128280107,14900.456403890896,3711.3259601049363,0.0
992.0,290.5118693726562,30982.68648803242,14934.418521811807,3607.7246972423545,0.0
993.0,289.34094744403205,30897.999781784645,15018.895553606933,3666.419392177434,0.0
994.0,288.17002551540804,30830.514953571626,14955.672782654254,3692.7035029424605,0.0
995.0,286.99910358678403,30763.399398073605,14888.287163224906,3722.2024179717123,0.0
996.0,285.85318165816,30678.712691825833,14828.614898545571,3764.352848058201,0.0
997.0,315.48152744368116,30594.02598557806,14768.942633866234,3800.741006919394,0.0
998.0,316.5757445884577,30501.642983018934,14709.270369186897,3837.129165780587,0.0
999.0,316.40680303117773,30412.33785690347,14649.598104507562,5054.456768707512,0.0
1000.0,316.361813417736,30321.26936179505,14590.70917316156,5041.113924000556,0.0
