"tick","Imported NL Low","Imported NL High","Imported ES Low","Imported ES High"
1.0,0.0,0.0,0.0,0.0
2.0,0.0,0.0,0.0,0.0
3.0,0.0,0.0,0.0,0.0
4.0,0.0,0.0,0.0,0.0
5.0,0.0,0.0,0.0,0.0
6.0,0.0,0.0,0.0,0.0
7.0,0.0,0.0,0.0,0.0
8.0,0.0,0.0,0.0,0.0
9.0,0.0,0.0,0.0,0.0
10.0,0.0,0.0,0.0,0.0
11.0,0.0,0.0,0.0,0.0
12.0,0.0,0.0,0.0,0.0
13.0,0.0,0.0,0.0,0.0
14.0,0.0,0.0,0.0,0.0
15.0,0.0,0.0,25.0,25.0
16.0,0.0,0.0,25.0,25.0
17.0,0.0,0.0,25.0,25.0
18.0,0.0,0.0,25.0,25.0
19.0,0.0,0.0,25.0,25.0
20.0,0.0,0.0,25.0,25.0
21.0,0.0,0.0,25.0,25.0
22.0,0.0,0.0,25.0,25.0
23.0,0.0,0.0,25.0,25.0
24.0,0.0,0.0,25.0,25.0
25.0,0.0,0.0,25.0,25.0
26.0,0.0,0.0,25.0,25.0
27.0,0.0,0.0,25.0,25.0
28.0,0.0,0.0,25.0,25.0
29.0,0.0,0.0,25.0,25.0
30.0,0.0,0.0,25.0,25.0
31.0,0.0,0.0,25.0,25.0
32.0,27.53418391852186,0.0,79.87317357621251,25.0
33.0,27.53418391852186,0.0,79.87317357621251,25.0
34.0,27.53418391852186,0.0,79.87317357621251,25.0
35.0,27.53418391852186,0.0,107.8935554226963,25.0
36.0,56.05312126928881,0.0,136.28203770470427,25.0
37.0,56.05312126928881,0.0,136.28203770470427,25.0
38.0,56.05312126928881,0.0,136.28203770470427,25.0
39.0,56.05312126928881,0.0,136.28203770470427,25.0
40.0,56.05312126928881,0.0,136.28203770470427,25.0
41.0,56.05312126928881,0.0,136.28203770470427,25.0
42.0,56.05312126928881,0.0,136.28203770470427,25.0
43.0,56.05312126928881,0.0,136.28203770470427,25.0
44.0,56.05312126928881,0.0,136.28203770470427,25.0
45.0,56.05312126928881,0.0,136.28203770470427,25.0
46.0,56.05312126928881,0.0,136.28203770470427,25.0
47.0,86.05312126928881,0.0,136.28203770470427,25.0
48.0,86.05312126928881,0.0,136.28203770470427,25.0
49.0,86.05312126928881,0.0,136.28203770470427,25.0
50.0,116.05312126928881,0.0,136.28203770470427,25.0
51.0,116.05312126928881,0.0,136.28203770470427,25.0
52.0,116.05312126928881,0.0,136.28203770470427,25.0
53.0,116.05312126928881,0.0,136.28203770470427,50.0
54.0,116.05312126928881,0.0,136.28203770470427,50.0
55.0,141.0531212692888,0.0,136.28203770470427,50.0
56.0,141.0531212692888,0.0,136.28203770470427,50.0
57.0,141.0531212692888,0.0,136.28203770470427,50.0
58.0,166.0531212692888,0.0,136.28203770470427,50.0
59.0,191.85081305228806,0.0,136.28203770470427,50.0
60.0,191.85081305228806,0.0,136.28203770470427,50.0
61.0,191.85081305228806,0.0,136.28203770470427,50.0
62.0,191.85081305228806,0.0,136.28203770470427,50.0
63.0,191.85081305228806,0.0,136.28203770470427,50.0
64.0,191.85081305228806,0.0,136.28203770470427,50.0
65.0,191.85081305228806,0.0,136.28203770470427,77.65739843474012
66.0,191.85081305228806,0.0,161.28203770470427,77.65739843474012
67.0,191.85081305228806,0.0,186.86180783341644,77.65739843474012
68.0,191.85081305228806,0.0,212.99497475003824,105.93577859323956
69.0,191.85081305228806,0.0,212.99497475003824,105.93577859323956
70.0,191.85081305228806,0.0,212.99497475003824,134.57812288865256
71.0,191.85081305228806,0.0,212.99497475003824,134.57812288865256
72.0,191.85081305228806,0.0,212.99497475003824,134.57812288865256
73.0,191.85081305228806,0.0,212.99497475003824,134.57812288865256
74.0,191.85081305228806,25.0,212.99497475003824,134.57812288865256
75.0,191.85081305228806,50.53833936916986,212.99497475003824,134.57812288865256
76.0,191.85081305228806,76.58820732107866,212.99497475003824,134.57812288865256
77.0,191.85081305228806,76.58820732107866,212.99497475003824,134.57812288865256
78.0,191.85081305228806,101.58820732107866,212.99497475003824,134.57812288865256
79.0,191.85081305228806,101.58820732107866,212.99497475003824,134.57812288865256
80.0,191.85081305228806,101.58820732107866,212.99497475003824,134.57812288865256
81.0,191.85081305228806,101.58820732107866,212.99497475003824,134.57812288865256
82.0,191.85081305228806,101.58820732107866,212.99497475003824,134.57812288865256
83.0,191.85081305228806,101.58820732107866,212.99497475003824,134.57812288865256
84.0,191.85081305228806,101.58820732107866,212.99497475003824,134.57812288865256
85.0,191.85081305228806,101.58820732107866,212.99497475003824,134.57812288865256
86.0,191.85081305228806,101.58820732107866,212.99497475003824,134.57812288865256
87.0,191.85081305228806,101.58820732107866,212.99497475003824,134.57812288865256
88.0,191.85081305228806,101.58820732107866,212.99497475003824,134.57812288865256
89.0,191.85081305228806,101.58820732107866,212.99497475003824,134.57812288865256
90.0,191.85081305228806,101.58820732107866,212.99497475003824,134.57812288865256
91.0,191.85081305228806,101.58820732107866,212.99497475003824,134.57812288865256
92.0,191.85081305228806,101.58820732107866,212.99497475003824,134.57812288865256
93.0,191.85081305228806,101.58820732107866,212.99497475003824,134.57812288865256
94.0,191.85081305228806,101.58820732107866,212.99497475003824,134.57812288865256
95.0,191.85081305228806,101.58820732107866,212.99497475003824,134.57812288865256
96.0,191.85081305228806,101.58820732107866,212.99497475003824,134.57812288865256
97.0,191.85081305228806,101.58820732107866,212.99497475003824,134.57812288865256
98.0,191.85081305228806,101.58820732107866,212.99497475003824,134.57812288865256
99.0,191.85081305228806,101.58820732107866,212.99497475003824,134.57812288865256
100.0,191.85081305228806,101.58820732107866,212.99497475003824,134.57812288865256
101.0,191.85081305228806,101.58820732107866,212.99497475003824,134.57812288865256
102.0,191.85081305228806,101.58820732107866,212.99497475003824,134.57812288865256
103.0,191.85081305228806,101.58820732107866,212.99497475003824,134.57812288865256
104.0,191.85081305228806,101.58820732107866,212.99497475003824,134.57812288865256
105.0,191.85081305228806,101.58820732107866,212.99497475003824,134.57812288865256
106.0,191.85081305228806,101.58820732107866,212.99497475003824,134.57812288865256
107.0,191.85081305228806,101.58820732107866,212.99497475003824,134.57812288865256
108.0,191.85081305228806,101.58820732107866,237.99497475003824,134.57812288865256
109.0,191.85081305228806,101.58820732107866,263.0238870143846,134.57812288865256
110.0,191.85081305228806,101.58820732107866,288.59414944654526,134.57812288865256
111.0,191.85081305228806,101.58820732107866,288.59414944654526,134.57812288865256
112.0,191.85081305228806,101.58820732107866,288.59414944654526,134.57812288865256
113.0,191.85081305228806,101.58820732107866,288.59414944654526,134.57812288865256
114.0,191.85081305228806,101.58820732107866,288.59414944654526,134.57812288865256
115.0,191.85081305228806,101.58820732107866,288.59414944654526,134.57812288865256
116.0,191.85081305228806,101.58820732107866,288.59414944654526,134.57812288865256
117.0,191.85081305228806,101.58820732107866,288.59414944654526,134.57812288865256
118.0,191.85081305228806,101.58820732107866,288.59414944654526,134.57812288865256
119.0,191.85081305228806,101.58820732107866,288.59414944654526,134.57812288865256
120.0,191.85081305228806,101.58820732107866,288.59414944654526,134.57812288865256
121.0,191.85081305228806,101.58820732107866,288.59414944654526,134.57812288865256
122.0,191.85081305228806,101.58820732107866,288.59414944654526,134.57812288865256
123.0,191.85081305228806,101.58820732107866,288.59414944654526,134.57812288865256
124.0,191.85081305228806,101.58820732107866,288.59414944654526,134.57812288865256
125.0,191.85081305228806,101.58820732107866,288.59414944654526,134.57812288865256
126.0,191.85081305228806,101.58820732107866,288.59414944654526,134.57812288865256
127.0,191.85081305228806,101.58820732107866,288.59414944654526,134.57812288865256
128.0,191.85081305228806,101.58820732107866,288.59414944654526,134.57812288865256
129.0,191.85081305228806,101.58820732107866,288.59414944654526,134.57812288865256
130.0,191.85081305228806,101.58820732107866,288.59414944654526,134.57812288865256
131.0,191.85081305228806,101.58820732107866,288.59414944654526,134.57812288865256
132.0,191.85081305228806,101.58820732107866,288.59414944654526,134.57812288865256
133.0,191.85081305228806,101.58820732107866,288.59414944654526,134.57812288865256
134.0,216.85081305228806,101.58820732107866,288.59414944654526,134.57812288865256
135.0,241.8846435916222,101.58820732107866,288.59414944654526,134.57812288865256
136.0,241.8846435916222,101.58820732107866,288.59414944654526,134.57812288865256
137.0,241.8846435916222,101.58820732107866,288.59414944654526,134.57812288865256
138.0,241.8846435916222,101.58820732107866,288.59414944654526,134.57812288865256
139.0,241.8846435916222,101.58820732107866,288.59414944654526,134.57812288865256
140.0,241.8846435916222,101.58820732107866,288.59414944654526,134.57812288865256
141.0,241.8846435916222,101.58820732107866,288.59414944654526,134.57812288865256
142.0,241.8846435916222,101.58820732107866,288.59414944654526,134.57812288865256
143.0,241.8846435916222,101.58820732107866,288.59414944654526,134.57812288865256
144.0,241.8846435916222,101.58820732107866,288.59414944654526,134.57812288865256
145.0,241.8846435916222,101.58820732107866,288.59414944654526,134.57812288865256
146.0,241.8846435916222,101.58820732107866,288.59414944654526,134.57812288865256
147.0,241.8846435916222,101.58820732107866,288.59414944654526,134.57812288865256
148.0,241.8846435916222,101.58820732107866,288.59414944654526,134.57812288865256
149.0,266.8846435916222,101.58820732107866,288.59414944654526,134.57812288865256
150.0,292.1582432836633,101.58820732107866,288.59414944654526,134.57812288865256
151.0,317.69483581817553,101.58820732107866,288.59414944654526,134.57812288865256
152.0,317.69483581817553,101.58820732107866,288.59414944654526,134.57812288865256
153.0,317.69483581817553,101.58820732107866,288.59414944654526,134.57812288865256
154.0,317.69483581817553,101.58820732107866,288.59414944654526,134.57812288865256
155.0,317.69483581817553,101.58820732107866,288.59414944654526,134.57812288865256
156.0,317.69483581817553,101.58820732107866,313.59414944654526,134.57812288865256
157.0,317.69483581817553,101.58820732107866,338.8257219629886,134.57812288865256
158.0,317.69483581817553,101.58820732107866,338.8257219629886,134.57812288865256
159.0,317.69483581817553,101.58820732107866,338.8257219629886,134.57812288865256
160.0,317.69483581817553,101.58820732107866,338.8257219629886,134.57812288865256
161.0,317.69483581817553,101.58820732107866,338.8257219629886,134.57812288865256
162.0,317.69483581817553,101.58820732107866,338.8257219629886,134.57812288865256
163.0,317.69483581817553,101.58820732107866,338.8257219629886,134.57812288865256
164.0,317.69483581817553,101.58820732107866,338.8257219629886,134.57812288865256
165.0,317.69483581817553,101.58820732107866,338.8257219629886,134.57812288865256
166.0,317.69483581817553,101.58820732107866,338.8257219629886,134.57812288865256
167.0,317.69483581817553,101.58820732107866,338.8257219629886,134.57812288865256
168.0,317.69483581817553,101.58820732107866,338.8257219629886,134.57812288865256
169.0,317.69483581817553,101.58820732107866,338.8257219629886,134.57812288865256
170.0,317.69483581817553,101.58820732107866,338.8257219629886,134.57812288865256
171.0,317.69483581817553,101.58820732107866,338.8257219629886,134.57812288865256
172.0,317.69483581817553,101.58820732107866,338.8257219629886,134.57812288865256
173.0,317.69483581817553,101.58820732107866,338.8257219629886,134.57812288865256
174.0,317.69483581817553,101.58820732107866,338.8257219629886,134.57812288865256
175.0,317.69483581817553,101.58820732107866,338.8257219629886,134.57812288865256
176.0,317.69483581817553,101.58820732107866,338.8257219629886,134.57812288865256
177.0,317.69483581817553,101.58820732107866,338.8257219629886,134.57812288865256
178.0,317.69483581817553,126.58820732107866,338.8257219629886,134.57812288865256
179.0,317.69483581817553,126.58820732107866,363.8257219629886,134.57812288865256
180.0,317.69483581817553,126.58820732107866,363.8257219629886,134.57812288865256
181.0,343.5006344632742,151.58820732107864,363.8257219629886,134.57812288865256
182.0,343.5006344632742,151.58820732107864,363.8257219629886,134.57812288865256
183.0,343.5006344632742,151.58820732107864,363.8257219629886,134.57812288865256
184.0,343.5006344632742,151.58820732107864,363.8257219629886,134.57812288865256
185.0,343.5006344632742,176.58820732107864,363.8257219629886,134.57812288865256
186.0,343.5006344632742,202.19094323466408,363.8257219629886,134.57812288865256
187.0,343.5006344632742,202.19094323466408,363.8257219629886,134.57812288865256
188.0,343.5006344632742,202.19094323466408,363.8257219629886,134.57812288865256
189.0,343.5006344632742,227.19094323466408,363.8257219629886,134.57812288865256
190.0,343.5006344632742,227.19094323466408,363.8257219629886,134.57812288865256
191.0,343.5006344632742,227.19094323466408,363.8257219629886,134.57812288865256
192.0,343.5006344632742,227.19094323466408,388.8257219629886,134.57812288865256
193.0,343.5006344632742,227.19094323466408,388.8257219629886,134.57812288865256
194.0,343.5006344632742,227.19094323466408,414.8157192724827,134.57812288865256
195.0,343.5006344632742,227.19094323466408,414.8157192724827,134.57812288865256
196.0,343.5006344632742,227.19094323466408,414.8157192724827,134.57812288865256
197.0,343.5006344632742,227.19094323466408,414.8157192724827,134.57812288865256
198.0,343.5006344632742,227.19094323466408,414.8157192724827,134.57812288865256
199.0,343.5006344632742,227.19094323466408,414.8157192724827,134.57812288865256
200.0,343.5006344632742,227.19094323466408,414.8157192724827,134.57812288865256
201.0,343.5006344632742,227.19094323466408,414.8157192724827,134.57812288865256
202.0,368.5006344632742,227.19094323466408,414.8157192724827,134.57812288865256
203.0,393.87369155253117,227.19094323466408,414.8157192724827,134.57812288865256
204.0,393.87369155253117,227.19094323466408,414.8157192724827,134.57812288865256
205.0,393.87369155253117,227.19094323466408,414.8157192724827,134.57812288865256
206.0,393.87369155253117,227.19094323466408,414.8157192724827,134.57812288865256
207.0,393.87369155253117,227.19094323466408,414.8157192724827,134.57812288865256
208.0,393.87369155253117,227.19094323466408,414.8157192724827,134.57812288865256
209.0,393.87369155253117,227.19094323466408,414.8157192724827,134.57812288865256
210.0,393.87369155253117,227.19094323466408,439.8157192724827,134.57812288865256
211.0,393.87369155253117,227.19094323466408,465.3681902678292,134.57812288865256
212.0,393.87369155253117,227.19094323466408,465.3681902678292,134.57812288865256
213.0,393.87369155253117,227.19094323466408,465.3681902678292,134.57812288865256
214.0,393.87369155253117,227.19094323466408,465.3681902678292,134.57812288865256
215.0,393.87369155253117,227.19094323466408,465.3681902678292,134.57812288865256
216.0,393.87369155253117,227.19094323466408,465.3681902678292,134.57812288865256
217.0,393.87369155253117,227.19094323466408,465.3681902678292,134.57812288865256
218.0,393.87369155253117,227.19094323466408,465.3681902678292,134.57812288865256
219.0,393.87369155253117,227.19094323466408,465.3681902678292,134.57812288865256
220.0,393.87369155253117,227.19094323466408,465.3681902678292,134.57812288865256
221.0,393.87369155253117,227.19094323466408,465.3681902678292,134.57812288865256
222.0,393.87369155253117,227.19094323466408,465.3681902678292,134.57812288865256
223.0,393.87369155253117,227.19094323466408,465.3681902678292,134.57812288865256
224.0,393.87369155253117,227.19094323466408,465.3681902678292,134.57812288865256
225.0,393.87369155253117,227.19094323466408,465.3681902678292,134.57812288865256
226.0,393.87369155253117,227.19094323466408,465.3681902678292,134.57812288865256
227.0,393.87369155253117,227.19094323466408,465.3681902678292,134.57812288865256
228.0,393.87369155253117,227.19094323466408,465.3681902678292,134.57812288865256
229.0,393.87369155253117,227.19094323466408,465.3681902678292,134.57812288865256
230.0,393.87369155253117,227.19094323466408,465.3681902678292,134.57812288865256
231.0,393.87369155253117,227.19094323466408,465.3681902678292,134.57812288865256
232.0,393.87369155253117,227.19094323466408,543.5735574081918,134.57812288865256
233.0,393.87369155253117,227.19094323466408,569.1381163711882,134.57812288865256
234.0,393.87369155253117,227.19094323466408,569.1381163711882,134.57812288865256
235.0,393.87369155253117,227.19094323466408,569.1381163711882,134.57812288865256
236.0,393.87369155253117,227.19094323466408,569.1381163711882,134.57812288865256
237.0,418.87369155253117,227.19094323466408,569.1381163711882,134.57812288865256
238.0,444.2547998648144,227.19094323466408,569.1381163711882,134.57812288865256
239.0,470.23975081482126,227.19094323466408,569.1381163711882,134.57812288865256
240.0,495.23975081482126,227.19094323466408,569.1381163711882,134.57812288865256
241.0,520.6787013970632,227.19094323466408,569.1381163711882,134.57812288865256
242.0,520.6787013970632,227.19094323466408,594.1381163711882,134.57812288865256
243.0,520.6787013970632,227.19094323466408,619.4372845334689,134.57812288865256
244.0,520.6787013970632,227.19094323466408,619.4372845334689,134.57812288865256
245.0,520.6787013970632,227.19094323466408,645.2906617163745,134.57812288865256
246.0,520.6787013970632,227.19094323466408,645.2906617163745,134.57812288865256
247.0,520.6787013970632,227.19094323466408,645.2906617163745,134.57812288865256
248.0,520.6787013970632,227.19094323466408,645.2906617163745,134.57812288865256
249.0,520.6787013970632,227.19094323466408,645.2906617163745,134.57812288865256
250.0,520.6787013970632,227.19094323466408,645.2906617163745,134.57812288865256
251.0,520.6787013970632,227.19094323466408,645.2906617163745,134.57812288865256
252.0,520.6787013970632,227.19094323466408,645.2906617163745,134.57812288865256
253.0,520.6787013970632,227.19094323466408,645.2906617163745,134.57812288865256
254.0,520.6787013970632,227.19094323466408,645.2906617163745,134.57812288865256
255.0,520.6787013970632,227.19094323466408,645.2906617163745,134.57812288865256
256.0,520.6787013970632,227.19094323466408,645.2906617163745,134.57812288865256
257.0,520.6787013970632,227.19094323466408,645.2906617163745,134.57812288865256
258.0,520.6787013970632,227.19094323466408,645.2906617163745,134.57812288865256
259.0,520.6787013970632,227.19094323466408,645.2906617163745,134.57812288865256
260.0,520.6787013970632,227.19094323466408,645.2906617163745,134.57812288865256
261.0,520.6787013970632,227.19094323466408,645.2906617163745,134.57812288865256
262.0,520.6787013970632,227.19094323466408,645.2906617163745,134.57812288865256
263.0,520.6787013970632,227.19094323466408,645.2906617163745,134.57812288865256
264.0,520.6787013970632,227.19094323466408,645.2906617163745,134.57812288865256
265.0,520.6787013970632,227.19094323466408,645.2906617163745,134.57812288865256
266.0,520.6787013970632,227.19094323466408,645.2906617163745,134.57812288865256
267.0,520.6787013970632,227.19094323466408,645.2906617163745,134.57812288865256
268.0,520.6787013970632,227.19094323466408,645.2906617163745,134.57812288865256
269.0,545.6787013970632,227.19094323466408,645.2906617163745,134.57812288865256
270.0,570.9378962182957,227.19094323466408,645.2906617163745,134.57812288865256
271.0,596.3890222883222,227.19094323466408,645.2906617163745,134.57812288865256
272.0,622.2724830447029,227.19094323466408,645.2906617163745,134.57812288865256
273.0,622.2724830447029,227.19094323466408,645.2906617163745,134.57812288865256
274.0,622.2724830447029,227.19094323466408,645.2906617163745,134.57812288865256
275.0,622.2724830447029,227.19094323466408,645.2906617163745,134.57812288865256
276.0,622.2724830447029,227.19094323466408,645.2906617163745,134.57812288865256
277.0,622.2724830447029,227.19094323466408,645.2906617163745,134.57812288865256
278.0,622.2724830447029,227.19094323466408,645.2906617163745,134.57812288865256
279.0,622.2724830447029,227.19094323466408,645.2906617163745,134.57812288865256
280.0,647.2724830447029,227.19094323466408,645.2906617163745,134.57812288865256
281.0,672.4678033449046,227.19094323466408,645.2906617163745,134.57812288865256
282.0,672.4678033449046,227.19094323466408,645.2906617163745,134.57812288865256
283.0,672.4678033449046,227.19094323466408,645.2906617163745,134.57812288865256
284.0,672.4678033449046,227.19094323466408,645.2906617163745,134.57812288865256
285.0,672.4678033449046,227.19094323466408,645.2906617163745,134.57812288865256
286.0,672.4678033449046,227.19094323466408,645.2906617163745,134.57812288865256
287.0,672.4678033449046,227.19094323466408,645.2906617163745,134.57812288865256
288.0,672.4678033449046,227.19094323466408,645.2906617163745,134.57812288865256
289.0,672.4678033449046,227.19094323466408,645.2906617163745,134.57812288865256
290.0,672.4678033449046,227.19094323466408,645.2906617163745,134.57812288865256
291.0,672.4678033449046,227.19094323466408,645.2906617163745,134.57812288865256
292.0,697.4678033449046,227.19094323466408,670.2906617163745,134.57812288865256
293.0,723.6448168731984,227.19094323466408,670.2906617163745,134.57812288865256
294.0,750.6452150533592,227.19094323466408,670.2906617163745,134.57812288865256
295.0,778.44650777182,227.19094323466408,670.2906617163745,134.57812288865256
296.0,778.44650777182,252.19094323466408,670.2906617163745,134.57812288865256
297.0,778.44650777182,277.42315111746035,670.2906617163745,134.57812288865256
298.0,778.44650777182,302.6917373182436,670.2906617163745,134.57812288865256
299.0,778.44650777182,302.6917373182436,670.2906617163745,134.57812288865256
300.0,778.44650777182,302.6917373182436,670.2906617163745,134.57812288865256
301.0,778.44650777182,302.6917373182436,670.2906617163745,134.57812288865256
302.0,778.44650777182,302.6917373182436,670.2906617163745,134.57812288865256
303.0,778.44650777182,302.6917373182436,670.2906617163745,134.57812288865256
304.0,778.44650777182,302.6917373182436,722.7540890264354,134.57812288865256
305.0,778.44650777182,302.6917373182436,722.7540890264354,134.57812288865256
306.0,778.44650777182,302.6917373182436,722.7540890264354,159.57812288865256
307.0,778.44650777182,302.6917373182436,722.7540890264354,184.95208309150343
308.0,778.44650777182,302.6917373182436,722.7540890264354,209.95208309150343
309.0,778.44650777182,302.6917373182436,747.7540890264354,209.95208309150343
310.0,778.44650777182,302.6917373182436,772.8124925547551,234.95208309150343
311.0,778.44650777182,302.6917373182436,772.8124925547551,234.95208309150343
312.0,778.44650777182,302.6917373182436,772.8124925547551,234.95208309150343
313.0,778.44650777182,302.6917373182436,772.8124925547551,234.95208309150343
314.0,778.44650777182,302.6917373182436,772.8124925547551,234.95208309150343
315.0,778.44650777182,302.6917373182436,772.8124925547551,234.95208309150343
316.0,778.44650777182,302.6917373182436,772.8124925547551,234.95208309150343
317.0,778.44650777182,302.6917373182436,772.8124925547551,234.95208309150343
318.0,778.44650777182,302.6917373182436,772.8124925547551,234.95208309150343
319.0,778.44650777182,302.6917373182436,772.8124925547551,234.95208309150343
320.0,778.44650777182,302.6917373182436,772.8124925547551,234.95208309150343
321.0,778.44650777182,302.6917373182436,772.8124925547551,234.95208309150343
322.0,778.44650777182,302.6917373182436,772.8124925547551,259.9520830915034
323.0,832.7839460220091,302.6917373182436,772.8124925547551,284.97227132397535
324.0,858.4578751436725,302.6917373182436,772.8124925547551,284.97227132397535
325.0,884.7852771638993,302.6917373182436,772.8124925547551,284.97227132397535
326.0,911.9962412100081,302.6917373182436,797.8124925547551,284.97227132397535
327.0,911.9962412100081,302.6917373182436,848.5705132841022,284.97227132397535
328.0,911.9962412100081,327.6917373182436,900.3821899668347,284.97227132397535
329.0,911.9962412100081,327.6917373182436,925.6932543797976,284.97227132397535
330.0,911.9962412100081,327.6917373182436,925.6932543797976,284.97227132397535
331.0,911.9962412100081,327.6917373182436,951.0043187927605,284.97227132397535
332.0,911.9962412100081,327.6917373182436,976.6108943980381,284.97227132397535
333.0,911.9962412100081,327.6917373182436,976.6108943980381,284.97227132397535
334.0,911.9962412100081,327.6917373182436,976.6108943980381,284.97227132397535
335.0,911.9962412100081,327.6917373182436,976.6108943980381,284.97227132397535
336.0,911.9962412100081,327.6917373182436,976.6108943980381,284.97227132397535
337.0,911.9962412100081,327.6917373182436,976.6108943980381,284.97227132397535
338.0,911.9962412100081,327.6917373182436,976.6108943980381,284.97227132397535
339.0,911.9962412100081,327.6917373182436,976.6108943980381,284.97227132397535
340.0,911.9962412100081,327.6917373182436,976.6108943980381,284.97227132397535
341.0,911.9962412100081,327.6917373182436,976.6108943980381,284.97227132397535
342.0,911.9962412100081,327.6917373182436,976.6108943980381,284.97227132397535
343.0,911.9962412100081,327.6917373182436,976.6108943980381,284.97227132397535
344.0,911.9962412100081,327.6917373182436,976.6108943980381,284.97227132397535
345.0,911.9962412100081,327.6917373182436,976.6108943980381,284.97227132397535
346.0,911.9962412100081,327.6917373182436,976.6108943980381,284.97227132397535
347.0,911.9962412100081,327.6917373182436,976.6108943980381,284.97227132397535
348.0,911.9962412100081,327.6917373182436,976.6108943980381,284.97227132397535
349.0,911.9962412100081,327.6917373182436,976.6108943980381,284.97227132397535
350.0,911.9962412100081,327.6917373182436,976.6108943980381,284.97227132397535
351.0,911.9962412100081,327.6917373182436,976.6108943980381,284.97227132397535
352.0,911.9962412100081,327.6917373182436,1026.610894398038,284.97227132397535
353.0,911.9962412100081,327.6917373182436,1026.610894398038,284.97227132397535
354.0,911.9962412100081,327.6917373182436,1026.610894398038,284.97227132397535
355.0,911.9962412100081,327.6917373182436,1026.610894398038,284.97227132397535
356.0,911.9962412100081,352.6917373182436,1026.610894398038,284.97227132397535
357.0,911.9962412100081,378.1944448276134,1026.610894398038,284.97227132397535
358.0,911.9962412100081,404.1805778952137,1026.610894398038,284.97227132397535
359.0,911.9962412100081,404.1805778952137,1026.610894398038,284.97227132397535
360.0,911.9962412100081,404.1805778952137,1026.610894398038,284.97227132397535
361.0,911.9962412100081,404.1805778952137,1026.610894398038,284.97227132397535
362.0,911.9962412100081,404.1805778952137,1026.610894398038,284.97227132397535
363.0,911.9962412100081,404.1805778952137,1051.610894398038,284.97227132397535
364.0,911.9962412100081,404.1805778952137,1077.234980020388,284.97227132397535
365.0,911.9962412100081,404.1805778952137,1103.4518215644716,284.97227132397535
366.0,911.9962412100081,404.1805778952137,1130.2317812342017,284.97227132397535
367.0,936.9962412100081,404.1805778952137,1182.837803812221,284.97227132397535
368.0,962.6606760948762,404.1805778952137,1208.1482657666584,284.97227132397535
369.0,962.6606760948762,404.1805778952137,1233.478151532228,284.97227132397535
370.0,962.6606760948762,404.1805778952137,1259.0764899183732,284.97227132397535
371.0,962.6606760948762,404.1805778952137,1284.6798582940655,284.97227132397535
372.0,962.6606760948762,404.1805778952137,1284.6798582940655,284.97227132397535
373.0,962.6606760948762,404.1805778952137,1284.6798582940655,284.97227132397535
374.0,962.6606760948762,404.1805778952137,1284.6798582940655,284.97227132397535
375.0,987.6606760948762,404.1805778952137,1284.6798582940655,284.97227132397535
376.0,1013.5484749060987,404.1805778952137,1284.6798582940655,284.97227132397535
377.0,1013.5484749060987,404.1805778952137,1284.6798582940655,284.97227132397535
378.0,1013.5484749060987,404.1805778952137,1284.6798582940655,284.97227132397535
379.0,1013.5484749060987,404.1805778952137,1284.6798582940655,284.97227132397535
380.0,1042.4211837862742,404.1805778952137,1284.6798582940655,284.97227132397535
381.0,1042.4211837862742,404.1805778952137,1284.6798582940655,284.97227132397535
382.0,1042.4211837862742,404.1805778952137,1284.6798582940655,284.97227132397535
383.0,1042.4211837862742,404.1805778952137,1284.6798582940655,284.97227132397535
384.0,1042.4211837862742,404.1805778952137,1284.6798582940655,284.97227132397535
385.0,1042.4211837862742,404.1805778952137,1284.6798582940655,284.97227132397535
386.0,1042.4211837862742,404.1805778952137,1284.6798582940655,284.97227132397535
387.0,1042.4211837862742,404.1805778952137,1284.6798582940655,284.97227132397535
388.0,1042.4211837862742,404.1805778952137,1284.6798582940655,284.97227132397535
389.0,1042.4211837862742,404.1805778952137,1284.6798582940655,284.97227132397535
390.0,1042.4211837862742,404.1805778952137,1284.6798582940655,284.97227132397535
391.0,1067.856296577463,404.1805778952137,1284.6798582940655,284.97227132397535
392.0,1094.020308802269,404.1805778952137,1284.6798582940655,284.97227132397535
393.0,1094.020308802269,404.1805778952137,1284.6798582940655,284.97227132397535
394.0,1094.020308802269,404.1805778952137,1284.6798582940655,284.97227132397535
395.0,1094.020308802269,404.1805778952137,1284.6798582940655,284.97227132397535
396.0,1094.020308802269,404.1805778952137,1284.6798582940655,284.97227132397535
397.0,1094.020308802269,404.1805778952137,1284.6798582940655,284.97227132397535
398.0,1094.020308802269,404.1805778952137,1284.6798582940655,284.97227132397535
399.0,1094.020308802269,404.1805778952137,1284.6798582940655,284.97227132397535
400.0,1094.020308802269,404.1805778952137,1284.6798582940655,284.97227132397535
401.0,1094.020308802269,404.1805778952137,1284.6798582940655,284.97227132397535
402.0,1179.330157775792,429.1805778952137,1284.6798582940655,284.97227132397535
403.0,1179.330157775792,429.1805778952137,1284.6798582940655,284.97227132397535
404.0,1179.330157775792,429.1805778952137,1284.6798582940655,284.97227132397535
405.0,1179.330157775792,429.1805778952137,1284.6798582940655,284.97227132397535
406.0,1179.330157775792,429.1805778952137,1309.6798582940655,284.97227132397535
407.0,1179.330157775792,429.1805778952137,1309.6798582940655,284.97227132397535
408.0,1179.330157775792,429.1805778952137,1309.6798582940655,284.97227132397535
409.0,1179.330157775792,429.1805778952137,1309.6798582940655,316.1276971180223
410.0,1179.330157775792,429.1805778952137,1309.6798582940655,316.1276971180223
411.0,1179.330157775792,429.1805778952137,1309.6798582940655,316.1276971180223
412.0,1179.330157775792,429.1805778952137,1334.6798582940655,341.1276971180223
413.0,1179.330157775792,429.1805778952137,1360.2854788782527,366.52318339550004
414.0,1179.330157775792,429.1805778952137,1360.2854788782527,366.52318339550004
415.0,1179.330157775792,429.1805778952137,1360.2854788782527,366.52318339550004
416.0,1179.330157775792,429.1805778952137,1360.2854788782527,366.52318339550004
417.0,1179.330157775792,429.1805778952137,1360.2854788782527,366.52318339550004
418.0,1179.330157775792,429.1805778952137,1360.2854788782527,366.52318339550004
419.0,1179.330157775792,429.1805778952137,1360.2854788782527,366.52318339550004
420.0,1179.330157775792,429.1805778952137,1410.574685065399,366.52318339550004
421.0,1179.330157775792,429.1805778952137,1436.4171699130204,366.52318339550004
422.0,1204.330157775792,429.1805778952137,1436.4171699130204,366.52318339550004
423.0,1230.3524663857252,429.1805778952137,1436.4171699130204,366.52318339550004
424.0,1257.3770985621304,429.1805778952137,1436.4171699130204,366.52318339550004
425.0,1257.3770985621304,429.1805778952137,1436.4171699130204,366.52318339550004
426.0,1257.3770985621304,429.1805778952137,1436.4171699130204,366.52318339550004
427.0,1257.3770985621304,429.1805778952137,1436.4171699130204,366.52318339550004
428.0,1257.3770985621304,429.1805778952137,1436.4171699130204,366.52318339550004
429.0,1257.3770985621304,429.1805778952137,1436.4171699130204,366.52318339550004
430.0,1257.3770985621304,429.1805778952137,1436.4171699130204,366.52318339550004
431.0,1257.3770985621304,429.1805778952137,1436.4171699130204,366.52318339550004
432.0,1257.3770985621304,429.1805778952137,1436.4171699130204,366.52318339550004
433.0,1257.3770985621304,429.1805778952137,1436.4171699130204,366.52318339550004
434.0,1257.3770985621304,429.1805778952137,1436.4171699130204,366.52318339550004
435.0,1257.3770985621304,429.1805778952137,1436.4171699130204,366.52318339550004
436.0,1257.3770985621304,429.1805778952137,1436.4171699130204,366.52318339550004
437.0,1257.3770985621304,429.1805778952137,1436.4171699130204,366.52318339550004
438.0,1257.3770985621304,429.1805778952137,1436.4171699130204,366.52318339550004
439.0,1257.3770985621304,429.1805778952137,1436.4171699130204,366.52318339550004
440.0,1257.3770985621304,429.1805778952137,1436.4171699130204,366.52318339550004
441.0,1257.3770985621304,429.1805778952137,1436.4171699130204,366.52318339550004
442.0,1257.3770985621304,429.1805778952137,1436.4171699130204,366.52318339550004
443.0,1257.3770985621304,429.1805778952137,1436.4171699130204,366.52318339550004
444.0,1257.3770985621304,429.1805778952137,1436.4171699130204,366.52318339550004
445.0,1257.3770985621304,429.1805778952137,1436.4171699130204,366.52318339550004
446.0,1257.3770985621304,429.1805778952137,1436.4171699130204,366.52318339550004
447.0,1257.3770985621304,429.1805778952137,1436.4171699130204,366.52318339550004
448.0,1257.3770985621304,429.1805778952137,1436.4171699130204,366.52318339550004
449.0,1257.3770985621304,429.1805778952137,1436.4171699130204,366.52318339550004
450.0,1257.3770985621304,429.1805778952137,1436.4171699130204,366.52318339550004
451.0,1257.3770985621304,429.1805778952137,1436.4171699130204,366.52318339550004
452.0,1282.3770985621304,429.1805778952137,1436.4171699130204,366.52318339550004
453.0,1282.3770985621304,429.1805778952137,1436.4171699130204,366.52318339550004
454.0,1282.3770985621304,429.1805778952137,1436.4171699130204,366.52318339550004
455.0,1282.3770985621304,429.1805778952137,1436.4171699130204,366.52318339550004
456.0,1282.3770985621304,429.1805778952137,1436.4171699130204,366.52318339550004
457.0,1282.3770985621304,429.1805778952137,1486.4171699130204,366.52318339550004
458.0,1282.3770985621304,429.1805778952137,1511.884692685379,366.52318339550004
459.0,1282.3770985621304,429.1805778952137,1511.884692685379,366.52318339550004
460.0,1282.3770985621304,429.1805778952137,1511.884692685379,366.52318339550004
461.0,1309.1159586502524,429.1805778952137,1511.884692685379,366.52318339550004
462.0,1309.1159586502524,429.1805778952137,1511.884692685379,366.52318339550004
463.0,1309.1159586502524,429.1805778952137,1511.884692685379,366.52318339550004
464.0,1309.1159586502524,429.1805778952137,1511.884692685379,366.52318339550004
465.0,1309.1159586502524,429.1805778952137,1511.884692685379,366.52318339550004
466.0,1309.1159586502524,429.1805778952137,1536.884692685379,366.52318339550004
467.0,1309.1159586502524,429.1805778952137,1536.884692685379,366.52318339550004
468.0,1309.1159586502524,429.1805778952137,1536.884692685379,366.52318339550004
469.0,1309.1159586502524,429.1805778952137,1561.884692685379,366.52318339550004
470.0,1309.1159586502524,429.1805778952137,1561.884692685379,366.52318339550004
471.0,1309.1159586502524,429.1805778952137,1586.884692685379,366.52318339550004
472.0,1335.0352302040703,429.1805778952137,1586.884692685379,366.52318339550004
473.0,1335.0352302040703,460.00285317842184,1586.884692685379,366.52318339550004
474.0,1335.0352302040703,460.00285317842184,1611.884692685379,366.52318339550004
475.0,1335.0352302040703,460.00285317842184,1611.884692685379,366.52318339550004
476.0,1335.0352302040703,460.00285317842184,1611.884692685379,366.52318339550004
477.0,1335.0352302040703,460.00285317842184,1611.884692685379,366.52318339550004
478.0,1335.0352302040703,460.00285317842184,1611.884692685379,366.52318339550004
479.0,1335.0352302040703,460.00285317842184,1636.884692685379,366.52318339550004
480.0,1335.0352302040703,460.00285317842184,1662.3644039956137,366.52318339550004
481.0,1335.0352302040703,460.00285317842184,1688.5880003447048,366.52318339550004
482.0,1335.0352302040703,485.5348249767422,1688.5880003447048,366.52318339550004
483.0,1335.0352302040703,485.5348249767422,1688.5880003447048,366.52318339550004
484.0,1335.0352302040703,485.5348249767422,1688.5880003447048,366.52318339550004
485.0,1335.0352302040703,511.39383688181124,1688.5880003447048,366.52318339550004
486.0,1335.0352302040703,511.39383688181124,1688.5880003447048,366.52318339550004
487.0,1335.0352302040703,511.39383688181124,1688.5880003447048,366.52318339550004
488.0,1335.0352302040703,511.39383688181124,1688.5880003447048,366.52318339550004
489.0,1335.0352302040703,511.39383688181124,1688.5880003447048,366.52318339550004
490.0,1335.0352302040703,511.39383688181124,1688.5880003447048,366.52318339550004
491.0,1335.0352302040703,511.39383688181124,1688.5880003447048,366.52318339550004
492.0,1335.0352302040703,511.39383688181124,1688.5880003447048,366.52318339550004
493.0,1335.0352302040703,511.39383688181124,1713.5880003447048,366.52318339550004
494.0,1335.0352302040703,511.39383688181124,1738.8103902403968,366.52318339550004
495.0,1335.0352302040703,511.39383688181124,1738.8103902403968,366.52318339550004
496.0,1335.0352302040703,511.39383688181124,1738.8103902403968,366.52318339550004
497.0,1335.0352302040703,511.39383688181124,1788.8103902403968,366.52318339550004
498.0,1335.0352302040703,511.39383688181124,1814.3747234560608,366.52318339550004
499.0,1335.0352302040703,511.39383688181124,1814.3747234560608,366.52318339550004
500.0,1335.0352302040703,511.39383688181124,1839.3747234560608,366.52318339550004
501.0,1335.0352302040703,511.39383688181124,1839.3747234560608,366.52318339550004
502.0,1335.0352302040703,511.39383688181124,1864.3747234560608,366.52318339550004
503.0,1335.0352302040703,511.39383688181124,1864.3747234560608,366.52318339550004
504.0,1335.0352302040703,511.39383688181124,1864.3747234560608,366.52318339550004
505.0,1335.0352302040703,511.39383688181124,1864.3747234560608,366.52318339550004
506.0,1335.0352302040703,511.39383688181124,1864.3747234560608,366.52318339550004
507.0,1335.0352302040703,511.39383688181124,1864.3747234560608,366.52318339550004
508.0,1335.0352302040703,511.39383688181124,1864.3747234560608,366.52318339550004
509.0,1335.0352302040703,511.39383688181124,1864.3747234560608,366.52318339550004
510.0,1335.0352302040703,511.39383688181124,1864.3747234560608,366.52318339550004
511.0,1335.0352302040703,511.39383688181124,1914.5924186053633,366.52318339550004
512.0,1335.0352302040703,511.39383688181124,1914.5924186053633,366.52318339550004
513.0,1335.0352302040703,511.39383688181124,1914.5924186053633,366.52318339550004
514.0,1335.0352302040703,511.39383688181124,1914.5924186053633,366.52318339550004
515.0,1335.0352302040703,511.39383688181124,1914.5924186053633,366.52318339550004
516.0,1360.0352302040703,511.39383688181124,1914.5924186053633,366.52318339550004
517.0,1360.0352302040703,511.39383688181124,1914.5924186053633,391.52318339550004
518.0,1360.0352302040703,511.39383688181124,1914.5924186053633,391.52318339550004
519.0,1360.0352302040703,511.39383688181124,1914.5924186053633,416.59432016128187
520.0,1360.0352302040703,511.39383688181124,1914.5924186053633,416.59432016128187
521.0,1360.0352302040703,511.39383688181124,1914.5924186053633,416.59432016128187
522.0,1360.0352302040703,511.39383688181124,1914.5924186053633,416.59432016128187
523.0,1360.0352302040703,511.39383688181124,1914.5924186053633,416.59432016128187
524.0,1360.0352302040703,511.39383688181124,1939.5924186053633,416.59432016128187
525.0,1360.0352302040703,511.39383688181124,1989.8065062874418,416.59432016128187
526.0,1360.0352302040703,511.39383688181124,2041.436281399179,416.59432016128187
527.0,1385.0352302040703,511.39383688181124,2068.324785359835,416.59432016128187
528.0,1410.6910279976032,511.39383688181124,2095.996144392898,416.59432016128187
529.0,1410.6910279976032,511.39383688181124,2124.425783731439,416.59432016128187
530.0,1410.6910279976032,511.39383688181124,2124.425783731439,416.59432016128187
531.0,1410.6910279976032,511.39383688181124,2124.425783731439,416.59432016128187
532.0,1410.6910279976032,511.39383688181124,2124.425783731439,416.59432016128187
533.0,1410.6910279976032,511.39383688181124,2124.425783731439,441.82319768517755
534.0,1410.6910279976032,511.39383688181124,2179.2227183607533,441.82319768517755
535.0,1410.6910279976032,511.39383688181124,2179.2227183607533,441.82319768517755
536.0,1410.6910279976032,536.3938368818112,2179.2227183607533,441.82319768517755
537.0,1410.6910279976032,561.7355107652262,2179.2227183607533,441.82319768517755
538.0,1410.6910279976032,587.4087041392095,2179.2227183607533,441.82319768517755
539.0,1410.6910279976032,587.4087041392095,2179.2227183607533,441.82319768517755
540.0,1410.6910279976032,587.4087041392095,2179.2227183607533,441.82319768517755
541.0,1410.6910279976032,587.4087041392095,2179.2227183607533,441.82319768517755
542.0,1410.6910279976032,587.4087041392095,2179.2227183607533,441.82319768517755
543.0,1410.6910279976032,587.4087041392095,2179.2227183607533,441.82319768517755
544.0,1410.6910279976032,587.4087041392095,2179.2227183607533,441.82319768517755
545.0,1410.6910279976032,587.4087041392095,2179.2227183607533,441.82319768517755
546.0,1410.6910279976032,587.4087041392095,2179.2227183607533,441.82319768517755
547.0,1410.6910279976032,587.4087041392095,2179.2227183607533,441.82319768517755
548.0,1410.6910279976032,587.4087041392095,2179.2227183607533,441.82319768517755
549.0,1410.6910279976032,587.4087041392095,2179.2227183607533,441.82319768517755
550.0,1410.6910279976032,587.4087041392095,2179.2227183607533,441.82319768517755
551.0,1410.6910279976032,587.4087041392095,2179.2227183607533,441.82319768517755
552.0,1410.6910279976032,587.4087041392095,2179.2227183607533,441.82319768517755
553.0,1410.6910279976032,587.4087041392095,2179.2227183607533,441.82319768517755
554.0,1435.6910279976032,587.4087041392095,2179.2227183607533,441.82319768517755
555.0,1435.6910279976032,587.4087041392095,2179.2227183607533,441.82319768517755
556.0,1435.6910279976032,587.4087041392095,2179.2227183607533,441.82319768517755
557.0,1487.7235092122985,587.4087041392095,2179.2227183607533,441.82319768517755
558.0,1487.7235092122985,587.4087041392095,2179.2227183607533,441.82319768517755
559.0,1487.7235092122985,587.4087041392095,2179.2227183607533,441.82319768517755
560.0,1487.7235092122985,587.4087041392095,2179.2227183607533,441.82319768517755
561.0,1487.7235092122985,587.4087041392095,2179.2227183607533,441.82319768517755
562.0,1487.7235092122985,587.4087041392095,2179.2227183607533,441.82319768517755
563.0,1487.7235092122985,587.4087041392095,2179.2227183607533,441.82319768517755
564.0,1487.7235092122985,587.4087041392095,2179.2227183607533,441.82319768517755
565.0,1487.7235092122985,587.4087041392095,2179.2227183607533,441.82319768517755
566.0,1487.7235092122985,587.4087041392095,2179.2227183607533,441.82319768517755
567.0,1487.7235092122985,587.4087041392095,2179.2227183607533,441.82319768517755
568.0,1487.7235092122985,587.4087041392095,2179.2227183607533,441.82319768517755
569.0,1487.7235092122985,587.4087041392095,2179.2227183607533,441.82319768517755
570.0,1487.7235092122985,587.4087041392095,2179.2227183607533,441.82319768517755
571.0,1487.7235092122985,587.4087041392095,2179.2227183607533,441.82319768517755
572.0,1487.7235092122985,587.4087041392095,2179.2227183607533,441.82319768517755
573.0,1487.7235092122985,587.4087041392095,2179.2227183607533,441.82319768517755
574.0,1487.7235092122985,587.4087041392095,2179.2227183607533,441.82319768517755
575.0,1487.7235092122985,587.4087041392095,2179.2227183607533,441.82319768517755
576.0,1487.7235092122985,587.4087041392095,2179.2227183607533,441.82319768517755
577.0,1487.7235092122985,587.4087041392095,2179.2227183607533,441.82319768517755
578.0,1487.7235092122985,587.4087041392095,2179.2227183607533,441.82319768517755
579.0,1487.7235092122985,587.4087041392095,2179.2227183607533,441.82319768517755
580.0,1487.7235092122985,587.4087041392095,2179.2227183607533,441.82319768517755
581.0,1539.7424505972526,587.4087041392095,2179.2227183607533,441.82319768517755
582.0,1565.456704571291,587.4087041392095,2179.2227183607533,441.82319768517755
583.0,1592.1082539046695,587.4087041392095,2179.2227183607533,441.82319768517755
584.0,1619.658882565187,587.4087041392095,2179.2227183607533,441.82319768517755
585.0,1647.7869462270414,587.4087041392095,2179.2227183607533,466.82319768517755
586.0,1647.7869462270414,587.4087041392095,2179.2227183607533,466.82319768517755
587.0,1647.7869462270414,587.4087041392095,2179.2227183607533,491.82319768517755
588.0,1647.7869462270414,587.4087041392095,2179.2227183607533,491.82319768517755
589.0,1672.7869462270414,612.4087041392095,2179.2227183607533,491.82319768517755
590.0,1698.3218062404885,612.4087041392095,2179.2227183607533,518.6346972074539
591.0,1698.3218062404885,612.4087041392095,2179.2227183607533,518.6346972074539
592.0,1698.3218062404885,612.4087041392095,2179.2227183607533,518.6346972074539
593.0,1698.3218062404885,612.4087041392095,2179.2227183607533,548.5765035843602
594.0,1698.3218062404885,612.4087041392095,2179.2227183607533,548.5765035843602
595.0,1698.3218062404885,612.4087041392095,2179.2227183607533,548.5765035843602
596.0,1698.3218062404885,612.4087041392095,2179.2227183607533,548.5765035843602
597.0,1698.3218062404885,612.4087041392095,2204.2227183607533,548.5765035843602
598.0,1698.3218062404885,612.4087041392095,2229.5394769877416,548.5765035843602
599.0,1698.3218062404885,612.4087041392095,2229.5394769877416,548.5765035843602
600.0,1698.3218062404885,612.4087041392095,2229.5394769877416,548.5765035843602
601.0,1698.3218062404885,612.4087041392095,2257.672713820291,548.5765035843602
602.0,1698.3218062404885,612.4087041392095,2257.672713820291,548.5765035843602
603.0,1698.3218062404885,612.4087041392095,2257.672713820291,548.5765035843602
604.0,1698.3218062404885,612.4087041392095,2257.672713820291,548.5765035843602
605.0,1698.3218062404885,612.4087041392095,2257.672713820291,548.5765035843602
606.0,1698.3218062404885,612.4087041392095,2257.672713820291,548.5765035843602
607.0,1698.3218062404885,612.4087041392095,2257.672713820291,548.5765035843602
608.0,1698.3218062404885,612.4087041392095,2257.672713820291,548.5765035843602
609.0,1698.3218062404885,612.4087041392095,2257.672713820291,548.5765035843602
610.0,1726.2518388656329,612.4087041392095,2257.672713820291,548.5765035843602
611.0,1754.800224280568,637.85689772055,2257.672713820291,548.5765035843602
612.0,1783.5942798331403,637.85689772055,2257.672713820291,548.5765035843602
613.0,1812.6256564438916,637.85689772055,2282.672713820291,548.5765035843602
614.0,1812.6256564438916,703.3637168395506,2308.2556280008957,548.5765035843602
615.0,1841.5394092565648,703.3637168395506,2334.4468956464125,548.5765035843602
616.0,1841.5394092565648,703.3637168395506,2424.7305838662546,548.5765035843602
617.0,1841.5394092565648,703.3637168395506,2424.7305838662546,548.5765035843602
618.0,1841.5394092565648,703.3637168395506,2424.7305838662546,548.5765035843602
619.0,1841.5394092565648,703.3637168395506,2424.7305838662546,548.5765035843602
620.0,1841.5394092565648,703.3637168395506,2424.7305838662546,548.5765035843602
621.0,1841.5394092565648,703.3637168395506,2424.7305838662546,548.5765035843602
622.0,1841.5394092565648,703.3637168395506,2424.7305838662546,548.5765035843602
623.0,1841.5394092565648,703.3637168395506,2424.7305838662546,548.5765035843602
624.0,1841.5394092565648,703.3637168395506,2424.7305838662546,548.5765035843602
625.0,1841.5394092565648,703.3637168395506,2424.7305838662546,548.5765035843602
626.0,1841.5394092565648,703.3637168395506,2424.7305838662546,548.5765035843602
627.0,1841.5394092565648,703.3637168395506,2424.7305838662546,548.5765035843602
628.0,1841.5394092565648,703.3637168395506,2424.7305838662546,548.5765035843602
629.0,1841.5394092565648,703.3637168395506,2424.7305838662546,548.5765035843602
630.0,1841.5394092565648,703.3637168395506,2424.7305838662546,573.5765035843602
631.0,1841.5394092565648,703.3637168395506,2424.7305838662546,598.8875679973231
632.0,1841.5394092565648,703.3637168395506,2424.7305838662546,598.8875679973231
633.0,1841.5394092565648,703.3637168395506,2424.7305838662546,598.8875679973231
634.0,1841.5394092565648,703.3637168395506,2424.7305838662546,598.8875679973231
635.0,1841.5394092565648,703.3637168395506,2424.7305838662546,598.8875679973231
636.0,1841.5394092565648,703.3637168395506,2424.7305838662546,598.8875679973231
637.0,1841.5394092565648,728.3637168395506,2424.7305838662546,598.8875679973231
638.0,1841.5394092565648,728.3637168395506,2424.7305838662546,598.8875679973231
639.0,1841.5394092565648,728.3637168395506,2424.7305838662546,598.8875679973231
640.0,1866.5394092565648,761.1457502273945,2424.7305838662546,598.8875679973231
641.0,1891.639513879433,761.1457502273945,2424.7305838662546,598.8875679973231
642.0,1891.639513879433,761.1457502273945,2424.7305838662546,598.8875679973231
643.0,1891.639513879433,761.1457502273945,2424.7305838662546,598.8875679973231
644.0,1891.639513879433,761.1457502273945,2620.812221495416,657.5426284128283
645.0,1891.639513879433,761.1457502273945,2620.812221495416,657.5426284128283
646.0,1891.639513879433,761.1457502273945,2678.9280101049594,657.5426284128283
647.0,1891.639513879433,761.1457502273945,2678.9280101049594,657.5426284128283
648.0,1891.639513879433,761.1457502273945,2678.9280101049594,657.5426284128283
649.0,1891.639513879433,761.1457502273945,2678.9280101049594,657.5426284128283
650.0,1916.639513879433,761.1457502273945,2678.9280101049594,657.5426284128283
651.0,1916.639513879433,761.1457502273945,2678.9280101049594,657.5426284128283
652.0,1916.639513879433,761.1457502273945,2678.9280101049594,657.5426284128283
653.0,1916.639513879433,761.1457502273945,2678.9280101049594,657.5426284128283
654.0,1916.639513879433,761.1457502273945,2678.9280101049594,657.5426284128283
655.0,1916.639513879433,761.1457502273945,2678.9280101049594,657.5426284128283
656.0,1916.639513879433,761.1457502273945,2678.9280101049594,657.5426284128283
657.0,1916.639513879433,761.1457502273945,2678.9280101049594,657.5426284128283
658.0,1916.639513879433,761.1457502273945,2678.9280101049594,657.5426284128283
659.0,1916.639513879433,761.1457502273945,2678.9280101049594,657.5426284128283
660.0,1916.639513879433,761.1457502273945,2678.9280101049594,657.5426284128283
661.0,1916.639513879433,761.1457502273945,2678.9280101049594,657.5426284128283
662.0,1916.639513879433,761.1457502273945,2678.9280101049594,657.5426284128283
663.0,1916.639513879433,761.1457502273945,2678.9280101049594,657.5426284128283
664.0,1916.639513879433,761.1457502273945,2678.9280101049594,657.5426284128283
665.0,1916.639513879433,761.1457502273945,2678.9280101049594,657.5426284128283
666.0,1916.639513879433,761.1457502273945,2678.9280101049594,657.5426284128283
667.0,1916.639513879433,761.1457502273945,2678.9280101049594,657.5426284128283
668.0,1916.639513879433,761.1457502273945,2678.9280101049594,657.5426284128283
669.0,1941.639513879433,786.1457502273945,2678.9280101049594,657.5426284128283
670.0,1967.2830769629065,786.1457502273945,2703.9280101049594,657.5426284128283
671.0,1967.2830769629065,786.1457502273945,2703.9280101049594,657.5426284128283
672.0,1967.2830769629065,786.1457502273945,2703.9280101049594,657.5426284128283
673.0,1967.2830769629065,786.1457502273945,2703.9280101049594,657.5426284128283
674.0,1967.2830769629065,786.1457502273945,2703.9280101049594,657.5426284128283
675.0,1967.2830769629065,786.1457502273945,2703.9280101049594,657.5426284128283
676.0,1967.2830769629065,786.1457502273945,2703.9280101049594,657.5426284128283
677.0,1967.2830769629065,786.1457502273945,2703.9280101049594,657.5426284128283
678.0,1967.2830769629065,786.1457502273945,2703.9280101049594,657.5426284128283
679.0,1967.2830769629065,786.1457502273945,2703.9280101049594,657.5426284128283
680.0,1967.2830769629065,786.1457502273945,2703.9280101049594,657.5426284128283
681.0,1967.2830769629065,786.1457502273945,2703.9280101049594,657.5426284128283
682.0,1967.2830769629065,786.1457502273945,2703.9280101049594,657.5426284128283
683.0,1967.2830769629065,786.1457502273945,2703.9280101049594,657.5426284128283
684.0,1967.2830769629065,786.1457502273945,2703.9280101049594,657.5426284128283
685.0,1967.2830769629065,786.1457502273945,2703.9280101049594,657.5426284128283
686.0,1967.2830769629065,786.1457502273945,2703.9280101049594,657.5426284128283
687.0,1967.2830769629065,786.1457502273945,2703.9280101049594,657.5426284128283
688.0,1992.2830769629065,786.1457502273945,2703.9280101049594,657.5426284128283
689.0,2042.7311895066757,786.1457502273945,2703.9280101049594,657.5426284128283
690.0,2118.915089676306,786.1457502273945,2703.9280101049594,657.5426284128283
691.0,2145.633802333907,786.1457502273945,2703.9280101049594,657.5426284128283
692.0,2172.9471811890508,786.1457502273945,2703.9280101049594,657.5426284128283
693.0,2172.9471811890508,786.1457502273945,2703.9280101049594,657.5426284128283
694.0,2172.9471811890508,786.1457502273945,2703.9280101049594,657.5426284128283
695.0,2172.9471811890508,786.1457502273945,2703.9280101049594,657.5426284128283
696.0,2172.9471811890508,786.1457502273945,2703.9280101049594,657.5426284128283
697.0,2197.9471811890508,786.1457502273945,2703.9280101049594,657.5426284128283
698.0,2223.2489602918686,786.1457502273945,2703.9280101049594,657.5426284128283
699.0,2223.2489602918686,786.1457502273945,2703.9280101049594,657.5426284128283
700.0,2249.1278115814657,786.1457502273945,2703.9280101049594,657.5426284128283
701.0,2249.1278115814657,786.1457502273945,2703.9280101049594,657.5426284128283
702.0,2249.1278115814657,786.1457502273945,2703.9280101049594,657.5426284128283
703.0,2249.1278115814657,786.1457502273945,2703.9280101049594,657.5426284128283
704.0,2249.1278115814657,786.1457502273945,2703.9280101049594,657.5426284128283
705.0,2249.1278115814657,786.1457502273945,2703.9280101049594,657.5426284128283
706.0,2249.1278115814657,786.1457502273945,2703.9280101049594,657.5426284128283
707.0,2249.1278115814657,786.1457502273945,2703.9280101049594,657.5426284128283
708.0,2249.1278115814657,786.1457502273945,2703.9280101049594,657.5426284128283
709.0,2249.1278115814657,786.1457502273945,2703.9280101049594,657.5426284128283
710.0,2249.1278115814657,786.1457502273945,2703.9280101049594,657.5426284128283
711.0,2249.1278115814657,786.1457502273945,2703.9280101049594,657.5426284128283
712.0,2249.1278115814657,786.1457502273945,2703.9280101049594,657.5426284128283
713.0,2249.1278115814657,786.1457502273945,2703.9280101049594,657.5426284128283
714.0,2249.1278115814657,786.1457502273945,2703.9280101049594,657.5426284128283
715.0,2249.1278115814657,786.1457502273945,2703.9280101049594,657.5426284128283
716.0,2249.1278115814657,786.1457502273945,2703.9280101049594,657.5426284128283
717.0,2249.1278115814657,786.1457502273945,2703.9280101049594,657.5426284128283
718.0,2249.1278115814657,786.1457502273945,2703.9280101049594,657.5426284128283
719.0,2274.1278115814657,811.1457502273945,2703.9280101049594,657.5426284128283
720.0,2299.4118941232864,836.4333675214142,2703.9280101049594,657.5426284128283
721.0,2324.980180623107,836.4333675214142,2703.9280101049594,657.5426284128283
722.0,2351.353764002861,836.4333675214142,2703.9280101049594,657.5426284128283
723.0,2378.507957514475,836.4333675214142,2703.9280101049594,657.5426284128283
724.0,2378.507957514475,836.4333675214142,2703.9280101049594,657.5426284128283
725.0,2378.507957514475,836.4333675214142,2703.9280101049594,657.5426284128283
726.0,2378.507957514475,836.4333675214142,2703.9280101049594,657.5426284128283
727.0,2378.507957514475,836.4333675214142,2703.9280101049594,657.5426284128283
728.0,2378.507957514475,836.4333675214142,2703.9280101049594,657.5426284128283
729.0,2403.507957514475,836.4333675214142,2703.9280101049594,657.5426284128283
730.0,2429.180948443245,836.4333675214142,2703.9280101049594,657.5426284128283
731.0,2455.5065986636264,836.4333675214142,2703.9280101049594,657.5426284128283
732.0,2455.5065986636264,836.4333675214142,2703.9280101049594,657.5426284128283
733.0,2455.5065986636264,836.4333675214142,2703.9280101049594,657.5426284128283
734.0,2455.5065986636264,836.4333675214142,2703.9280101049594,657.5426284128283
735.0,2455.5065986636264,836.4333675214142,2703.9280101049594,657.5426284128283
736.0,2455.5065986636264,836.4333675214142,2729.2084712543638,657.5426284128283
737.0,2455.5065986636264,836.4333675214142,2729.2084712543638,657.5426284128283
738.0,2455.5065986636264,836.4333675214142,2729.2084712543638,657.5426284128283
739.0,2455.5065986636264,836.4333675214142,2729.2084712543638,657.5426284128283
740.0,2455.5065986636264,836.4333675214142,2729.2084712543638,657.5426284128283
741.0,2455.5065986636264,836.4333675214142,2729.2084712543638,657.5426284128283
742.0,2455.5065986636264,836.4333675214142,2729.2084712543638,657.5426284128283
743.0,2455.5065986636264,836.4333675214142,2729.2084712543638,657.5426284128283
744.0,2455.5065986636264,836.4333675214142,2729.2084712543638,657.5426284128283
745.0,2455.5065986636264,836.4333675214142,2729.2084712543638,657.5426284128283
746.0,2455.5065986636264,836.4333675214142,2729.2084712543638,657.5426284128283
747.0,2455.5065986636264,836.4333675214142,2729.2084712543638,657.5426284128283
748.0,2455.5065986636264,836.4333675214142,2729.2084712543638,657.5426284128283
749.0,2480.5065986636264,836.4333675214142,2729.2084712543638,657.5426284128283
750.0,2505.5401492146325,836.4333675214142,2729.2084712543638,657.5426284128283
751.0,2530.9005167437667,836.4333675214142,2729.2084712543638,657.5426284128283
752.0,2530.9005167437667,836.4333675214142,2729.2084712543638,657.5426284128283
753.0,2530.9005167437667,836.4333675214142,2729.2084712543638,657.5426284128283
754.0,2530.9005167437667,836.4333675214142,2729.2084712543638,657.5426284128283
755.0,2530.9005167437667,836.4333675214142,2729.2084712543638,657.5426284128283
756.0,2530.9005167437667,836.4333675214142,2729.2084712543638,657.5426284128283
757.0,2530.9005167437667,836.4333675214142,2729.2084712543638,657.5426284128283
758.0,2530.9005167437667,836.4333675214142,2729.2084712543638,657.5426284128283
759.0,2530.9005167437667,836.4333675214142,2729.2084712543638,657.5426284128283
760.0,2530.9005167437667,836.4333675214142,2729.2084712543638,657.5426284128283
761.0,2530.9005167437667,836.4333675214142,2729.2084712543638,657.5426284128283
762.0,2530.9005167437667,836.4333675214142,2729.2084712543638,657.5426284128283
763.0,2530.9005167437667,836.4333675214142,2729.2084712543638,657.5426284128283
764.0,2530.9005167437667,836.4333675214142,2729.2084712543638,657.5426284128283
765.0,2530.9005167437667,836.4333675214142,2729.2084712543638,657.5426284128283
766.0,2530.9005167437667,836.4333675214142,2729.2084712543638,657.5426284128283
767.0,2530.9005167437667,836.4333675214142,2729.2084712543638,657.5426284128283
768.0,2530.9005167437667,836.4333675214142,2729.2084712543638,657.5426284128283
769.0,2530.9005167437667,836.4333675214142,2729.2084712543638,657.5426284128283
770.0,2530.9005167437667,836.4333675214142,2729.2084712543638,657.5426284128283
771.0,2555.9005167437667,836.4333675214142,2729.2084712543638,657.5426284128283
772.0,2581.5703057005326,836.4333675214142,2729.2084712543638,657.5426284128283
773.0,2608.1393779670566,836.4333675214142,2729.2084712543638,657.5426284128283
774.0,2661.115980145033,836.4333675214142,2729.2084712543638,657.5426284128283
775.0,2715.9592045116747,836.4333675214142,2729.2084712543638,657.5426284128283
776.0,2744.9113870491965,836.4333675214142,2729.2084712543638,657.5426284128283
777.0,2801.304773338272,836.4333675214142,2729.2084712543638,657.5426284128283
778.0,2801.304773338272,836.4333675214142,2729.2084712543638,657.5426284128283
779.0,2801.304773338272,836.4333675214142,2729.2084712543638,657.5426284128283
780.0,2801.304773338272,836.4333675214142,2729.2084712543638,657.5426284128283
781.0,2801.304773338272,836.4333675214142,2729.2084712543638,657.5426284128283
782.0,2801.304773338272,861.4333675214142,2729.2084712543638,657.5426284128283
783.0,2801.304773338272,861.4333675214142,2729.2084712543638,657.5426284128283
784.0,2801.304773338272,861.4333675214142,2729.2084712543638,657.5426284128283
785.0,2801.304773338272,861.4333675214142,2754.2084712543638,682.5426284128283
786.0,2801.304773338272,861.4333675214142,2779.458514930424,707.7926720888885
787.0,2801.304773338272,861.4333675214142,2805.196100098741,733.2802572572058
788.0,2801.304773338272,861.4333675214142,2805.196100098741,758.9935068431674
789.0,2801.304773338272,861.4333675214142,2805.196100098741,784.9211376258911
790.0,2801.304773338272,861.4333675214142,2805.196100098741,784.9211376258911
791.0,2801.304773338272,861.4333675214142,2805.196100098741,784.9211376258911
792.0,2801.304773338272,861.4333675214142,2805.196100098741,784.9211376258911
793.0,2801.304773338272,861.4333675214142,2805.196100098741,784.9211376258911
794.0,2801.304773338272,861.4333675214142,2805.196100098741,784.9211376258911
795.0,2801.304773338272,861.4333675214142,2805.196100098741,784.9211376258911
796.0,2801.304773338272,861.4333675214142,2805.196100098741,784.9211376258911
797.0,2801.304773338272,861.4333675214142,2805.196100098741,784.9211376258911
798.0,2801.304773338272,861.4333675214142,2805.196100098741,784.9211376258911
799.0,2826.304773338272,861.4333675214142,2805.196100098741,784.9211376258911
800.0,2851.5277925069113,861.4333675214142,2805.196100098741,784.9211376258911
801.0,2851.5277925069113,861.4333675214142,2805.196100098741,784.9211376258911
802.0,2851.5277925069113,861.4333675214142,2805.196100098741,784.9211376258911
803.0,2851.5277925069113,861.4333675214142,2805.196100098741,784.9211376258911
804.0,2851.5277925069113,861.4333675214142,2805.196100098741,784.9211376258911
805.0,2851.5277925069113,861.4333675214142,2805.196100098741,784.9211376258911
806.0,2851.5277925069113,861.4333675214142,2805.196100098741,784.9211376258911
807.0,2851.5277925069113,861.4333675214142,2805.196100098741,784.9211376258911
808.0,2851.5277925069113,861.4333675214142,2805.196100098741,784.9211376258911
809.0,2851.5277925069113,861.4333675214142,2805.196100098741,784.9211376258911
810.0,2851.5277925069113,861.4333675214142,2805.196100098741,784.9211376258911
811.0,2851.5277925069113,861.4333675214142,2855.6797051515077,784.9211376258911
812.0,2851.5277925069113,861.4333675214142,2855.6797051515077,784.9211376258911
813.0,2851.5277925069113,861.4333675214142,2881.2878794888406,784.9211376258911
814.0,2851.5277925069113,861.4333675214142,2907.029579025499,784.9211376258911
815.0,2851.5277925069113,861.4333675214142,2907.029579025499,784.9211376258911
816.0,2851.5277925069113,861.4333675214142,2907.029579025499,784.9211376258911
817.0,2876.5277925069113,861.4333675214142,2907.029579025499,784.9211376258911
818.0,2902.0440420180507,861.4333675214142,2907.029579025499,784.9211376258911
819.0,2928.403474504304,861.4333675214142,2907.029579025499,784.9211376258911
820.0,2955.5882843677336,861.4333675214142,2907.029579025499,784.9211376258911
821.0,2955.5882843677336,861.4333675214142,2907.029579025499,784.9211376258911
822.0,2955.5882843677336,861.4333675214142,2907.029579025499,784.9211376258911
823.0,2980.5882843677336,861.4333675214142,2958.887182469925,836.8927142081753
824.0,2980.5882843677336,861.4333675214142,2958.887182469925,836.8927142081753
825.0,2980.5882843677336,861.4333675214142,2958.887182469925,836.8927142081753
826.0,2980.5882843677336,861.4333675214142,2958.887182469925,836.8927142081753
827.0,2980.5882843677336,861.4333675214142,2958.887182469925,836.8927142081753
828.0,2980.5882843677336,861.4333675214142,2958.887182469925,836.8927142081753
829.0,2980.5882843677336,861.4333675214142,2958.887182469925,836.8927142081753
830.0,2980.5882843677336,861.4333675214142,2958.887182469925,836.8927142081753
831.0,3005.5882843677336,861.4333675214142,2958.887182469925,836.8927142081753
832.0,3030.9497693484273,861.4333675214142,2958.887182469925,836.8927142081753
833.0,3056.959449378608,861.4333675214142,2958.887182469925,836.8927142081753
834.0,3083.5972340101875,861.4333675214142,2958.887182469925,836.8927142081753
835.0,3083.5972340101875,861.4333675214142,2958.887182469925,836.8927142081753
836.0,3083.5972340101875,861.4333675214142,2958.887182469925,836.8927142081753
837.0,3112.5371151755394,861.4333675214142,2958.887182469925,836.8927142081753
838.0,3112.5371151755394,861.4333675214142,2958.887182469925,836.8927142081753
839.0,3112.5371151755394,861.4333675214142,2958.887182469925,836.8927142081753
840.0,3112.5371151755394,861.4333675214142,2958.887182469925,836.8927142081753
841.0,3112.5371151755394,861.4333675214142,2958.887182469925,836.8927142081753
842.0,3112.5371151755394,861.4333675214142,2958.887182469925,836.8927142081753
843.0,3112.5371151755394,861.4333675214142,2958.887182469925,836.8927142081753
844.0,3112.5371151755394,861.4333675214142,2958.887182469925,836.8927142081753
845.0,3112.5371151755394,861.4333675214142,2958.887182469925,836.8927142081753
846.0,3112.5371151755394,861.4333675214142,2958.887182469925,836.8927142081753
847.0,3112.5371151755394,861.4333675214142,2958.887182469925,836.8927142081753
848.0,3112.5371151755394,861.4333675214142,2958.887182469925,836.8927142081753
849.0,3112.5371151755394,861.4333675214142,2958.887182469925,836.8927142081753
850.0,3112.5371151755394,861.4333675214142,2958.887182469925,836.8927142081753
851.0,3112.5371151755394,861.4333675214142,2958.887182469925,836.8927142081753
852.0,3112.5371151755394,861.4333675214142,2958.887182469925,836.8927142081753
853.0,3112.5371151755394,861.4333675214142,2958.887182469925,836.8927142081753
854.0,3112.5371151755394,861.4333675214142,2958.887182469925,836.8927142081753
855.0,3112.5371151755394,861.4333675214142,2958.887182469925,836.8927142081753
856.0,3112.5371151755394,861.4333675214142,2958.887182469925,836.8927142081753
857.0,3112.5371151755394,861.4333675214142,2958.887182469925,836.8927142081753
858.0,3112.5371151755394,861.4333675214142,2958.887182469925,836.8927142081753
859.0,3112.5371151755394,861.4333675214142,2958.887182469925,836.8927142081753
860.0,3112.5371151755394,861.4333675214142,2958.887182469925,836.8927142081753
861.0,3112.5371151755394,861.4333675214142,2958.887182469925,836.8927142081753
862.0,3112.5371151755394,861.4333675214142,2958.887182469925,836.8927142081753
863.0,3112.5371151755394,861.4333675214142,2958.887182469925,836.8927142081753
864.0,3112.5371151755394,861.4333675214142,2958.887182469925,836.8927142081753
865.0,3112.5371151755394,861.4333675214142,2958.887182469925,836.8927142081753
866.0,3112.5371151755394,861.4333675214142,2958.887182469925,836.8927142081753
867.0,3112.5371151755394,861.4333675214142,2958.887182469925,836.8927142081753
868.0,3112.5371151755394,861.4333675214142,2958.887182469925,836.8927142081753
869.0,3112.5371151755394,861.4333675214142,2958.887182469925,836.8927142081753
870.0,3112.5371151755394,861.4333675214142,2958.887182469925,836.8927142081753
871.0,3112.5371151755394,861.4333675214142,2958.887182469925,836.8927142081753
872.0,3112.5371151755394,861.4333675214142,2958.887182469925,836.8927142081753
873.0,3112.5371151755394,861.4333675214142,2958.887182469925,836.8927142081753
874.0,3112.5371151755394,861.4333675214142,2958.887182469925,836.8927142081753
875.0,3112.5371151755394,861.4333675214142,2958.887182469925,836.8927142081753
876.0,3112.5371151755394,861.4333675214142,2958.887182469925,836.8927142081753
877.0,3112.5371151755394,861.4333675214142,2958.887182469925,836.8927142081753
878.0,3112.5371151755394,861.4333675214142,2958.887182469925,836.8927142081753
879.0,3112.5371151755394,861.4333675214142,2958.887182469925,836.8927142081753
880.0,3112.5371151755394,861.4333675214142,2958.887182469925,836.8927142081753
881.0,3112.5371151755394,861.4333675214142,2958.887182469925,836.8927142081753
882.0,3112.5371151755394,861.4333675214142,2958.887182469925,836.8927142081753
883.0,3112.5371151755394,861.4333675214142,2958.887182469925,836.8927142081753
884.0,3112.5371151755394,861.4333675214142,2958.887182469925,836.8927142081753
885.0,3112.5371151755394,861.4333675214142,2958.887182469925,836.8927142081753
886.0,3112.5371151755394,861.4333675214142,2958.887182469925,836.8927142081753
887.0,3112.5371151755394,861.4333675214142,2958.887182469925,836.8927142081753
888.0,3112.5371151755394,861.4333675214142,2958.887182469925,836.8927142081753
889.0,3112.5371151755394,861.4333675214142,2958.887182469925,836.8927142081753
890.0,3112.5371151755394,861.4333675214142,2958.887182469925,836.8927142081753
891.0,3112.5371151755394,861.4333675214142,2958.887182469925,836.8927142081753
892.0,3112.5371151755394,861.4333675214142,2958.887182469925,836.8927142081753
893.0,3112.5371151755394,861.4333675214142,2958.887182469925,836.8927142081753
894.0,3112.5371151755394,861.4333675214142,2958.887182469925,836.8927142081753
895.0,3112.5371151755394,861.4333675214142,2958.887182469925,836.8927142081753
896.0,3112.5371151755394,861.4333675214142,2958.887182469925,836.8927142081753
897.0,3112.5371151755394,861.4333675214142,2958.887182469925,836.8927142081753
898.0,3112.5371151755394,861.4333675214142,2958.887182469925,836.8927142081753
899.0,3112.5371151755394,861.4333675214142,2958.887182469925,836.8927142081753
900.0,3112.5371151755394,861.4333675214142,2958.887182469925,836.8927142081753
901.0,3112.5371151755394,861.4333675214142,2958.887182469925,836.8927142081753
902.0,3112.5371151755394,861.4333675214142,2958.887182469925,836.8927142081753
903.0,3112.5371151755394,861.4333675214142,2958.887182469925,836.8927142081753
904.0,3112.5371151755394,861.4333675214142,2958.887182469925,836.8927142081753
905.0,3112.5371151755394,861.4333675214142,2958.887182469925,836.8927142081753
906.0,3112.5371151755394,861.4333675214142,2958.887182469925,836.8927142081753
907.0,3112.5371151755394,861.4333675214142,2958.887182469925,836.8927142081753
908.0,3112.5371151755394,861.4333675214142,2958.887182469925,836.8927142081753
909.0,3112.5371151755394,861.4333675214142,2958.887182469925,836.8927142081753
910.0,3112.5371151755394,861.4333675214142,2958.887182469925,836.8927142081753
911.0,3112.5371151755394,861.4333675214142,2958.887182469925,836.8927142081753
912.0,3112.5371151755394,861.4333675214142,2958.887182469925,836.8927142081753
913.0,3137.5371151755394,861.4333675214142,2958.887182469925,836.8927142081753
914.0,3137.5371151755394,861.4333675214142,2958.887182469925,836.8927142081753
915.0,3137.5371151755394,861.4333675214142,2958.887182469925,836.8927142081753
916.0,3137.5371151755394,861.4333675214142,2958.887182469925,836.8927142081753
917.0,3137.5371151755394,861.4333675214142,2958.887182469925,836.8927142081753
918.0,3137.5371151755394,861.4333675214142,2958.887182469925,836.8927142081753
919.0,3137.5371151755394,861.4333675214142,2958.887182469925,836.8927142081753
920.0,3137.5371151755394,861.4333675214142,2958.887182469925,836.8927142081753
921.0,3137.5371151755394,861.4333675214142,2958.887182469925,836.8927142081753
922.0,3137.5371151755394,861.4333675214142,2958.887182469925,836.8927142081753
923.0,3171.427876772971,861.4333675214142,2958.887182469925,836.8927142081753
924.0,3171.427876772971,861.4333675214142,2958.887182469925,836.8927142081753
925.0,3171.427876772971,861.4333675214142,2958.887182469925,836.8927142081753
926.0,3171.427876772971,861.4333675214142,2958.887182469925,836.8927142081753
927.0,3171.427876772971,861.4333675214142,2958.887182469925,836.8927142081753
928.0,3171.427876772971,861.4333675214142,2958.887182469925,836.8927142081753
929.0,3171.427876772971,861.4333675214142,2958.887182469925,836.8927142081753
930.0,3171.427876772971,861.4333675214142,2958.887182469925,836.8927142081753
931.0,3207.1220661047987,861.4333675214142,2958.887182469925,836.8927142081753
932.0,3207.1220661047987,861.4333675214142,2958.887182469925,836.8927142081753
933.0,3236.0923410812197,861.4333675214142,2958.887182469925,836.8927142081753
934.0,3236.0923410812197,861.4333675214142,2958.887182469925,836.8927142081753
935.0,3263.1587177094802,861.4333675214142,2958.887182469925,836.8927142081753
936.0,3263.1587177094802,861.4333675214142,2958.887182469925,836.8927142081753
937.0,3291.6239249883088,861.4333675214142,2958.887182469925,836.8927142081753
938.0,3291.6239249883088,861.4333675214142,2958.887182469925,836.8927142081753
939.0,3291.6239249883088,861.4333675214142,2958.887182469925,836.8927142081753
940.0,3291.6239249883088,861.4333675214142,2958.887182469925,836.8927142081753
941.0,3291.6239249883088,861.4333675214142,2958.887182469925,836.8927142081753
942.0,3291.6239249883088,861.4333675214142,2958.887182469925,836.8927142081753
943.0,3291.6239249883088,861.4333675214142,2958.887182469925,836.8927142081753
944.0,3316.6239249883088,861.4333675214142,2958.887182469925,836.8927142081753
945.0,3342.355244283403,861.4333675214142,2958.887182469925,836.8927142081753
946.0,3369.2007997358114,861.4333675214142,2958.887182469925,836.8927142081753
947.0,3369.2007997358114,861.4333675214142,2958.887182469925,836.8927142081753
948.0,3369.2007997358114,861.4333675214142,2958.887182469925,836.8927142081753
949.0,3369.2007997358114,861.4333675214142,2958.887182469925,836.8927142081753
950.0,3369.2007997358114,861.4333675214142,2958.887182469925,836.8927142081753
951.0,3369.2007997358114,861.4333675214142,2958.887182469925,836.8927142081753
952.0,3369.2007997358114,861.4333675214142,2958.887182469925,836.8927142081753
953.0,3369.2007997358114,861.4333675214142,2958.887182469925,836.8927142081753
954.0,3369.2007997358114,861.4333675214142,2958.887182469925,836.8927142081753
955.0,3369.2007997358114,861.4333675214142,2958.887182469925,836.8927142081753
956.0,3394.2007997358114,861.4333675214142,2958.887182469925,836.8927142081753
957.0,3419.3333853029994,861.4333675214142,2958.887182469925,836.8927142081753
958.0,3444.606973100521,861.4333675214142,2958.887182469925,836.8927142081753
959.0,3471.1841298106006,861.4333675214142,2958.887182469925,836.8927142081753
960.0,3471.1841298106006,861.4333675214142,2958.887182469925,836.8927142081753
961.0,3471.1841298106006,861.4333675214142,2958.887182469925,836.8927142081753
962.0,3471.1841298106006,861.4333675214142,2958.887182469925,836.8927142081753
963.0,3471.1841298106006,861.4333675214142,2958.887182469925,836.8927142081753
964.0,3471.1841298106006,861.4333675214142,2958.887182469925,836.8927142081753
965.0,3471.1841298106006,861.4333675214142,2958.887182469925,836.8927142081753
966.0,3471.1841298106006,861.4333675214142,2958.887182469925,836.8927142081753
967.0,3471.1841298106006,861.4333675214142,2958.887182469925,836.8927142081753
968.0,3471.1841298106006,861.4333675214142,2958.887182469925,836.8927142081753
969.0,3471.1841298106006,861.4333675214142,2958.887182469925,836.8927142081753
970.0,3471.1841298106006,861.4333675214142,2958.887182469925,836.8927142081753
971.0,3471.1841298106006,861.4333675214142,2958.887182469925,836.8927142081753
972.0,3471.1841298106006,861.4333675214142,2958.887182469925,836.8927142081753
973.0,3471.1841298106006,861.4333675214142,2958.887182469925,836.8927142081753
974.0,3471.1841298106006,861.4333675214142,2958.887182469925,836.8927142081753
975.0,3471.1841298106006,861.4333675214142,2958.887182469925,836.8927142081753
976.0,3471.1841298106006,861.4333675214142,2958.887182469925,836.8927142081753
977.0,3471.1841298106006,861.4333675214142,2958.887182469925,836.8927142081753
978.0,3471.1841298106006,861.4333675214142,2958.887182469925,836.8927142081753
979.0,3496.1841298106006,861.4333675214142,2958.887182469925,836.8927142081753
980.0,3496.1841298106006,861.4333675214142,2958.887182469925,836.8927142081753
981.0,3496.1841298106006,861.4333675214142,2958.887182469925,836.8927142081753
982.0,3496.1841298106006,861.4333675214142,2958.887182469925,836.8927142081753
983.0,3496.1841298106006,861.4333675214142,2958.887182469925,836.8927142081753
984.0,3496.1841298106006,861.4333675214142,2958.887182469925,836.8927142081753
985.0,3496.1841298106006,861.4333675214142,2958.887182469925,836.8927142081753
986.0,3527.5460057048595,861.4333675214142,2958.887182469925,836.8927142081753
987.0,3527.5460057048595,861.4333675214142,2958.887182469925,836.8927142081753
988.0,3557.6767878696473,861.4333675214142,2958.887182469925,836.8927142081753
989.0,3557.6767878696473,861.4333675214142,2958.887182469925,836.8927142081753
990.0,3557.6767878696473,861.4333675214142,2958.887182469925,836.8927142081753
991.0,3557.6767878696473,861.4333675214142,2958.887182469925,836.8927142081753
992.0,3557.6767878696473,861.4333675214142,2958.887182469925,836.8927142081753
993.0,3557.6767878696473,861.4333675214142,2958.887182469925,836.8927142081753
994.0,3557.6767878696473,861.4333675214142,2958.887182469925,836.8927142081753
995.0,3586.053198795657,861.4333675214142,2958.887182469925,836.8927142081753
996.0,3586.053198795657,861.4333675214142,2958.887182469925,836.8927142081753
997.0,3586.053198795657,861.4333675214142,2958.887182469925,836.8927142081753
998.0,3586.053198795657,861.4333675214142,2958.887182469925,836.8927142081753
999.0,3586.053198795657,861.4333675214142,2958.887182469925,836.8927142081753
1000.0,3618.305817473484,861.4333675214142,2958.887182469925,836.8927142081753
1001.0,3618.305817473484,861.4333675214142,2958.887182469925,836.8927142081753
1002.0,3618.305817473484,861.4333675214142,2958.887182469925,836.8927142081753
1003.0,3618.305817473484,861.4333675214142,2958.887182469925,836.8927142081753
1004.0,3700.0884140006447,861.4333675214142,2958.887182469925,836.8927142081753
1005.0,3700.0884140006447,861.4333675214142,2958.887182469925,836.8927142081753
1006.0,3700.0884140006447,861.4333675214142,2958.887182469925,836.8927142081753
1007.0,3700.0884140006447,861.4333675214142,2958.887182469925,836.8927142081753
1008.0,3700.0884140006447,861.4333675214142,2958.887182469925,836.8927142081753
1009.0,3700.0884140006447,861.4333675214142,2958.887182469925,836.8927142081753
1010.0,3700.0884140006447,861.4333675214142,2958.887182469925,861.8927142081753
1011.0,3700.0884140006447,861.4333675214142,2958.887182469925,861.8927142081753
1012.0,3700.0884140006447,861.4333675214142,2958.887182469925,861.8927142081753
1013.0,3700.0884140006447,861.4333675214142,2958.887182469925,861.8927142081753
1014.0,3700.0884140006447,861.4333675214142,2958.887182469925,861.8927142081753
1015.0,3700.0884140006447,861.4333675214142,2958.887182469925,861.8927142081753
1016.0,3700.0884140006447,861.4333675214142,2958.887182469925,861.8927142081753
1017.0,3700.0884140006447,861.4333675214142,2958.887182469925,861.8927142081753
1018.0,3700.0884140006447,861.4333675214142,2958.887182469925,861.8927142081753
1019.0,3700.0884140006447,861.4333675214142,2958.887182469925,861.8927142081753
1020.0,3700.0884140006447,861.4333675214142,2958.887182469925,861.8927142081753
1021.0,3700.0884140006447,861.4333675214142,2958.887182469925,861.8927142081753
1022.0,3700.0884140006447,861.4333675214142,2958.887182469925,861.8927142081753
1023.0,3700.0884140006447,861.4333675214142,2958.887182469925,861.8927142081753
1024.0,3700.0884140006447,861.4333675214142,2958.887182469925,861.8927142081753
1025.0,3700.0884140006447,861.4333675214142,2958.887182469925,861.8927142081753
1026.0,3700.0884140006447,861.4333675214142,2958.887182469925,861.8927142081753
1027.0,3700.0884140006447,861.4333675214142,2958.887182469925,861.8927142081753
1028.0,3700.0884140006447,861.4333675214142,2958.887182469925,861.8927142081753
1029.0,3700.0884140006447,861.4333675214142,2984.9019931930134,861.8927142081753
1030.0,3700.0884140006447,861.4333675214142,2984.9019931930134,861.8927142081753
1031.0,3700.0884140006447,861.4333675214142,2984.9019931930134,861.8927142081753
1032.0,3700.0884140006447,861.4333675214142,2984.9019931930134,861.8927142081753
1033.0,3700.0884140006447,861.4333675214142,3033.2691238245543,861.8927142081753
1034.0,3700.0884140006447,861.4333675214142,3033.2691238245543,861.8927142081753
1035.0,3700.0884140006447,861.4333675214142,3033.2691238245543,861.8927142081753
1036.0,3700.0884140006447,861.4333675214142,3033.2691238245543,861.8927142081753
1037.0,3700.0884140006447,861.4333675214142,3033.2691238245543,861.8927142081753
1038.0,3700.0884140006447,861.4333675214142,3033.2691238245543,861.8927142081753
1039.0,3700.0884140006447,861.4333675214142,3033.2691238245543,861.8927142081753
1040.0,3700.0884140006447,861.4333675214142,3033.2691238245543,861.8927142081753
1041.0,3700.0884140006447,861.4333675214142,3033.2691238245543,861.8927142081753
1042.0,3700.0884140006447,861.4333675214142,3033.2691238245543,861.8927142081753
1043.0,3700.0884140006447,861.4333675214142,3033.2691238245543,861.8927142081753
1044.0,3700.0884140006447,861.4333675214142,3033.2691238245543,861.8927142081753
1045.0,3700.0884140006447,861.4333675214142,3033.2691238245543,861.8927142081753
1046.0,3700.0884140006447,861.4333675214142,3033.2691238245543,861.8927142081753
1047.0,3700.0884140006447,861.4333675214142,3033.2691238245543,861.8927142081753
1048.0,3700.0884140006447,861.4333675214142,3033.2691238245543,861.8927142081753
1049.0,3700.0884140006447,861.4333675214142,3033.2691238245543,861.8927142081753
1050.0,3700.0884140006447,861.4333675214142,3033.2691238245543,861.8927142081753
1051.0,3700.0884140006447,861.4333675214142,3033.2691238245543,861.8927142081753
1052.0,3700.0884140006447,861.4333675214142,3033.2691238245543,861.8927142081753
1053.0,3700.0884140006447,861.4333675214142,3033.2691238245543,861.8927142081753
1054.0,3700.0884140006447,861.4333675214142,3033.2691238245543,861.8927142081753
1055.0,3700.0884140006447,861.4333675214142,3033.2691238245543,861.8927142081753
1056.0,3700.0884140006447,861.4333675214142,3033.2691238245543,861.8927142081753
1057.0,3700.0884140006447,861.4333675214142,3033.2691238245543,861.8927142081753
1058.0,3700.0884140006447,861.4333675214142,3033.2691238245543,861.8927142081753
1059.0,3700.0884140006447,861.4333675214142,3033.2691238245543,861.8927142081753
1060.0,3700.0884140006447,861.4333675214142,3033.2691238245543,861.8927142081753
1061.0,3700.0884140006447,861.4333675214142,3033.2691238245543,861.8927142081753
1062.0,3700.0884140006447,861.4333675214142,3033.2691238245543,861.8927142081753
1063.0,3700.0884140006447,861.4333675214142,3033.2691238245543,861.8927142081753
1064.0,3700.0884140006447,861.4333675214142,3033.2691238245543,861.8927142081753
1065.0,3700.0884140006447,861.4333675214142,3033.2691238245543,861.8927142081753
1066.0,3700.0884140006447,861.4333675214142,3033.2691238245543,861.8927142081753
1067.0,3700.0884140006447,861.4333675214142,3033.2691238245543,861.8927142081753
1068.0,3700.0884140006447,861.4333675214142,3033.2691238245543,861.8927142081753
1069.0,3700.0884140006447,861.4333675214142,3033.2691238245543,861.8927142081753
1070.0,3700.0884140006447,861.4333675214142,3033.2691238245543,861.8927142081753
1071.0,3700.0884140006447,861.4333675214142,3033.2691238245543,861.8927142081753
1072.0,3700.0884140006447,861.4333675214142,3033.2691238245543,861.8927142081753
1073.0,3700.0884140006447,861.4333675214142,3033.2691238245543,861.8927142081753
1074.0,3700.0884140006447,861.4333675214142,3033.2691238245543,861.8927142081753
1075.0,3700.0884140006447,861.4333675214142,3033.2691238245543,861.8927142081753
1076.0,3700.0884140006447,861.4333675214142,3033.2691238245543,861.8927142081753
1077.0,3700.0884140006447,861.4333675214142,3033.2691238245543,861.8927142081753
1078.0,3700.0884140006447,861.4333675214142,3033.2691238245543,861.8927142081753
1079.0,3700.0884140006447,861.4333675214142,3033.2691238245543,861.8927142081753
1080.0,3700.0884140006447,861.4333675214142,3033.2691238245543,861.8927142081753
1081.0,3700.0884140006447,861.4333675214142,3033.2691238245543,861.8927142081753
1082.0,3700.0884140006447,861.4333675214142,3058.2691238245543,861.8927142081753
1083.0,3700.0884140006447,861.4333675214142,3083.470952790361,861.8927142081753
1084.0,3700.0884140006447,861.4333675214142,3083.470952790361,861.8927142081753
1085.0,3700.0884140006447,861.4333675214142,3083.470952790361,861.8927142081753
1086.0,3700.0884140006447,861.4333675214142,3083.470952790361,861.8927142081753
1087.0,3700.0884140006447,861.4333675214142,3083.470952790361,861.8927142081753
1088.0,3700.0884140006447,861.4333675214142,3083.470952790361,861.8927142081753
1089.0,3700.0884140006447,861.4333675214142,3083.470952790361,861.8927142081753
1090.0,3700.0884140006447,861.4333675214142,3083.470952790361,861.8927142081753
1091.0,3700.0884140006447,861.4333675214142,3083.470952790361,861.8927142081753
1092.0,3700.0884140006447,861.4333675214142,3083.470952790361,861.8927142081753
1093.0,3700.0884140006447,861.4333675214142,3083.470952790361,861.8927142081753
1094.0,3700.0884140006447,861.4333675214142,3108.470952790361,861.8927142081753
1095.0,3700.0884140006447,861.4333675214142,3134.0969362177275,861.8927142081753
1096.0,3700.0884140006447,861.4333675214142,3160.320174899174,861.8927142081753
1097.0,3700.0884140006447,861.4333675214142,3160.320174899174,861.8927142081753
1098.0,3700.0884140006447,861.4333675214142,3160.320174899174,861.8927142081753
1099.0,3700.0884140006447,861.4333675214142,3187.777737031104,861.8927142081753
1100.0,3700.0884140006447,861.4333675214142,3187.777737031104,861.8927142081753
1101.0,3700.0884140006447,861.4333675214142,3187.777737031104,861.8927142081753
1102.0,3700.0884140006447,861.4333675214142,3187.777737031104,861.8927142081753
1103.0,3700.0884140006447,861.4333675214142,3187.777737031104,861.8927142081753
1104.0,3700.0884140006447,861.4333675214142,3187.777737031104,861.8927142081753
1105.0,3700.0884140006447,861.4333675214142,3187.777737031104,886.8927142081753
1106.0,3700.0884140006447,861.4333675214142,3187.777737031104,886.8927142081753
1107.0,3700.0884140006447,861.4333675214142,3187.777737031104,886.8927142081753
1108.0,3700.0884140006447,861.4333675214142,3187.777737031104,886.8927142081753
1109.0,3700.0884140006447,861.4333675214142,3187.777737031104,886.8927142081753
1110.0,3700.0884140006447,861.4333675214142,3187.777737031104,886.8927142081753
1111.0,3700.0884140006447,861.4333675214142,3187.777737031104,886.8927142081753
1112.0,3700.0884140006447,861.4333675214142,3187.777737031104,886.8927142081753
1113.0,3700.0884140006447,861.4333675214142,3187.777737031104,886.8927142081753
1114.0,3700.0884140006447,861.4333675214142,3187.777737031104,886.8927142081753
1115.0,3700.0884140006447,861.4333675214142,3187.777737031104,886.8927142081753
1116.0,3700.0884140006447,861.4333675214142,3187.777737031104,886.8927142081753
1117.0,3700.0884140006447,861.4333675214142,3187.777737031104,886.8927142081753
1118.0,3700.0884140006447,861.4333675214142,3213.6113718580677,886.8927142081753
1119.0,3700.0884140006447,861.4333675214142,3213.6113718580677,886.8927142081753
1120.0,3700.0884140006447,861.4333675214142,3213.6113718580677,886.8927142081753
1121.0,3700.0884140006447,861.4333675214142,3213.6113718580677,886.8927142081753
1122.0,3700.0884140006447,861.4333675214142,3213.6113718580677,886.8927142081753
1123.0,3700.0884140006447,861.4333675214142,3213.6113718580677,886.8927142081753
1124.0,3700.0884140006447,861.4333675214142,3213.6113718580677,886.8927142081753
1125.0,3700.0884140006447,861.4333675214142,3238.6113718580677,886.8927142081753
1126.0,3700.0884140006447,861.4333675214142,3238.6113718580677,886.8927142081753
1127.0,3700.0884140006447,861.4333675214142,3238.6113718580677,886.8927142081753
1128.0,3700.0884140006447,861.4333675214142,3238.6113718580677,886.8927142081753
1129.0,3700.0884140006447,861.4333675214142,3238.6113718580677,886.8927142081753
1130.0,3700.0884140006447,861.4333675214142,3238.6113718580677,886.8927142081753
1131.0,3700.0884140006447,861.4333675214142,3238.6113718580677,886.8927142081753
1132.0,3700.0884140006447,861.4333675214142,3238.6113718580677,886.8927142081753
1133.0,3700.0884140006447,861.4333675214142,3238.6113718580677,886.8927142081753
1134.0,3700.0884140006447,861.4333675214142,3238.6113718580677,886.8927142081753
