"tick","Imported NL Low","Imported NL High","Imported ES Low","Imported ES High"
1.0,0.0,0.0,0.0,0.0
2.0,0.0,0.0,0.0,0.0
3.0,0.0,0.0,0.0,0.0
4.0,0.0,0.0,0.0,0.0
5.0,0.0,0.0,0.0,0.0
6.0,0.0,0.0,0.0,0.0
7.0,0.0,0.0,0.0,0.0
8.0,0.0,0.0,0.0,0.0
9.0,0.0,0.0,0.0,0.0
10.0,0.0,0.0,0.0,0.0
11.0,0.0,0.0,0.0,0.0
12.0,0.0,0.0,0.0,0.0
13.0,0.0,0.0,0.0,0.0
14.0,0.0,0.0,0.0,0.0
15.0,0.0,0.0,25.0,25.0
16.0,0.0,0.0,25.0,25.0
17.0,0.0,0.0,25.0,25.0
18.0,0.0,0.0,25.0,25.0
19.0,0.0,0.0,25.0,25.0
20.0,0.0,0.0,25.0,25.0
21.0,0.0,0.0,25.0,25.0
22.0,0.0,0.0,25.0,25.0
23.0,0.0,0.0,25.0,25.0
24.0,0.0,0.0,25.0,25.0
25.0,0.0,0.0,25.0,25.0
26.0,0.0,0.0,25.0,25.0
27.0,0.0,0.0,25.0,25.0
28.0,0.0,0.0,25.0,25.0
29.0,0.0,0.0,25.0,25.0
30.0,0.0,0.0,25.0,25.0
31.0,0.0,0.0,25.0,25.0
32.0,28.17939822727691,0.0,77.10758513576204,25.0
33.0,28.17939822727691,0.0,77.10758513576204,25.0
34.0,28.17939822727691,0.0,77.10758513576204,25.0
35.0,57.55976862076453,0.0,77.10758513576204,25.0
36.0,57.55976862076453,0.0,105.49730223754396,25.0
37.0,89.9000168681421,0.0,105.49730223754396,25.0
38.0,89.9000168681421,0.0,105.49730223754396,25.0
39.0,89.9000168681421,0.0,105.49730223754396,25.0
40.0,114.9000168681421,0.0,130.49730223754398,25.0
41.0,114.9000168681421,0.0,130.49730223754398,25.0
42.0,114.9000168681421,0.0,130.49730223754398,25.0
43.0,143.73077938005886,0.0,130.49730223754398,25.0
44.0,143.73077938005886,0.0,130.49730223754398,25.0
45.0,143.73077938005886,0.0,130.49730223754398,25.0
46.0,143.73077938005886,0.0,130.49730223754398,25.0
47.0,172.69544296404112,0.0,130.49730223754398,25.0
48.0,172.69544296404112,0.0,130.49730223754398,25.0
49.0,172.69544296404112,0.0,130.49730223754398,25.0
50.0,172.69544296404112,0.0,130.49730223754398,25.0
51.0,172.69544296404112,0.0,130.49730223754398,25.0
52.0,172.69544296404112,0.0,130.49730223754398,25.0
53.0,172.69544296404112,0.0,130.49730223754398,25.0
54.0,172.69544296404112,0.0,130.49730223754398,25.0
55.0,172.69544296404112,0.0,130.49730223754398,25.0
56.0,172.69544296404112,0.0,130.49730223754398,25.0
57.0,172.69544296404112,0.0,130.49730223754398,50.49517657486699
58.0,172.69544296404112,0.0,130.49730223754398,50.49517657486699
59.0,172.69544296404112,0.0,130.49730223754398,50.49517657486699
60.0,172.69544296404112,0.0,130.49730223754398,50.49517657486699
61.0,172.69544296404112,0.0,130.49730223754398,78.4679011047311
62.0,172.69544296404112,0.0,130.49730223754398,78.4679011047311
63.0,172.69544296404112,0.0,130.49730223754398,78.4679011047311
64.0,172.69544296404112,0.0,130.49730223754398,103.4679011047311
65.0,172.69544296404112,0.0,130.49730223754398,103.4679011047311
66.0,172.69544296404112,0.0,130.49730223754398,103.4679011047311
67.0,172.69544296404112,0.0,130.49730223754398,103.4679011047311
68.0,172.69544296404112,0.0,130.49730223754398,103.4679011047311
69.0,172.69544296404112,0.0,130.49730223754398,103.4679011047311
70.0,172.69544296404112,0.0,130.49730223754398,103.4679011047311
71.0,172.69544296404112,0.0,130.49730223754398,103.4679011047311
72.0,172.69544296404112,0.0,130.49730223754398,103.4679011047311
73.0,172.69544296404112,0.0,130.49730223754398,103.4679011047311
74.0,172.69544296404112,25.0,130.49730223754398,103.4679011047311
75.0,172.69544296404112,50.0,130.49730223754398,103.4679011047311
76.0,172.69544296404112,50.0,130.49730223754398,103.4679011047311
77.0,197.69544296404112,75.0,130.49730223754398,103.4679011047311
78.0,223.12886628233468,75.0,130.49730223754398,103.4679011047311
79.0,248.97703848848357,75.0,130.49730223754398,103.4679011047311
80.0,248.97703848848357,75.0,130.49730223754398,103.4679011047311
81.0,248.97703848848357,75.0,130.49730223754398,103.4679011047311
82.0,248.97703848848357,75.0,130.49730223754398,103.4679011047311
83.0,248.97703848848357,75.0,130.49730223754398,103.4679011047311
84.0,248.97703848848357,75.0,130.49730223754398,103.4679011047311
85.0,248.97703848848357,75.0,130.49730223754398,103.4679011047311
86.0,248.97703848848357,75.0,130.49730223754398,103.4679011047311
87.0,248.97703848848357,75.0,130.49730223754398,103.4679011047311
88.0,248.97703848848357,75.0,130.49730223754398,103.4679011047311
89.0,248.97703848848357,75.0,130.49730223754398,103.4679011047311
90.0,248.97703848848357,75.0,130.49730223754398,103.4679011047311
91.0,248.97703848848357,75.0,130.49730223754398,103.4679011047311
92.0,248.97703848848357,75.0,130.49730223754398,103.4679011047311
93.0,248.97703848848357,75.0,130.49730223754398,103.4679011047311
94.0,248.97703848848357,75.0,130.49730223754398,103.4679011047311
95.0,248.97703848848357,75.0,130.49730223754398,103.4679011047311
96.0,248.97703848848357,75.0,130.49730223754398,103.4679011047311
97.0,248.97703848848357,100.0,130.49730223754398,103.4679011047311
98.0,248.97703848848357,125.0,130.49730223754398,103.4679011047311
99.0,248.97703848848357,125.0,130.49730223754398,103.4679011047311
100.0,248.97703848848357,125.0,130.49730223754398,103.4679011047311
101.0,248.97703848848357,150.0,130.49730223754398,103.4679011047311
102.0,248.97703848848357,150.0,130.49730223754398,103.4679011047311
103.0,248.97703848848357,150.0,130.49730223754398,103.4679011047311
104.0,248.97703848848357,150.0,130.49730223754398,103.4679011047311
105.0,248.97703848848357,150.0,130.49730223754398,103.4679011047311
106.0,248.97703848848357,150.0,130.49730223754398,103.4679011047311
107.0,248.97703848848357,150.0,130.49730223754398,103.4679011047311
108.0,248.97703848848357,150.0,130.49730223754398,103.4679011047311
109.0,248.97703848848357,150.0,130.49730223754398,103.4679011047311
110.0,248.97703848848357,150.0,130.49730223754398,103.4679011047311
111.0,248.97703848848357,150.0,130.49730223754398,103.4679011047311
112.0,248.97703848848357,150.0,130.49730223754398,103.4679011047311
113.0,248.97703848848357,150.0,130.49730223754398,103.4679011047311
114.0,248.97703848848357,150.0,130.49730223754398,103.4679011047311
115.0,248.97703848848357,150.0,130.49730223754398,103.4679011047311
116.0,248.97703848848357,150.0,130.49730223754398,103.4679011047311
117.0,248.97703848848357,150.0,130.49730223754398,103.4679011047311
118.0,273.9770384884836,150.0,130.49730223754398,103.4679011047311
119.0,299.38762279437134,150.0,130.49730223754398,103.4679011047311
120.0,325.39946048415834,150.0,130.49730223754398,103.4679011047311
121.0,351.9861653412109,150.0,130.49730223754398,103.4679011047311
122.0,351.9861653412109,150.0,155.49730223754398,103.4679011047311
123.0,351.9861653412109,150.0,181.1120942741672,103.4679011047311
124.0,351.9861653412109,150.0,181.1120942741672,103.4679011047311
125.0,351.9861653412109,150.0,181.1120942741672,103.4679011047311
126.0,351.9861653412109,150.0,181.1120942741672,103.4679011047311
127.0,351.9861653412109,150.0,181.1120942741672,103.4679011047311
128.0,351.9861653412109,150.0,181.1120942741672,103.4679011047311
129.0,351.9861653412109,150.0,181.1120942741672,103.4679011047311
130.0,351.9861653412109,150.0,181.1120942741672,103.4679011047311
131.0,351.9861653412109,150.0,181.1120942741672,103.4679011047311
132.0,351.9861653412109,150.0,181.1120942741672,103.4679011047311
133.0,351.9861653412109,150.0,181.1120942741672,103.4679011047311
134.0,351.9861653412109,150.0,181.1120942741672,103.4679011047311
135.0,351.9861653412109,150.0,181.1120942741672,103.4679011047311
136.0,351.9861653412109,150.0,181.1120942741672,103.4679011047311
137.0,351.9861653412109,150.0,181.1120942741672,103.4679011047311
138.0,351.9861653412109,150.0,181.1120942741672,103.4679011047311
139.0,351.9861653412109,150.0,181.1120942741672,103.4679011047311
140.0,351.9861653412109,150.0,181.1120942741672,103.4679011047311
141.0,351.9861653412109,150.0,181.1120942741672,103.4679011047311
142.0,351.9861653412109,150.0,181.1120942741672,103.4679011047311
143.0,351.9861653412109,150.0,181.1120942741672,103.4679011047311
144.0,351.9861653412109,150.0,181.1120942741672,103.4679011047311
145.0,351.9861653412109,150.0,181.1120942741672,103.4679011047311
146.0,351.9861653412109,150.0,181.1120942741672,103.4679011047311
147.0,351.9861653412109,150.0,181.1120942741672,103.4679011047311
148.0,351.9861653412109,150.0,181.1120942741672,103.4679011047311
149.0,351.9861653412109,150.0,181.1120942741672,103.4679011047311
150.0,351.9861653412109,150.0,181.1120942741672,103.4679011047311
151.0,351.9861653412109,150.0,181.1120942741672,103.4679011047311
152.0,351.9861653412109,150.0,181.1120942741672,103.4679011047311
153.0,351.9861653412109,150.0,181.1120942741672,103.4679011047311
154.0,376.9861653412109,150.0,181.1120942741672,103.4679011047311
155.0,402.14528613326826,150.0,181.1120942741672,103.4679011047311
156.0,427.45557167778014,150.0,181.1120942741672,103.4679011047311
157.0,427.45557167778014,150.0,181.1120942741672,103.4679011047311
158.0,427.45557167778014,150.0,181.1120942741672,103.4679011047311
159.0,427.45557167778014,150.0,181.1120942741672,103.4679011047311
160.0,427.45557167778014,150.0,181.1120942741672,103.4679011047311
161.0,427.45557167778014,150.0,181.1120942741672,103.4679011047311
162.0,427.45557167778014,150.0,181.1120942741672,103.4679011047311
163.0,427.45557167778014,150.0,181.1120942741672,103.4679011047311
164.0,427.45557167778014,150.0,181.1120942741672,103.4679011047311
165.0,427.45557167778014,150.0,181.1120942741672,103.4679011047311
166.0,427.45557167778014,150.0,181.1120942741672,103.4679011047311
167.0,427.45557167778014,150.0,206.1120942741672,103.4679011047311
168.0,427.45557167778014,150.0,231.63311152252408,128.46790110473108
169.0,427.45557167778014,150.0,231.63311152252408,128.46790110473108
170.0,427.45557167778014,150.0,231.63311152252408,128.46790110473108
171.0,427.45557167778014,150.0,231.63311152252408,128.46790110473108
172.0,427.45557167778014,150.0,231.63311152252408,128.46790110473108
173.0,427.45557167778014,150.0,231.63311152252408,128.46790110473108
174.0,427.45557167778014,150.0,231.63311152252408,128.46790110473108
175.0,427.45557167778014,150.0,231.63311152252408,128.46790110473108
176.0,427.45557167778014,150.0,231.63311152252408,128.46790110473108
177.0,427.45557167778014,150.0,231.63311152252408,128.46790110473108
178.0,427.45557167778014,150.0,231.63311152252408,128.46790110473108
179.0,427.45557167778014,150.0,231.63311152252408,128.46790110473108
180.0,427.45557167778014,150.0,231.63311152252408,128.46790110473108
181.0,427.45557167778014,150.0,231.63311152252408,128.46790110473108
182.0,427.45557167778014,150.0,231.63311152252408,128.46790110473108
183.0,427.45557167778014,150.0,231.63311152252408,128.46790110473108
184.0,427.45557167778014,150.0,231.63311152252408,128.46790110473108
185.0,427.45557167778014,150.0,231.63311152252408,128.46790110473108
186.0,427.45557167778014,150.0,231.63311152252408,128.46790110473108
187.0,427.45557167778014,150.0,231.63311152252408,128.46790110473108
188.0,452.45557167778014,150.0,231.63311152252408,128.46790110473108
189.0,477.94985191808007,150.0,231.63311152252408,128.46790110473108
190.0,504.0788355351447,150.0,231.63311152252408,128.46790110473108
191.0,530.8154067663497,150.0,231.63311152252408,128.46790110473108
192.0,530.8154067663497,150.0,231.63311152252408,128.46790110473108
193.0,530.8154067663497,150.0,231.63311152252408,128.46790110473108
194.0,530.8154067663497,150.0,231.63311152252408,128.46790110473108
195.0,530.8154067663497,150.0,231.63311152252408,128.46790110473108
196.0,555.8154067663497,150.0,231.63311152252408,128.46790110473108
197.0,555.8154067663497,150.0,231.63311152252408,128.46790110473108
198.0,555.8154067663497,150.0,231.63311152252408,128.46790110473108
199.0,555.8154067663497,150.0,231.63311152252408,128.46790110473108
200.0,555.8154067663497,150.0,231.63311152252408,128.46790110473108
201.0,555.8154067663497,150.0,231.63311152252408,128.46790110473108
202.0,555.8154067663497,150.0,231.63311152252408,128.46790110473108
203.0,555.8154067663497,150.0,231.63311152252408,128.46790110473108
204.0,555.8154067663497,150.0,231.63311152252408,128.46790110473108
205.0,555.8154067663497,150.0,231.63311152252408,128.46790110473108
206.0,555.8154067663497,150.0,231.63311152252408,128.46790110473108
207.0,555.8154067663497,150.0,231.63311152252408,128.46790110473108
208.0,555.8154067663497,150.0,231.63311152252408,128.46790110473108
209.0,555.8154067663497,150.0,231.63311152252408,128.46790110473108
210.0,555.8154067663497,150.0,231.63311152252408,128.46790110473108
211.0,555.8154067663497,150.0,231.63311152252408,128.46790110473108
212.0,555.8154067663497,150.0,256.6331115225241,153.46790110473108
213.0,555.8154067663497,150.0,281.94851913295577,178.62802598771566
214.0,555.8154067663497,150.0,307.9543874818101,178.62802598771566
215.0,555.8154067663497,150.0,307.9543874818101,203.62802598771566
216.0,555.8154067663497,150.0,307.9543874818101,203.62802598771566
217.0,555.8154067663497,150.0,307.9543874818101,203.62802598771566
218.0,555.8154067663497,150.0,307.9543874818101,203.62802598771566
219.0,555.8154067663497,150.0,307.9543874818101,203.62802598771566
220.0,555.8154067663497,150.0,307.9543874818101,203.62802598771566
221.0,555.8154067663497,150.0,307.9543874818101,203.62802598771566
222.0,555.8154067663497,150.0,307.9543874818101,203.62802598771566
223.0,555.8154067663497,150.0,307.9543874818101,203.62802598771566
224.0,555.8154067663497,150.0,307.9543874818101,203.62802598771566
225.0,555.8154067663497,150.0,307.9543874818101,203.62802598771566
226.0,555.8154067663497,150.0,307.9543874818101,203.62802598771566
227.0,555.8154067663497,150.0,307.9543874818101,203.62802598771566
228.0,555.8154067663497,150.0,307.9543874818101,203.62802598771566
229.0,555.8154067663497,150.0,307.9543874818101,203.62802598771566
230.0,555.8154067663497,150.0,307.9543874818101,203.62802598771566
231.0,555.8154067663497,150.0,307.9543874818101,203.62802598771566
232.0,555.8154067663497,150.0,307.9543874818101,203.62802598771566
233.0,555.8154067663497,150.0,307.9543874818101,203.62802598771566
234.0,555.8154067663497,150.0,307.9543874818101,203.62802598771566
235.0,555.8154067663497,150.0,307.9543874818101,203.62802598771566
236.0,555.8154067663497,150.0,307.9543874818101,203.62802598771566
237.0,555.8154067663497,150.0,307.9543874818101,203.62802598771566
238.0,555.8154067663497,150.0,307.9543874818101,203.62802598771566
239.0,555.8154067663497,150.0,307.9543874818101,203.62802598771566
240.0,555.8154067663497,150.0,307.9543874818101,203.62802598771566
241.0,555.8154067663497,150.0,307.9543874818101,203.62802598771566
242.0,555.8154067663497,150.0,332.9543874818101,203.62802598771566
243.0,555.8154067663497,150.0,357.9928774210064,203.62802598771566
244.0,555.8154067663497,150.0,357.9928774210064,203.62802598771566
245.0,555.8154067663497,150.0,357.9928774210064,203.62802598771566
246.0,555.8154067663497,150.0,357.9928774210064,203.62802598771566
247.0,555.8154067663497,150.0,357.9928774210064,203.62802598771566
248.0,580.8154067663497,150.0,357.9928774210064,203.62802598771566
249.0,606.6794772736982,150.0,357.9928774210064,203.62802598771566
250.0,633.3788587044404,175.0,357.9928774210064,203.62802598771566
251.0,633.3788587044404,200.0,357.9928774210064,203.62802598771566
252.0,633.3788587044404,200.0,357.9928774210064,203.62802598771566
253.0,633.3788587044404,200.0,357.9928774210064,203.62802598771566
254.0,633.3788587044404,200.0,357.9928774210064,203.62802598771566
255.0,633.3788587044404,200.0,357.9928774210064,203.62802598771566
256.0,633.3788587044404,200.0,357.9928774210064,203.62802598771566
257.0,633.3788587044404,200.0,357.9928774210064,203.62802598771566
258.0,633.3788587044404,200.0,357.9928774210064,203.62802598771566
259.0,633.3788587044404,200.0,357.9928774210064,203.62802598771566
260.0,633.3788587044404,200.0,357.9928774210064,203.62802598771566
261.0,633.3788587044404,225.0,357.9928774210064,203.62802598771566
262.0,633.3788587044404,250.1259484207939,357.9928774210064,203.62802598771566
263.0,633.3788587044404,250.1259484207939,357.9928774210064,203.62802598771566
264.0,633.3788587044404,250.1259484207939,357.9928774210064,203.62802598771566
265.0,633.3788587044404,250.1259484207939,357.9928774210064,203.62802598771566
266.0,633.3788587044404,250.1259484207939,357.9928774210064,203.62802598771566
267.0,633.3788587044404,250.1259484207939,357.9928774210064,203.62802598771566
268.0,633.3788587044404,250.1259484207939,382.9928774210064,203.62802598771566
269.0,633.3788587044404,250.1259484207939,408.4613454438797,203.62802598771566
270.0,633.3788587044404,250.1259484207939,434.62700507087624,203.62802598771566
271.0,633.3788587044404,250.1259484207939,461.4617203688854,203.62802598771566
272.0,633.3788587044404,250.1259484207939,461.4617203688854,203.62802598771566
273.0,633.3788587044404,250.1259484207939,461.4617203688854,203.62802598771566
274.0,633.3788587044404,250.1259484207939,461.4617203688854,203.62802598771566
275.0,633.3788587044404,250.1259484207939,461.4617203688854,203.62802598771566
276.0,633.3788587044404,250.1259484207939,461.4617203688854,203.62802598771566
277.0,658.3788587044404,250.1259484207939,461.4617203688854,203.62802598771566
278.0,684.3174973764488,250.1259484207939,461.4617203688854,203.62802598771566
279.0,711.1574441887832,250.1259484207939,461.4617203688854,203.62802598771566
280.0,711.1574441887832,250.1259484207939,461.4617203688854,203.62802598771566
281.0,711.1574441887832,250.1259484207939,461.4617203688854,203.62802598771566
282.0,711.1574441887832,250.1259484207939,461.4617203688854,203.62802598771566
283.0,711.1574441887832,250.1259484207939,461.4617203688854,203.62802598771566
284.0,711.1574441887832,250.1259484207939,461.4617203688854,203.62802598771566
285.0,711.1574441887832,250.1259484207939,461.4617203688854,203.62802598771566
286.0,711.1574441887832,250.1259484207939,461.4617203688854,203.62802598771566
287.0,711.1574441887832,250.1259484207939,461.4617203688854,203.62802598771566
288.0,711.1574441887832,250.1259484207939,461.4617203688854,203.62802598771566
289.0,711.1574441887832,250.1259484207939,461.4617203688854,203.62802598771566
290.0,711.1574441887832,250.1259484207939,461.4617203688854,203.62802598771566
291.0,711.1574441887832,250.1259484207939,461.4617203688854,203.62802598771566
292.0,711.1574441887832,250.1259484207939,461.4617203688854,203.62802598771566
293.0,711.1574441887832,250.1259484207939,461.4617203688854,203.62802598771566
294.0,711.1574441887832,250.1259484207939,461.4617203688854,203.62802598771566
295.0,711.1574441887832,250.1259484207939,461.4617203688854,203.62802598771566
296.0,711.1574441887832,250.1259484207939,461.4617203688854,203.62802598771566
297.0,711.1574441887832,250.1259484207939,461.4617203688854,203.62802598771566
298.0,711.1574441887832,250.1259484207939,461.4617203688854,203.62802598771566
299.0,711.1574441887832,250.1259484207939,461.4617203688854,203.62802598771566
300.0,711.1574441887832,250.1259484207939,461.4617203688854,203.62802598771566
301.0,711.1574441887832,250.1259484207939,461.4617203688854,203.62802598771566
302.0,711.1574441887832,250.1259484207939,461.4617203688854,203.62802598771566
303.0,711.1574441887832,250.1259484207939,461.4617203688854,203.62802598771566
304.0,736.1574441887832,250.1259484207939,461.4617203688854,203.62802598771566
305.0,761.2202547269277,250.1259484207939,461.4617203688854,203.62802598771566
306.0,786.2976186874574,250.1259484207939,461.4617203688854,203.62802598771566
307.0,786.2976186874574,250.1259484207939,461.4617203688854,203.62802598771566
308.0,786.2976186874574,250.1259484207939,461.4617203688854,203.62802598771566
309.0,786.2976186874574,250.1259484207939,461.4617203688854,203.62802598771566
310.0,786.2976186874574,250.1259484207939,461.4617203688854,203.62802598771566
311.0,786.2976186874574,250.1259484207939,461.4617203688854,203.62802598771566
312.0,786.2976186874574,250.1259484207939,461.4617203688854,203.62802598771566
313.0,786.2976186874574,250.1259484207939,461.4617203688854,203.62802598771566
314.0,786.2976186874574,250.1259484207939,461.4617203688854,203.62802598771566
315.0,786.2976186874574,250.1259484207939,461.4617203688854,203.62802598771566
316.0,786.2976186874574,250.1259484207939,461.4617203688854,203.62802598771566
317.0,786.2976186874574,275.12594842079386,461.4617203688854,203.62802598771566
318.0,811.2976186874574,300.4939358723676,461.4617203688854,203.62802598771566
319.0,836.3268048188669,300.4939358723676,461.4617203688854,203.62802598771566
320.0,836.3268048188669,300.4939358723676,461.4617203688854,203.62802598771566
321.0,836.3268048188669,300.4939358723676,461.4617203688854,203.62802598771566
322.0,836.3268048188669,300.4939358723676,461.4617203688854,203.62802598771566
323.0,836.3268048188669,300.4939358723676,461.4617203688854,203.62802598771566
324.0,836.3268048188669,300.4939358723676,461.4617203688854,203.62802598771566
325.0,836.3268048188669,300.4939358723676,461.4617203688854,203.62802598771566
326.0,836.3268048188669,325.4939358723676,461.4617203688854,203.62802598771566
327.0,836.3268048188669,350.55189862635564,461.4617203688854,203.62802598771566
328.0,836.3268048188669,375.9149259966323,461.4617203688854,203.62802598771566
329.0,836.3268048188669,375.9149259966323,461.4617203688854,203.62802598771566
330.0,836.3268048188669,375.9149259966323,486.4617203688854,203.62802598771566
331.0,836.3268048188669,375.9149259966323,512.1428988912586,203.62802598771566
332.0,861.3268048188669,375.9149259966323,538.4910510804057,203.62802598771566
333.0,887.2919347172633,375.9149259966323,565.4735133615483,203.62802598771566
334.0,914.1848702821097,375.9149259966323,565.4735133615483,203.62802598771566
335.0,914.1848702821097,375.9149259966323,565.4735133615483,203.62802598771566
336.0,914.1848702821097,375.9149259966323,565.4735133615483,203.62802598771566
337.0,914.1848702821097,375.9149259966323,565.4735133615483,203.62802598771566
338.0,914.1848702821097,375.9149259966323,565.4735133615483,203.62802598771566
339.0,914.1848702821097,375.9149259966323,565.4735133615483,203.62802598771566
340.0,914.1848702821097,375.9149259966323,565.4735133615483,203.62802598771566
341.0,914.1848702821097,375.9149259966323,565.4735133615483,203.62802598771566
342.0,914.1848702821097,375.9149259966323,565.4735133615483,203.62802598771566
343.0,939.1848702821097,375.9149259966323,565.4735133615483,203.62802598771566
344.0,964.1848702821097,375.9149259966323,565.4735133615483,203.62802598771566
345.0,989.7332512991558,375.9149259966323,565.4735133615483,203.62802598771566
346.0,989.7332512991558,375.9149259966323,565.4735133615483,203.62802598771566
347.0,989.7332512991558,375.9149259966323,565.4735133615483,203.62802598771566
348.0,989.7332512991558,375.9149259966323,565.4735133615483,203.62802598771566
349.0,989.7332512991558,375.9149259966323,565.4735133615483,203.62802598771566
350.0,989.7332512991558,375.9149259966323,565.4735133615483,203.62802598771566
351.0,989.7332512991558,375.9149259966323,565.4735133615483,203.62802598771566
352.0,989.7332512991558,375.9149259966323,565.4735133615483,203.62802598771566
353.0,989.7332512991558,375.9149259966323,565.4735133615483,203.62802598771566
354.0,989.7332512991558,375.9149259966323,565.4735133615483,203.62802598771566
355.0,989.7332512991558,375.9149259966323,565.4735133615483,203.62802598771566
356.0,989.7332512991558,375.9149259966323,565.4735133615483,203.62802598771566
357.0,989.7332512991558,375.9149259966323,565.4735133615483,203.62802598771566
358.0,989.7332512991558,400.9149259966323,565.4735133615483,203.62802598771566
359.0,989.7332512991558,426.2251974670261,565.4735133615483,203.62802598771566
360.0,1014.7332512991558,426.2251974670261,565.4735133615483,203.62802598771566
361.0,1040.6867002956014,451.2251974670261,565.4735133615483,203.62802598771566
362.0,1067.566449342916,451.2251974670261,565.4735133615483,203.62802598771566
363.0,1095.3362323782378,451.2251974670261,565.4735133615483,203.62802598771566
364.0,1123.62807406751,451.2251974670261,565.4735133615483,203.62802598771566
365.0,1152.415206651144,451.2251974670261,565.4735133615483,203.62802598771566
366.0,1152.415206651144,451.2251974670261,565.4735133615483,203.62802598771566
367.0,1152.415206651144,451.2251974670261,565.4735133615483,203.62802598771566
368.0,1152.415206651144,451.2251974670261,565.4735133615483,203.62802598771566
369.0,1152.415206651144,451.2251974670261,565.4735133615483,203.62802598771566
370.0,1152.415206651144,451.2251974670261,565.4735133615483,203.62802598771566
371.0,1152.415206651144,451.2251974670261,565.4735133615483,203.62802598771566
372.0,1152.415206651144,451.2251974670261,565.4735133615483,203.62802598771566
373.0,1152.415206651144,451.2251974670261,565.4735133615483,203.62802598771566
374.0,1152.415206651144,451.2251974670261,565.4735133615483,203.62802598771566
375.0,1152.415206651144,451.2251974670261,565.4735133615483,203.62802598771566
376.0,1152.415206651144,451.2251974670261,565.4735133615483,203.62802598771566
377.0,1152.415206651144,451.2251974670261,565.4735133615483,203.62802598771566
378.0,1152.415206651144,476.45762074419645,565.4735133615483,203.62802598771566
379.0,1152.415206651144,476.45762074419645,565.4735133615483,203.62802598771566
380.0,1152.415206651144,476.45762074419645,565.4735133615483,203.62802598771566
381.0,1152.415206651144,476.45762074419645,565.4735133615483,203.62802598771566
382.0,1152.415206651144,505.53356484917344,565.4735133615483,203.62802598771566
383.0,1152.415206651144,505.53356484917344,565.4735133615483,228.62802598771566
384.0,1177.415206651144,505.53356484917344,565.4735133615483,228.62802598771566
385.0,1177.415206651144,505.53356484917344,565.4735133615483,228.62802598771566
386.0,1177.415206651144,505.53356484917344,565.4735133615483,228.62802598771566
387.0,1177.415206651144,505.53356484917344,565.4735133615483,228.62802598771566
388.0,1177.415206651144,505.53356484917344,565.4735133615483,228.62802598771566
389.0,1177.415206651144,505.53356484917344,565.4735133615483,228.62802598771566
390.0,1177.415206651144,505.53356484917344,565.4735133615483,228.62802598771566
391.0,1177.415206651144,505.53356484917344,565.4735133615483,228.62802598771566
392.0,1177.415206651144,505.53356484917344,565.4735133615483,228.62802598771566
393.0,1177.415206651144,505.53356484917344,565.4735133615483,228.62802598771566
394.0,1177.415206651144,505.53356484917344,565.4735133615483,228.62802598771566
395.0,1177.415206651144,505.53356484917344,565.4735133615483,228.62802598771566
396.0,1177.415206651144,505.53356484917344,565.4735133615483,228.62802598771566
397.0,1177.415206651144,505.53356484917344,565.4735133615483,228.62802598771566
398.0,1177.415206651144,505.53356484917344,565.4735133615483,228.62802598771566
399.0,1177.415206651144,505.53356484917344,590.4735133615483,228.62802598771566
400.0,1177.415206651144,505.53356484917344,616.1754178832898,228.62802598771566
401.0,1177.415206651144,505.53356484917344,642.5514195885642,228.62802598771566
402.0,1177.415206651144,505.53356484917344,669.580184768491,228.62802598771566
403.0,1177.415206651144,505.53356484917344,669.580184768491,228.62802598771566
404.0,1177.415206651144,505.53356484917344,669.580184768491,228.62802598771566
405.0,1177.415206651144,505.53356484917344,669.580184768491,228.62802598771566
406.0,1177.415206651144,505.53356484917344,669.580184768491,228.62802598771566
407.0,1177.415206651144,505.53356484917344,669.580184768491,228.62802598771566
408.0,1177.415206651144,505.53356484917344,669.580184768491,228.62802598771566
409.0,1202.415206651144,530.5335648491734,669.580184768491,228.62802598771566
410.0,1202.415206651144,530.5335648491734,669.580184768491,228.62802598771566
411.0,1202.415206651144,530.5335648491734,669.580184768491,228.62802598771566
412.0,1202.415206651144,530.5335648491734,669.580184768491,228.62802598771566
413.0,1202.415206651144,530.5335648491734,669.580184768491,228.62802598771566
414.0,1202.415206651144,530.5335648491734,669.580184768491,228.62802598771566
415.0,1202.415206651144,530.5335648491734,669.580184768491,228.62802598771566
416.0,1202.415206651144,530.5335648491734,669.580184768491,228.62802598771566
417.0,1227.415206651144,555.5335648491734,669.580184768491,228.62802598771566
418.0,1227.415206651144,555.5335648491734,669.580184768491,228.62802598771566
419.0,1227.415206651144,555.5335648491734,669.580184768491,228.62802598771566
420.0,1227.415206651144,555.5335648491734,669.580184768491,228.62802598771566
421.0,1227.415206651144,555.5335648491734,669.580184768491,228.62802598771566
422.0,1227.415206651144,555.5335648491734,669.580184768491,228.62802598771566
423.0,1227.415206651144,555.5335648491734,669.580184768491,253.62802598771566
424.0,1227.415206651144,555.5335648491734,669.580184768491,253.62802598771566
425.0,1252.415206651144,555.5335648491734,669.580184768491,253.62802598771566
426.0,1252.415206651144,555.5335648491734,695.7787025367115,253.62802598771566
427.0,1252.415206651144,555.5335648491734,695.7787025367115,253.62802598771566
428.0,1252.415206651144,555.5335648491734,695.7787025367115,253.62802598771566
429.0,1252.415206651144,555.5335648491734,695.7787025367115,253.62802598771566
430.0,1277.722568480277,555.5335648491734,695.7787025367115,253.62802598771566
431.0,1277.722568480277,555.5335648491734,695.7787025367115,253.62802598771566
432.0,1304.9293513303112,555.5335648491734,695.7787025367115,253.62802598771566
433.0,1304.9293513303112,555.5335648491734,695.7787025367115,253.62802598771566
434.0,1332.3165198320944,555.5335648491734,695.7787025367115,253.62802598771566
435.0,1384.7871745137256,555.5335648491734,695.7787025367115,253.62802598771566
436.0,1410.4246795225542,555.5335648491734,695.7787025367115,253.62802598771566
437.0,1437.167352544187,555.5335648491734,695.7787025367115,253.62802598771566
438.0,1437.167352544187,580.5335648491734,695.7787025367115,253.62802598771566
439.0,1437.167352544187,606.3460205215431,695.7787025367115,253.62802598771566
440.0,1437.167352544187,632.9306353997799,695.7787025367115,253.62802598771566
441.0,1437.167352544187,632.9306353997799,695.7787025367115,253.62802598771566
442.0,1437.167352544187,632.9306353997799,695.7787025367115,253.62802598771566
443.0,1437.167352544187,632.9306353997799,695.7787025367115,253.62802598771566
444.0,1437.167352544187,632.9306353997799,695.7787025367115,253.62802598771566
445.0,1437.167352544187,632.9306353997799,695.7787025367115,253.62802598771566
446.0,1437.167352544187,632.9306353997799,695.7787025367115,253.62802598771566
447.0,1437.167352544187,632.9306353997799,695.7787025367115,253.62802598771566
448.0,1437.167352544187,632.9306353997799,695.7787025367115,253.62802598771566
449.0,1437.167352544187,632.9306353997799,695.7787025367115,253.62802598771566
450.0,1437.167352544187,632.9306353997799,695.7787025367115,253.62802598771566
451.0,1437.167352544187,632.9306353997799,695.7787025367115,253.62802598771566
452.0,1437.167352544187,632.9306353997799,695.7787025367115,253.62802598771566
453.0,1437.167352544187,632.9306353997799,695.7787025367115,253.62802598771566
454.0,1437.167352544187,632.9306353997799,695.7787025367115,253.62802598771566
455.0,1437.167352544187,632.9306353997799,695.7787025367115,253.62802598771566
456.0,1437.167352544187,632.9306353997799,695.7787025367115,253.62802598771566
457.0,1437.167352544187,632.9306353997799,695.7787025367115,253.62802598771566
458.0,1437.167352544187,632.9306353997799,695.7787025367115,253.62802598771566
459.0,1437.167352544187,632.9306353997799,695.7787025367115,253.62802598771566
460.0,1437.167352544187,632.9306353997799,695.7787025367115,253.62802598771566
461.0,1437.167352544187,632.9306353997799,695.7787025367115,253.62802598771566
462.0,1437.167352544187,632.9306353997799,695.7787025367115,253.62802598771566
463.0,1437.167352544187,632.9306353997799,695.7787025367115,253.62802598771566
464.0,1437.167352544187,632.9306353997799,695.7787025367115,253.62802598771566
465.0,1437.167352544187,632.9306353997799,695.7787025367115,253.62802598771566
466.0,1437.167352544187,632.9306353997799,695.7787025367115,253.62802598771566
467.0,1437.167352544187,632.9306353997799,695.7787025367115,253.62802598771566
468.0,1437.167352544187,632.9306353997799,695.7787025367115,253.62802598771566
469.0,1437.167352544187,632.9306353997799,695.7787025367115,253.62802598771566
470.0,1437.167352544187,632.9306353997799,695.7787025367115,253.62802598771566
471.0,1437.167352544187,632.9306353997799,695.7787025367115,253.62802598771566
472.0,1437.167352544187,632.9306353997799,695.7787025367115,253.62802598771566
473.0,1437.167352544187,632.9306353997799,695.7787025367115,253.62802598771566
474.0,1437.167352544187,632.9306353997799,695.7787025367115,253.62802598771566
475.0,1437.167352544187,632.9306353997799,695.7787025367115,253.62802598771566
476.0,1437.167352544187,632.9306353997799,695.7787025367115,253.62802598771566
477.0,1462.167352544187,632.9306353997799,695.7787025367115,253.62802598771566
478.0,1487.9567635860622,632.9306353997799,695.7787025367115,253.62802598771566
479.0,1514.5224016958102,632.9306353997799,695.7787025367115,253.62802598771566
480.0,1542.095238566584,657.9306353997799,695.7787025367115,253.62802598771566
481.0,1569.96884179024,683.1334800047171,695.7787025367115,253.62802598771566
482.0,1569.96884179024,683.1334800047171,695.7787025367115,253.62802598771566
483.0,1569.96884179024,683.1334800047171,695.7787025367115,253.62802598771566
484.0,1569.96884179024,683.1334800047171,695.7787025367115,253.62802598771566
485.0,1569.96884179024,683.1334800047171,695.7787025367115,253.62802598771566
486.0,1569.96884179024,683.1334800047171,695.7787025367115,253.62802598771566
487.0,1569.96884179024,683.1334800047171,695.7787025367115,253.62802598771566
488.0,1569.96884179024,683.1334800047171,695.7787025367115,253.62802598771566
489.0,1569.96884179024,683.1334800047171,695.7787025367115,253.62802598771566
490.0,1569.96884179024,683.1334800047171,695.7787025367115,253.62802598771566
491.0,1569.96884179024,683.1334800047171,695.7787025367115,253.62802598771566
492.0,1569.96884179024,683.1334800047171,695.7787025367115,253.62802598771566
493.0,1569.96884179024,683.1334800047171,695.7787025367115,253.62802598771566
494.0,1569.96884179024,683.1334800047171,695.7787025367115,253.62802598771566
495.0,1569.96884179024,683.1334800047171,695.7787025367115,253.62802598771566
496.0,1569.96884179024,683.1334800047171,695.7787025367115,253.62802598771566
497.0,1569.96884179024,683.1334800047171,695.7787025367115,253.62802598771566
498.0,1569.96884179024,683.1334800047171,695.7787025367115,253.62802598771566
499.0,1569.96884179024,683.1334800047171,695.7787025367115,253.62802598771566
500.0,1569.96884179024,683.1334800047171,695.7787025367115,253.62802598771566
501.0,1569.96884179024,683.1334800047171,695.7787025367115,253.62802598771566
502.0,1569.96884179024,683.1334800047171,695.7787025367115,253.62802598771566
503.0,1569.96884179024,683.1334800047171,695.7787025367115,253.62802598771566
504.0,1569.96884179024,683.1334800047171,695.7787025367115,253.62802598771566
505.0,1569.96884179024,683.1334800047171,695.7787025367115,253.62802598771566
506.0,1569.96884179024,683.1334800047171,695.7787025367115,253.62802598771566
507.0,1569.96884179024,683.1334800047171,695.7787025367115,253.62802598771566
508.0,1594.96884179024,683.1334800047171,695.7787025367115,253.62802598771566
509.0,1645.7251073216282,683.1334800047171,695.7787025367115,253.62802598771566
510.0,1698.5969351880306,683.1334800047171,695.7787025367115,253.62802598771566
511.0,1753.5160913604132,683.1334800047171,695.7787025367115,253.62802598771566
512.0,1781.264099871555,683.1334800047171,695.7787025367115,253.62802598771566
513.0,1809.731707388108,683.1334800047171,695.7787025367115,253.62802598771566
514.0,1809.731707388108,683.1334800047171,695.7787025367115,253.62802598771566
515.0,1809.731707388108,683.1334800047171,695.7787025367115,253.62802598771566
516.0,1809.731707388108,683.1334800047171,695.7787025367115,253.62802598771566
517.0,1809.731707388108,683.1334800047171,695.7787025367115,253.62802598771566
518.0,1809.731707388108,683.1334800047171,695.7787025367115,253.62802598771566
519.0,1809.731707388108,683.1334800047171,695.7787025367115,253.62802598771566
520.0,1809.731707388108,683.1334800047171,695.7787025367115,253.62802598771566
521.0,1809.731707388108,683.1334800047171,695.7787025367115,253.62802598771566
522.0,1809.731707388108,683.1334800047171,695.7787025367115,253.62802598771566
523.0,1809.731707388108,683.1334800047171,695.7787025367115,253.62802598771566
524.0,1809.731707388108,683.1334800047171,695.7787025367115,253.62802598771566
525.0,1809.731707388108,683.1334800047171,695.7787025367115,253.62802598771566
526.0,1809.731707388108,683.1334800047171,695.7787025367115,253.62802598771566
527.0,1809.731707388108,683.1334800047171,695.7787025367115,253.62802598771566
528.0,1809.731707388108,683.1334800047171,695.7787025367115,253.62802598771566
529.0,1809.731707388108,683.1334800047171,695.7787025367115,253.62802598771566
530.0,1809.731707388108,683.1334800047171,695.7787025367115,253.62802598771566
531.0,1809.731707388108,708.1334800047171,695.7787025367115,253.62802598771566
532.0,1809.731707388108,733.5492091232363,695.7787025367115,253.62802598771566
533.0,1809.731707388108,733.5492091232363,695.7787025367115,253.62802598771566
534.0,1809.731707388108,733.5492091232363,695.7787025367115,253.62802598771566
535.0,1809.731707388108,733.5492091232363,695.7787025367115,253.62802598771566
536.0,1809.731707388108,733.5492091232363,695.7787025367115,253.62802598771566
537.0,1809.731707388108,733.5492091232363,695.7787025367115,253.62802598771566
538.0,1809.731707388108,733.5492091232363,695.7787025367115,253.62802598771566
539.0,1809.731707388108,733.5492091232363,695.7787025367115,253.62802598771566
540.0,1809.731707388108,733.5492091232363,695.7787025367115,253.62802598771566
541.0,1809.731707388108,733.5492091232363,695.7787025367115,253.62802598771566
542.0,1809.731707388108,733.5492091232363,695.7787025367115,253.62802598771566
543.0,1809.731707388108,733.5492091232363,695.7787025367115,253.62802598771566
544.0,1809.731707388108,733.5492091232363,695.7787025367115,253.62802598771566
545.0,1809.731707388108,733.5492091232363,695.7787025367115,253.62802598771566
546.0,1809.731707388108,733.5492091232363,695.7787025367115,253.62802598771566
547.0,1809.731707388108,733.5492091232363,695.7787025367115,253.62802598771566
548.0,1809.731707388108,733.5492091232363,695.7787025367115,253.62802598771566
549.0,1834.731707388108,733.5492091232363,695.7787025367115,253.62802598771566
550.0,1834.731707388108,733.5492091232363,695.7787025367115,253.62802598771566
551.0,1834.731707388108,733.5492091232363,695.7787025367115,253.62802598771566
552.0,1834.731707388108,733.5492091232363,695.7787025367115,253.62802598771566
553.0,1834.731707388108,758.5492091232363,695.7787025367115,253.62802598771566
554.0,1834.731707388108,783.5831700819496,695.7787025367115,253.62802598771566
555.0,1834.731707388108,783.5831700819496,695.7787025367115,253.62802598771566
556.0,1834.731707388108,783.5831700819496,695.7787025367115,253.62802598771566
557.0,1834.731707388108,783.5831700819496,695.7787025367115,253.62802598771566
558.0,1859.731707388108,783.5831700819496,695.7787025367115,253.62802598771566
559.0,1885.0482542919808,783.5831700819496,695.7787025367115,253.62802598771566
560.0,1910.8438829565291,783.5831700819496,695.7787025367115,253.62802598771566
561.0,1910.8438829565291,783.5831700819496,695.7787025367115,253.62802598771566
562.0,1910.8438829565291,783.5831700819496,695.7787025367115,253.62802598771566
563.0,1910.8438829565291,783.5831700819496,695.7787025367115,253.62802598771566
564.0,1910.8438829565291,783.5831700819496,695.7787025367115,253.62802598771566
565.0,1910.8438829565291,783.5831700819496,695.7787025367115,253.62802598771566
566.0,1910.8438829565291,783.5831700819496,695.7787025367115,253.62802598771566
567.0,1910.8438829565291,783.5831700819496,695.7787025367115,253.62802598771566
568.0,1910.8438829565291,783.5831700819496,695.7787025367115,253.62802598771566
569.0,1910.8438829565291,783.5831700819496,695.7787025367115,253.62802598771566
570.0,1910.8438829565291,783.5831700819496,695.7787025367115,253.62802598771566
571.0,1910.8438829565291,783.5831700819496,695.7787025367115,253.62802598771566
572.0,1910.8438829565291,783.5831700819496,695.7787025367115,253.62802598771566
573.0,1910.8438829565291,783.5831700819496,695.7787025367115,253.62802598771566
574.0,1910.8438829565291,783.5831700819496,695.7787025367115,253.62802598771566
575.0,1910.8438829565291,783.5831700819496,695.7787025367115,253.62802598771566
576.0,1910.8438829565291,783.5831700819496,695.7787025367115,253.62802598771566
577.0,1910.8438829565291,783.5831700819496,695.7787025367115,253.62802598771566
578.0,1935.8438829565291,783.5831700819496,695.7787025367115,253.62802598771566
579.0,1961.638505281885,783.5831700819496,695.7787025367115,253.62802598771566
580.0,2013.211937325,783.5831700819496,695.7787025367115,253.62802598771566
581.0,2039.1738430315559,783.5831700819496,695.7787025367115,253.62802598771566
582.0,2039.1738430315559,783.5831700819496,695.7787025367115,253.62802598771566
583.0,2039.1738430315559,783.5831700819496,695.7787025367115,253.62802598771566
584.0,2039.1738430315559,783.5831700819496,695.7787025367115,253.62802598771566
585.0,2039.1738430315559,783.5831700819496,695.7787025367115,253.62802598771566
586.0,2039.1738430315559,783.5831700819496,695.7787025367115,253.62802598771566
587.0,2039.1738430315559,783.5831700819496,695.7787025367115,253.62802598771566
588.0,2039.1738430315559,783.5831700819496,695.7787025367115,253.62802598771566
589.0,2039.1738430315559,783.5831700819496,695.7787025367115,253.62802598771566
590.0,2039.1738430315559,783.5831700819496,695.7787025367115,253.62802598771566
591.0,2039.1738430315559,783.5831700819496,695.7787025367115,253.62802598771566
592.0,2039.1738430315559,783.5831700819496,695.7787025367115,253.62802598771566
593.0,2039.1738430315559,783.5831700819496,695.7787025367115,253.62802598771566
594.0,2039.1738430315559,783.5831700819496,695.7787025367115,253.62802598771566
595.0,2039.1738430315559,783.5831700819496,695.7787025367115,253.62802598771566
596.0,2039.1738430315559,783.5831700819496,695.7787025367115,253.62802598771566
597.0,2039.1738430315559,783.5831700819496,695.7787025367115,253.62802598771566
598.0,2039.1738430315559,783.5831700819496,695.7787025367115,253.62802598771566
599.0,2039.1738430315559,783.5831700819496,695.7787025367115,253.62802598771566
600.0,2039.1738430315559,783.5831700819496,695.7787025367115,253.62802598771566
601.0,2064.173843031556,783.5831700819496,695.7787025367115,253.62802598771566
602.0,2064.173843031556,783.5831700819496,695.7787025367115,253.62802598771566
603.0,2064.173843031556,783.5831700819496,695.7787025367115,253.62802598771566
604.0,2064.173843031556,783.5831700819496,695.7787025367115,253.62802598771566
605.0,2064.173843031556,783.5831700819496,695.7787025367115,253.62802598771566
606.0,2064.173843031556,783.5831700819496,695.7787025367115,253.62802598771566
607.0,2064.173843031556,783.5831700819496,695.7787025367115,253.62802598771566
608.0,2064.173843031556,783.5831700819496,695.7787025367115,253.62802598771566
609.0,2064.173843031556,783.5831700819496,695.7787025367115,253.62802598771566
610.0,2064.173843031556,783.5831700819496,695.7787025367115,253.62802598771566
611.0,2089.173843031556,808.5831700819496,695.7787025367115,253.62802598771566
612.0,2114.6028060879316,808.5831700819496,695.7787025367115,253.62802598771566
613.0,2140.7452579907977,808.5831700819496,695.7787025367115,253.62802598771566
614.0,2140.7452579907977,808.5831700819496,695.7787025367115,253.62802598771566
615.0,2140.7452579907977,808.5831700819496,695.7787025367115,253.62802598771566
616.0,2165.7452579907977,808.5831700819496,695.7787025367115,253.62802598771566
617.0,2191.0817176453356,808.5831700819496,695.7787025367115,253.62802598771566
618.0,2216.86000226058,833.5831700819496,695.7787025367115,253.62802598771566
619.0,2216.86000226058,833.5831700819496,695.7787025367115,253.62802598771566
620.0,2216.86000226058,833.5831700819496,695.7787025367115,278.62802598771566
621.0,2216.86000226058,833.5831700819496,695.7787025367115,278.62802598771566
622.0,2216.86000226058,833.5831700819496,695.7787025367115,278.62802598771566
623.0,2216.86000226058,833.5831700819496,695.7787025367115,278.62802598771566
624.0,2216.86000226058,833.5831700819496,695.7787025367115,278.62802598771566
625.0,2216.86000226058,833.5831700819496,695.7787025367115,278.62802598771566
626.0,2216.86000226058,833.5831700819496,695.7787025367115,278.62802598771566
627.0,2216.86000226058,833.5831700819496,695.7787025367115,278.62802598771566
628.0,2216.86000226058,833.5831700819496,695.7787025367115,278.62802598771566
629.0,2216.86000226058,833.5831700819496,695.7787025367115,278.62802598771566
630.0,2216.86000226058,833.5831700819496,695.7787025367115,278.62802598771566
631.0,2216.86000226058,833.5831700819496,695.7787025367115,278.62802598771566
632.0,2216.86000226058,833.5831700819496,695.7787025367115,278.62802598771566
633.0,2216.86000226058,833.5831700819496,695.7787025367115,278.62802598771566
634.0,2216.86000226058,833.5831700819496,695.7787025367115,278.62802598771566
635.0,2216.86000226058,833.5831700819496,695.7787025367115,304.6253386910806
636.0,2216.86000226058,833.5831700819496,695.7787025367115,304.6253386910806
637.0,2216.86000226058,833.5831700819496,695.7787025367115,304.6253386910806
638.0,2216.86000226058,833.5831700819496,695.7787025367115,304.6253386910806
639.0,2216.86000226058,833.5831700819496,695.7787025367115,331.2554266097692
640.0,2216.86000226058,833.5831700819496,695.7787025367115,331.2554266097692
641.0,2216.86000226058,833.5831700819496,695.7787025367115,331.2554266097692
642.0,2216.86000226058,833.5831700819496,695.7787025367115,331.2554266097692
643.0,2216.86000226058,833.5831700819496,695.7787025367115,331.2554266097692
644.0,2216.86000226058,833.5831700819496,695.7787025367115,331.2554266097692
645.0,2216.86000226058,833.5831700819496,726.2823629893419,331.2554266097692
646.0,2216.86000226058,833.5831700819496,726.2823629893419,331.2554266097692
647.0,2216.86000226058,833.5831700819496,726.2823629893419,331.2554266097692
648.0,2216.86000226058,833.5831700819496,726.2823629893419,331.2554266097692
649.0,2216.86000226058,833.5831700819496,726.2823629893419,331.2554266097692
650.0,2216.86000226058,833.5831700819496,726.2823629893419,331.2554266097692
651.0,2266.86000226058,833.5831700819496,726.2823629893419,331.2554266097692
652.0,2318.692354489857,833.5831700819496,726.2823629893419,331.2554266097692
653.0,2345.1531660498254,833.5831700819496,726.2823629893419,331.2554266097692
654.0,2345.1531660498254,833.5831700819496,726.2823629893419,331.2554266097692
655.0,2345.1531660498254,883.5831700819496,726.2823629893419,331.2554266097692
656.0,2345.1531660498254,883.5831700819496,726.2823629893419,331.2554266097692
657.0,2345.1531660498254,883.5831700819496,726.2823629893419,331.2554266097692
658.0,2345.1531660498254,883.5831700819496,726.2823629893419,331.2554266097692
659.0,2372.863290777049,883.5831700819496,726.2823629893419,331.2554266097692
660.0,2372.863290777049,883.5831700819496,726.2823629893419,331.2554266097692
661.0,2401.2353205050044,883.5831700819496,726.2823629893419,331.2554266097692
662.0,2401.2353205050044,883.5831700819496,726.2823629893419,331.2554266097692
663.0,2401.2353205050044,883.5831700819496,726.2823629893419,331.2554266097692
664.0,2401.2353205050044,883.5831700819496,726.2823629893419,331.2554266097692
665.0,2401.2353205050044,883.5831700819496,726.2823629893419,331.2554266097692
666.0,2401.2353205050044,883.5831700819496,726.2823629893419,331.2554266097692
667.0,2401.2353205050044,883.5831700819496,726.2823629893419,331.2554266097692
668.0,2401.2353205050044,883.5831700819496,726.2823629893419,331.2554266097692
669.0,2401.2353205050044,883.5831700819496,726.2823629893419,331.2554266097692
670.0,2426.2353205050044,883.5831700819496,726.2823629893419,331.2554266097692
671.0,2451.5312155446727,883.5831700819496,726.2823629893419,331.2554266097692
672.0,2477.3539614993388,883.5831700819496,726.2823629893419,331.2554266097692
673.0,2503.946444010892,883.5831700819496,726.2823629893419,331.2554266097692
674.0,2529.859147587211,883.5831700819496,726.2823629893419,331.2554266097692
675.0,2529.859147587211,883.5831700819496,726.2823629893419,331.2554266097692
676.0,2529.859147587211,883.5831700819496,726.2823629893419,331.2554266097692
677.0,2529.859147587211,883.5831700819496,726.2823629893419,331.2554266097692
678.0,2529.859147587211,883.5831700819496,726.2823629893419,331.2554266097692
679.0,2529.859147587211,883.5831700819496,726.2823629893419,331.2554266097692
680.0,2529.859147587211,883.5831700819496,726.2823629893419,331.2554266097692
681.0,2529.859147587211,883.5831700819496,726.2823629893419,331.2554266097692
682.0,2529.859147587211,883.5831700819496,726.2823629893419,331.2554266097692
683.0,2529.859147587211,883.5831700819496,726.2823629893419,331.2554266097692
684.0,2554.859147587211,883.5831700819496,726.2823629893419,331.2554266097692
685.0,2580.3210617291834,883.5831700819496,726.2823629893419,331.2554266097692
686.0,2606.229793911394,883.5831700819496,726.2823629893419,331.2554266097692
687.0,2632.1717866873455,883.5831700819496,726.2823629893419,331.2554266097692
688.0,2632.1717866873455,883.5831700819496,726.2823629893419,331.2554266097692
689.0,2632.1717866873455,883.5831700819496,726.2823629893419,331.2554266097692
690.0,2632.1717866873455,883.5831700819496,726.2823629893419,331.2554266097692
691.0,2632.1717866873455,883.5831700819496,726.2823629893419,331.2554266097692
692.0,2632.1717866873455,883.5831700819496,726.2823629893419,331.2554266097692
693.0,2632.1717866873455,883.5831700819496,726.2823629893419,331.2554266097692
694.0,2632.1717866873455,883.5831700819496,726.2823629893419,331.2554266097692
695.0,2632.1717866873455,883.5831700819496,726.2823629893419,331.2554266097692
696.0,2632.1717866873455,883.5831700819496,726.2823629893419,331.2554266097692
697.0,2632.1717866873455,883.5831700819496,726.2823629893419,331.2554266097692
698.0,2632.1717866873455,883.5831700819496,726.2823629893419,331.2554266097692
699.0,2657.1717866873455,883.5831700819496,726.2823629893419,331.2554266097692
700.0,2682.5521400192333,883.5831700819496,726.2823629893419,331.2554266097692
701.0,2708.6125803158898,883.5831700819496,726.2823629893419,331.2554266097692
702.0,2735.327256986575,883.5831700819496,726.2823629893419,331.2554266097692
703.0,2762.662781759562,883.5831700819496,726.2823629893419,331.2554266097692
704.0,2762.662781759562,883.5831700819496,726.2823629893419,331.2554266097692
705.0,2762.662781759562,883.5831700819496,726.2823629893419,331.2554266097692
706.0,2762.662781759562,883.5831700819496,726.2823629893419,331.2554266097692
707.0,2762.662781759562,883.5831700819496,726.2823629893419,331.2554266097692
708.0,2762.662781759562,883.5831700819496,726.2823629893419,331.2554266097692
709.0,2762.662781759562,883.5831700819496,726.2823629893419,331.2554266097692
710.0,2762.662781759562,883.5831700819496,726.2823629893419,331.2554266097692
711.0,2762.662781759562,883.5831700819496,726.2823629893419,331.2554266097692
712.0,2762.662781759562,883.5831700819496,726.2823629893419,331.2554266097692
713.0,2787.662781759562,883.5831700819496,726.2823629893419,331.2554266097692
714.0,2787.662781759562,883.5831700819496,726.2823629893419,331.2554266097692
715.0,2787.662781759562,883.5831700819496,726.2823629893419,331.2554266097692
716.0,2787.662781759562,883.5831700819496,726.2823629893419,331.2554266097692
717.0,2787.662781759562,883.5831700819496,726.2823629893419,331.2554266097692
718.0,2787.662781759562,883.5831700819496,726.2823629893419,331.2554266097692
719.0,2787.662781759562,883.5831700819496,726.2823629893419,331.2554266097692
720.0,2787.662781759562,883.5831700819496,726.2823629893419,331.2554266097692
721.0,2812.9521984144562,883.5831700819496,726.2823629893419,331.2554266097692
722.0,2812.9521984144562,883.5831700819496,726.2823629893419,331.2554266097692
723.0,2812.9521984144562,883.5831700819496,726.2823629893419,331.2554266097692
724.0,2812.9521984144562,883.5831700819496,726.2823629893419,331.2554266097692
725.0,2812.9521984144562,883.5831700819496,726.2823629893419,331.2554266097692
726.0,2812.9521984144562,883.5831700819496,726.2823629893419,331.2554266097692
727.0,2812.9521984144562,883.5831700819496,726.2823629893419,331.2554266097692
728.0,2812.9521984144562,883.5831700819496,726.2823629893419,331.2554266097692
729.0,2812.9521984144562,883.5831700819496,726.2823629893419,331.2554266097692
730.0,2812.9521984144562,883.5831700819496,726.2823629893419,331.2554266097692
731.0,2812.9521984144562,883.5831700819496,726.2823629893419,331.2554266097692
732.0,2812.9521984144562,883.5831700819496,726.2823629893419,331.2554266097692
733.0,2812.9521984144562,883.5831700819496,726.2823629893419,331.2554266097692
734.0,2812.9521984144562,883.5831700819496,726.2823629893419,331.2554266097692
735.0,2812.9521984144562,908.7077798707593,726.2823629893419,331.2554266097692
736.0,2837.9521984144562,908.7077798707593,726.2823629893419,331.2554266097692
737.0,2888.618008601518,908.7077798707593,726.2823629893419,331.2554266097692
738.0,2913.9512127940743,908.7077798707593,726.2823629893419,331.2554266097692
739.0,2913.9512127940743,908.7077798707593,726.2823629893419,331.2554266097692
740.0,2913.9512127940743,908.7077798707593,726.2823629893419,331.2554266097692
741.0,2913.9512127940743,908.7077798707593,726.2823629893419,331.2554266097692
742.0,2913.9512127940743,908.7077798707593,726.2823629893419,331.2554266097692
743.0,2913.9512127940743,933.7077798707593,726.2823629893419,331.2554266097692
744.0,2913.9512127940743,959.000560696839,726.2823629893419,331.2554266097692
745.0,2913.9512127940743,959.000560696839,726.2823629893419,331.2554266097692
746.0,2913.9512127940743,959.000560696839,726.2823629893419,331.2554266097692
747.0,2913.9512127940743,985.1507017311759,726.2823629893419,331.2554266097692
748.0,2913.9512127940743,985.1507017311759,726.2823629893419,331.2554266097692
749.0,2938.9512127940743,985.1507017311759,726.2823629893419,331.2554266097692
750.0,3018.9854817987175,985.1507017311759,726.2823629893419,331.2554266097692
751.0,3018.9854817987175,985.1507017311759,751.2823629893419,331.2554266097692
752.0,3018.9854817987175,985.1507017311759,776.736900665329,331.2554266097692
753.0,3018.9854817987175,985.1507017311759,802.7865026084837,331.2554266097692
754.0,3018.9854817987175,985.1507017311759,802.7865026084837,331.2554266097692
755.0,3018.9854817987175,985.1507017311759,802.7865026084837,331.2554266097692
756.0,3018.9854817987175,985.1507017311759,802.7865026084837,331.2554266097692
757.0,3018.9854817987175,985.1507017311759,802.7865026084837,331.2554266097692
758.0,3018.9854817987175,985.1507017311759,802.7865026084837,331.2554266097692
759.0,3018.9854817987175,985.1507017311759,802.7865026084837,331.2554266097692
760.0,3018.9854817987175,985.1507017311759,802.7865026084837,331.2554266097692
761.0,3018.9854817987175,985.1507017311759,802.7865026084837,331.2554266097692
762.0,3018.9854817987175,985.1507017311759,802.7865026084837,331.2554266097692
763.0,3018.9854817987175,985.1507017311759,802.7865026084837,331.2554266097692
764.0,3018.9854817987175,985.1507017311759,802.7865026084837,331.2554266097692
765.0,3018.9854817987175,985.1507017311759,802.7865026084837,331.2554266097692
766.0,3018.9854817987175,985.1507017311759,827.7865026084837,356.2554266097692
767.0,3043.9854817987175,985.1507017311759,827.7865026084837,381.37547929063714
768.0,3043.9854817987175,985.1507017311759,827.7865026084837,406.60958201832966
769.0,3043.9854817987175,985.1507017311759,827.7865026084837,406.60958201832966
770.0,3043.9854817987175,1010.1507017311759,827.7865026084837,406.60958201832966
771.0,3043.9854817987175,1010.1507017311759,827.7865026084837,406.60958201832966
772.0,3043.9854817987175,1035.150701731176,827.7865026084837,406.60958201832966
773.0,3043.9854817987175,1060.9943826040198,827.7865026084837,406.60958201832966
774.0,3070.616949086447,1085.9943826040198,827.7865026084837,406.60958201832966
775.0,3070.616949086447,1110.9943826040198,827.7865026084837,406.60958201832966
776.0,3070.616949086447,1110.9943826040198,827.7865026084837,406.60958201832966
777.0,3070.616949086447,1110.9943826040198,827.7865026084837,406.60958201832966
778.0,3070.616949086447,1110.9943826040198,827.7865026084837,406.60958201832966
779.0,3070.616949086447,1110.9943826040198,827.7865026084837,406.60958201832966
780.0,3070.616949086447,1110.9943826040198,827.7865026084837,406.60958201832966
781.0,3070.616949086447,1110.9943826040198,827.7865026084837,406.60958201832966
782.0,3070.616949086447,1110.9943826040198,827.7865026084837,406.60958201832966
783.0,3070.616949086447,1110.9943826040198,827.7865026084837,406.60958201832966
784.0,3070.616949086447,1110.9943826040198,827.7865026084837,406.60958201832966
785.0,3070.616949086447,1110.9943826040198,827.7865026084837,406.60958201832966
786.0,3070.616949086447,1110.9943826040198,827.7865026084837,406.60958201832966
787.0,3095.616949086447,1135.9943826040198,827.7865026084837,406.60958201832966
788.0,3120.616949086447,1161.5333314735271,827.7865026084837,406.60958201832966
789.0,3120.616949086447,1161.5333314735271,827.7865026084837,406.60958201832966
790.0,3120.616949086447,1161.5333314735271,827.7865026084837,406.60958201832966
791.0,3145.616949086447,1161.5333314735271,827.7865026084837,406.60958201832966
792.0,3145.616949086447,1186.5333314735271,827.7865026084837,406.60958201832966
793.0,3145.616949086447,1186.5333314735271,827.7865026084837,406.60958201832966
794.0,3145.616949086447,1186.5333314735271,827.7865026084837,406.60958201832966
795.0,3145.616949086447,1186.5333314735271,827.7865026084837,406.60958201832966
796.0,3145.616949086447,1186.5333314735271,827.7865026084837,406.60958201832966
797.0,3145.616949086447,1186.5333314735271,827.7865026084837,406.60958201832966
798.0,3145.616949086447,1186.5333314735271,827.7865026084837,406.60958201832966
799.0,3145.616949086447,1186.5333314735271,827.7865026084837,406.60958201832966
800.0,3145.616949086447,1186.5333314735271,827.7865026084837,406.60958201832966
801.0,3145.616949086447,1186.5333314735271,827.7865026084837,406.60958201832966
802.0,3145.616949086447,1186.5333314735271,827.7865026084837,406.60958201832966
803.0,3170.616949086447,1211.5333314735271,827.7865026084837,406.60958201832966
804.0,3196.1579716380716,1237.0494828481599,827.7865026084837,406.60958201832966
805.0,3196.1579716380716,1237.0494828481599,827.7865026084837,406.60958201832966
806.0,3196.1579716380716,1237.0494828481599,827.7865026084837,406.60958201832966
807.0,3196.1579716380716,1237.0494828481599,827.7865026084837,406.60958201832966
808.0,3196.1579716380716,1237.0494828481599,827.7865026084837,406.60958201832966
809.0,3196.1579716380716,1237.0494828481599,827.7865026084837,406.60958201832966
810.0,3196.1579716380716,1237.0494828481599,827.7865026084837,406.60958201832966
811.0,3196.1579716380716,1237.0494828481599,827.7865026084837,406.60958201832966
812.0,3196.1579716380716,1237.0494828481599,827.7865026084837,406.60958201832966
813.0,3196.1579716380716,1237.0494828481599,827.7865026084837,406.60958201832966
814.0,3196.1579716380716,1237.0494828481599,852.7865026084837,406.60958201832966
815.0,3196.1579716380716,1237.0494828481599,878.1570991834363,406.60958201832966
816.0,3196.1579716380716,1237.0494828481599,903.8960960090952,406.60958201832966
817.0,3196.1579716380716,1237.0494828481599,903.8960960090952,406.60958201832966
818.0,3196.1579716380716,1237.0494828481599,903.8960960090952,406.60958201832966
819.0,3196.1579716380716,1237.0494828481599,903.8960960090952,406.60958201832966
820.0,3196.1579716380716,1237.0494828481599,903.8960960090952,406.60958201832966
821.0,3196.1579716380716,1237.0494828481599,903.8960960090952,406.60958201832966
822.0,3196.1579716380716,1237.0494828481599,903.8960960090952,406.60958201832966
823.0,3196.1579716380716,1237.0494828481599,903.8960960090952,406.60958201832966
824.0,3196.1579716380716,1237.0494828481599,903.8960960090952,406.60958201832966
825.0,3196.1579716380716,1237.0494828481599,903.8960960090952,406.60958201832966
826.0,3196.1579716380716,1237.0494828481599,903.8960960090952,406.60958201832966
827.0,3196.1579716380716,1237.0494828481599,903.8960960090952,406.60958201832966
828.0,3196.1579716380716,1237.0494828481599,903.8960960090952,406.60958201832966
829.0,3196.1579716380716,1237.0494828481599,903.8960960090952,406.60958201832966
830.0,3196.1579716380716,1237.0494828481599,903.8960960090952,406.60958201832966
831.0,3196.1579716380716,1237.0494828481599,903.8960960090952,406.60958201832966
832.0,3196.1579716380716,1237.0494828481599,903.8960960090952,406.60958201832966
833.0,3196.1579716380716,1237.0494828481599,903.8960960090952,431.60958201832966
834.0,3196.1579716380716,1237.0494828481599,903.8960960090952,457.1056326688889
835.0,3196.1579716380716,1237.0494828481599,903.8960960090952,457.1056326688889
836.0,3196.1579716380716,1237.0494828481599,903.8960960090952,457.1056326688889
837.0,3196.1579716380716,1237.0494828481599,903.8960960090952,457.1056326688889
838.0,3196.1579716380716,1237.0494828481599,903.8960960090952,457.1056326688889
839.0,3196.1579716380716,1237.0494828481599,928.8960960090952,457.1056326688889
840.0,3196.1579716380716,1237.0494828481599,954.2317696405311,457.1056326688889
841.0,3196.1579716380716,1237.0494828481599,980.1390602020984,457.1056326688889
842.0,3196.1579716380716,1237.0494828481599,980.1390602020984,457.1056326688889
843.0,3196.1579716380716,1237.0494828481599,980.1390602020984,457.1056326688889
844.0,3196.1579716380716,1237.0494828481599,980.1390602020984,457.1056326688889
845.0,3196.1579716380716,1237.0494828481599,980.1390602020984,457.1056326688889
846.0,3196.1579716380716,1237.0494828481599,980.1390602020984,457.1056326688889
847.0,3196.1579716380716,1237.0494828481599,980.1390602020984,457.1056326688889
848.0,3221.1579716380716,1237.0494828481599,980.1390602020984,457.1056326688889
849.0,3221.1579716380716,1237.0494828481599,980.1390602020984,457.1056326688889
850.0,3271.1579716380716,1237.0494828481599,980.1390602020984,457.1056326688889
851.0,3296.1579716380716,1237.0494828481599,980.1390602020984,457.1056326688889
852.0,3347.6591373620276,1237.0494828481599,980.1390602020984,457.1056326688889
853.0,3373.198086231535,1237.0494828481599,980.1390602020984,457.1056326688889
854.0,3373.198086231535,1237.0494828481599,980.1390602020984,457.1056326688889
855.0,3373.198086231535,1237.0494828481599,980.1390602020984,457.1056326688889
856.0,3373.198086231535,1237.0494828481599,980.1390602020984,457.1056326688889
857.0,3373.198086231535,1237.0494828481599,980.1390602020984,457.1056326688889
858.0,3373.198086231535,1237.0494828481599,980.1390602020984,457.1056326688889
859.0,3373.198086231535,1237.0494828481599,980.1390602020984,457.1056326688889
860.0,3373.198086231535,1237.0494828481599,980.1390602020984,457.1056326688889
861.0,3373.198086231535,1237.0494828481599,980.1390602020984,457.1056326688889
862.0,3373.198086231535,1237.0494828481599,980.1390602020984,457.1056326688889
863.0,3373.198086231535,1237.0494828481599,980.1390602020984,457.1056326688889
864.0,3398.198086231535,1237.0494828481599,980.1390602020984,457.1056326688889
865.0,3423.831063573869,1237.0494828481599,980.1390602020984,457.1056326688889
866.0,3450.0698585130845,1237.0494828481599,980.1390602020984,457.1056326688889
867.0,3450.0698585130845,1237.0494828481599,980.1390602020984,457.1056326688889
868.0,3450.0698585130845,1237.0494828481599,980.1390602020984,457.1056326688889
869.0,3450.0698585130845,1237.0494828481599,980.1390602020984,457.1056326688889
870.0,3450.0698585130845,1237.0494828481599,980.1390602020984,457.1056326688889
871.0,3450.0698585130845,1237.0494828481599,980.1390602020984,457.1056326688889
872.0,3450.0698585130845,1237.0494828481599,980.1390602020984,457.1056326688889
873.0,3450.0698585130845,1237.0494828481599,980.1390602020984,457.1056326688889
874.0,3450.0698585130845,1237.0494828481599,980.1390602020984,457.1056326688889
875.0,3450.0698585130845,1237.0494828481599,980.1390602020984,457.1056326688889
876.0,3450.0698585130845,1237.0494828481599,980.1390602020984,457.1056326688889
877.0,3450.0698585130845,1237.0494828481599,980.1390602020984,457.1056326688889
878.0,3450.0698585130845,1237.0494828481599,980.1390602020984,457.1056326688889
879.0,3450.0698585130845,1237.0494828481599,980.1390602020984,457.1056326688889
880.0,3450.0698585130845,1237.0494828481599,980.1390602020984,482.1056326688889
881.0,3450.0698585130845,1237.0494828481599,980.1390602020984,507.48407552521843
882.0,3450.0698585130845,1237.0494828481599,980.1390602020984,507.48407552521843
883.0,3450.0698585130845,1237.0494828481599,980.1390602020984,507.48407552521843
884.0,3450.0698585130845,1237.0494828481599,980.1390602020984,507.48407552521843
885.0,3450.0698585130845,1237.0494828481599,980.1390602020984,507.48407552521843
886.0,3450.0698585130845,1237.0494828481599,980.1390602020984,507.48407552521843
887.0,3475.0698585130845,1237.0494828481599,980.1390602020984,507.48407552521843
888.0,3500.4092632982533,1237.0494828481599,980.1390602020984,507.48407552521843
889.0,3525.749966501893,1237.0494828481599,980.1390602020984,507.48407552521843
890.0,3525.749966501893,1237.0494828481599,980.1390602020984,507.48407552521843
891.0,3525.749966501893,1237.0494828481599,980.1390602020984,507.48407552521843
892.0,3525.749966501893,1237.0494828481599,980.1390602020984,507.48407552521843
893.0,3525.749966501893,1237.0494828481599,980.1390602020984,507.48407552521843
894.0,3525.749966501893,1237.0494828481599,980.1390602020984,507.48407552521843
895.0,3525.749966501893,1237.0494828481599,980.1390602020984,507.48407552521843
896.0,3525.749966501893,1237.0494828481599,980.1390602020984,507.48407552521843
897.0,3525.749966501893,1237.0494828481599,980.1390602020984,507.48407552521843
898.0,3525.749966501893,1237.0494828481599,980.1390602020984,507.48407552521843
899.0,3525.749966501893,1237.0494828481599,980.1390602020984,507.48407552521843
900.0,3525.749966501893,1237.0494828481599,980.1390602020984,507.48407552521843
901.0,3525.749966501893,1237.0494828481599,980.1390602020984,507.48407552521843
902.0,3525.749966501893,1237.0494828481599,980.1390602020984,507.48407552521843
903.0,3525.749966501893,1237.0494828481599,980.1390602020984,507.48407552521843
904.0,3525.749966501893,1237.0494828481599,980.1390602020984,507.48407552521843
905.0,3525.749966501893,1237.0494828481599,980.1390602020984,507.48407552521843
906.0,3525.749966501893,1237.0494828481599,980.1390602020984,507.48407552521843
907.0,3525.749966501893,1237.0494828481599,980.1390602020984,507.48407552521843
908.0,3525.749966501893,1237.0494828481599,980.1390602020984,507.48407552521843
909.0,3525.749966501893,1237.0494828481599,980.1390602020984,507.48407552521843
910.0,3525.749966501893,1237.0494828481599,980.1390602020984,507.48407552521843
911.0,3525.749966501893,1237.0494828481599,980.1390602020984,507.48407552521843
912.0,3525.749966501893,1237.0494828481599,980.1390602020984,507.48407552521843
913.0,3525.749966501893,1237.0494828481599,1005.1390602020984,507.48407552521843
914.0,3525.749966501893,1237.0494828481599,1030.5281308764845,507.48407552521843
915.0,3525.749966501893,1237.0494828481599,1056.2873573660888,507.48407552521843
916.0,3525.749966501893,1237.0494828481599,1056.2873573660888,507.48407552521843
917.0,3525.749966501893,1237.0494828481599,1056.2873573660888,507.48407552521843
918.0,3525.749966501893,1237.0494828481599,1056.2873573660888,507.48407552521843
919.0,3525.749966501893,1237.0494828481599,1056.2873573660888,507.48407552521843
920.0,3525.749966501893,1237.0494828481599,1056.2873573660888,507.48407552521843
921.0,3525.749966501893,1237.0494828481599,1056.2873573660888,507.48407552521843
922.0,3525.749966501893,1237.0494828481599,1056.2873573660888,507.48407552521843
923.0,3525.749966501893,1237.0494828481599,1056.2873573660888,507.48407552521843
924.0,3525.749966501893,1237.0494828481599,1056.2873573660888,507.48407552521843
925.0,3550.749966501893,1237.0494828481599,1081.2873573660888,507.48407552521843
926.0,3575.749966501893,1237.0494828481599,1081.2873573660888,507.48407552521843
927.0,3600.749966501893,1237.0494828481599,1081.2873573660888,507.48407552521843
928.0,3625.749966501893,1237.0494828481599,1081.2873573660888,507.48407552521843
929.0,3625.749966501893,1237.0494828481599,1081.2873573660888,507.48407552521843
930.0,3625.749966501893,1237.0494828481599,1081.2873573660888,507.48407552521843
931.0,3625.749966501893,1237.0494828481599,1081.2873573660888,507.48407552521843
932.0,3625.749966501893,1237.0494828481599,1081.2873573660888,507.48407552521843
933.0,3625.749966501893,1237.0494828481599,1081.2873573660888,507.48407552521843
934.0,3625.749966501893,1237.0494828481599,1081.2873573660888,507.48407552521843
935.0,3625.749966501893,1237.0494828481599,1081.2873573660888,507.48407552521843
936.0,3625.749966501893,1237.0494828481599,1081.2873573660888,507.48407552521843
937.0,3625.749966501893,1237.0494828481599,1081.2873573660888,507.48407552521843
938.0,3625.749966501893,1262.0494828481599,1081.2873573660888,507.48407552521843
939.0,3625.749966501893,1287.7411619483912,1081.2873573660888,507.48407552521843
940.0,3625.749966501893,1312.7411619483912,1081.2873573660888,507.48407552521843
941.0,3625.749966501893,1312.7411619483912,1081.2873573660888,507.48407552521843
942.0,3625.749966501893,1312.7411619483912,1081.2873573660888,507.48407552521843
943.0,3625.749966501893,1337.7411619483912,1081.2873573660888,507.48407552521843
944.0,3625.749966501893,1337.7411619483912,1106.2873573660888,507.48407552521843
945.0,3625.749966501893,1337.7411619483912,1106.2873573660888,507.48407552521843
946.0,3625.749966501893,1337.7411619483912,1106.2873573660888,507.48407552521843
947.0,3625.749966501893,1337.7411619483912,1106.2873573660888,507.48407552521843
948.0,3625.749966501893,1337.7411619483912,1106.2873573660888,507.48407552521843
949.0,3625.749966501893,1337.7411619483912,1106.2873573660888,507.48407552521843
950.0,3625.749966501893,1337.7411619483912,1106.2873573660888,507.48407552521843
951.0,3625.749966501893,1337.7411619483912,1106.2873573660888,507.48407552521843
952.0,3625.749966501893,1337.7411619483912,1131.2873573660888,507.48407552521843
953.0,3625.749966501893,1337.7411619483912,1156.559530323281,507.48407552521843
954.0,3625.749966501893,1337.7411619483912,1156.559530323281,507.48407552521843
955.0,3625.749966501893,1337.7411619483912,1156.559530323281,507.48407552521843
956.0,3625.749966501893,1337.7411619483912,1156.559530323281,507.48407552521843
957.0,3650.749966501893,1337.7411619483912,1156.559530323281,507.48407552521843
958.0,3675.982198270741,1337.7411619483912,1156.559530323281,507.48407552521843
959.0,3700.982198270741,1337.7411619483912,1156.559530323281,507.48407552521843
960.0,3700.982198270741,1337.7411619483912,1156.559530323281,532.4840755252185
961.0,3700.982198270741,1337.7411619483912,1156.559530323281,532.4840755252185
962.0,3700.982198270741,1337.7411619483912,1156.559530323281,532.4840755252185
963.0,3700.982198270741,1337.7411619483912,1156.559530323281,532.4840755252185
964.0,3700.982198270741,1337.7411619483912,1156.559530323281,532.4840755252185
965.0,3700.982198270741,1337.7411619483912,1156.559530323281,532.4840755252185
966.0,3700.982198270741,1337.7411619483912,1156.559530323281,532.4840755252185
967.0,3700.982198270741,1337.7411619483912,1156.559530323281,532.4840755252185
968.0,3700.982198270741,1337.7411619483912,1156.559530323281,532.4840755252185
969.0,3700.982198270741,1337.7411619483912,1156.559530323281,557.4840755252185
970.0,3700.982198270741,1337.7411619483912,1156.559530323281,582.8131486675167
971.0,3700.982198270741,1337.7411619483912,1156.559530323281,608.7283866244721
972.0,3700.982198270741,1337.7411619483912,1156.559530323281,635.2094372090085
973.0,3700.982198270741,1337.7411619483912,1156.559530323281,635.2094372090085
974.0,3700.982198270741,1337.7411619483912,1156.559530323281,635.2094372090085
975.0,3700.982198270741,1337.7411619483912,1156.559530323281,635.2094372090085
976.0,3700.982198270741,1337.7411619483912,1156.559530323281,635.2094372090085
977.0,3700.982198270741,1337.7411619483912,1181.559530323281,635.2094372090085
978.0,3700.982198270741,1337.7411619483912,1181.559530323281,635.2094372090085
979.0,3700.982198270741,1337.7411619483912,1181.559530323281,635.2094372090085
980.0,3700.982198270741,1337.7411619483912,1181.559530323281,635.2094372090085
981.0,3700.982198270741,1337.7411619483912,1181.559530323281,635.2094372090085
982.0,3700.982198270741,1337.7411619483912,1181.559530323281,635.2094372090085
983.0,3700.982198270741,1337.7411619483912,1181.559530323281,635.2094372090085
984.0,3700.982198270741,1337.7411619483912,1181.559530323281,635.2094372090085
985.0,3725.982198270741,1337.7411619483912,1181.559530323281,635.2094372090085
986.0,3725.982198270741,1337.7411619483912,1181.559530323281,635.2094372090085
987.0,3750.982198270741,1337.7411619483912,1181.559530323281,635.2094372090085
988.0,3776.627844760243,1337.7411619483912,1181.559530323281,635.2094372090085
989.0,3776.627844760243,1337.7411619483912,1181.559530323281,635.2094372090085
990.0,3776.627844760243,1337.7411619483912,1181.559530323281,635.2094372090085
991.0,3776.627844760243,1337.7411619483912,1181.559530323281,635.2094372090085
992.0,3776.627844760243,1337.7411619483912,1181.559530323281,635.2094372090085
993.0,3776.627844760243,1337.7411619483912,1181.559530323281,635.2094372090085
994.0,3776.627844760243,1337.7411619483912,1207.2435415728667,635.2094372090085
995.0,3776.627844760243,1337.7411619483912,1207.2435415728667,635.2094372090085
996.0,3776.627844760243,1337.7411619483912,1207.2435415728667,635.2094372090085
997.0,3776.627844760243,1337.7411619483912,1207.2435415728667,635.2094372090085
998.0,3776.627844760243,1337.7411619483912,1207.2435415728667,635.2094372090085
999.0,3776.627844760243,1337.7411619483912,1207.2435415728667,635.2094372090085
1000.0,3776.627844760243,1337.7411619483912,1207.2435415728667,635.2094372090085
