"tick","Imported NL Low","Imported NL High","Imported ES Low","Imported ES High"
1.0,0.0,0.0,0.0,0.0
2.0,0.0,0.0,0.0,0.0
3.0,0.0,0.0,0.0,0.0
4.0,0.0,0.0,0.0,0.0
5.0,0.0,0.0,0.0,0.0
6.0,0.0,0.0,0.0,0.0
7.0,0.0,0.0,0.0,0.0
8.0,0.0,0.0,0.0,0.0
9.0,0.0,0.0,0.0,0.0
10.0,0.0,0.0,0.0,0.0
11.0,0.0,0.0,0.0,0.0
12.0,0.0,0.0,0.0,0.0
13.0,0.0,0.0,0.0,0.0
14.0,0.0,0.0,0.0,0.0
15.0,0.0,0.0,25.0,25.0
16.0,0.0,0.0,25.0,25.0
17.0,0.0,0.0,25.0,25.0
18.0,0.0,0.0,25.0,25.0
19.0,0.0,0.0,25.0,25.0
20.0,0.0,0.0,25.0,25.0
21.0,0.0,0.0,25.0,25.0
22.0,0.0,0.0,25.0,25.0
23.0,0.0,0.0,25.0,25.0
24.0,0.0,0.0,25.0,25.0
25.0,0.0,0.0,25.0,25.0
26.0,0.0,0.0,25.0,25.0
27.0,0.0,0.0,25.0,25.0
28.0,0.0,0.0,25.0,25.0
29.0,0.0,0.0,25.0,25.0
30.0,0.0,0.0,25.0,25.0
31.0,0.0,0.0,25.0,25.0
32.0,31.152195291920407,0.0,77.10865798000206,25.0
33.0,31.152195291920407,0.0,77.10865798000206,25.0
34.0,31.152195291920407,0.0,77.10865798000206,25.0
35.0,56.400116892130995,0.0,77.10865798000206,25.0
36.0,56.400116892130995,0.0,133.48695714501056,25.0
37.0,56.400116892130995,0.0,133.48695714501056,25.0
38.0,56.400116892130995,0.0,133.48695714501056,25.0
39.0,56.400116892130995,0.0,133.48695714501056,25.0
40.0,56.400116892130995,0.0,133.48695714501056,25.0
41.0,56.400116892130995,0.0,133.48695714501056,25.0
42.0,56.400116892130995,0.0,133.48695714501056,25.0
43.0,56.400116892130995,0.0,133.48695714501056,25.0
44.0,56.400116892130995,0.0,133.48695714501056,25.0
45.0,56.400116892130995,0.0,133.48695714501056,25.0
46.0,56.400116892130995,0.0,133.48695714501056,25.0
47.0,86.400116892131,0.0,133.48695714501056,25.0
48.0,86.400116892131,0.0,133.48695714501056,25.0
49.0,86.400116892131,0.0,133.48695714501056,25.0
50.0,119.84536351804255,0.0,133.48695714501056,25.0
51.0,119.84536351804255,0.0,133.48695714501056,25.0
52.0,153.52397257733458,25.0,133.48695714501056,25.0
53.0,153.52397257733458,25.0,133.48695714501056,25.0
54.0,178.52397257733458,50.0,133.48695714501056,25.0
55.0,229.05046072517746,75.61464808917476,133.48695714501056,25.0
56.0,255.08344012129254,100.61464808917476,133.48695714501056,25.0
57.0,281.60361031672784,100.61464808917476,133.48695714501056,25.0
58.0,281.60361031672784,100.61464808917476,133.48695714501056,25.0
59.0,281.60361031672784,100.61464808917476,133.48695714501056,25.0
60.0,281.60361031672784,100.61464808917476,133.48695714501056,25.0
61.0,281.60361031672784,100.61464808917476,133.48695714501056,25.0
62.0,281.60361031672784,100.61464808917476,158.48695714501056,25.0
63.0,281.60361031672784,100.61464808917476,183.75532575334339,25.0
64.0,281.60361031672784,125.61464808917476,183.75532575334339,25.0
65.0,281.60361031672784,125.61464808917476,183.75532575334339,25.0
66.0,281.60361031672784,125.61464808917476,183.75532575334339,25.0
67.0,281.60361031672784,125.61464808917476,183.75532575334339,25.0
68.0,281.60361031672784,125.61464808917476,183.75532575334339,25.0
69.0,281.60361031672784,125.61464808917476,183.75532575334339,25.0
70.0,281.60361031672784,125.61464808917476,183.75532575334339,25.0
71.0,281.60361031672784,125.61464808917476,183.75532575334339,25.0
72.0,281.60361031672784,125.61464808917476,183.75532575334339,25.0
73.0,281.60361031672784,125.61464808917476,183.75532575334339,25.0
74.0,281.60361031672784,125.61464808917476,183.75532575334339,25.0
75.0,281.60361031672784,125.61464808917476,183.75532575334339,25.0
76.0,281.60361031672784,125.61464808917476,183.75532575334339,25.0
77.0,281.60361031672784,125.61464808917476,183.75532575334339,25.0
78.0,281.60361031672784,125.61464808917476,183.75532575334339,25.0
79.0,281.60361031672784,125.61464808917476,183.75532575334339,25.0
80.0,281.60361031672784,125.61464808917476,183.75532575334339,25.0
81.0,281.60361031672784,125.61464808917476,183.75532575334339,25.0
82.0,281.60361031672784,125.61464808917476,183.75532575334339,25.0
83.0,281.60361031672784,125.61464808917476,183.75532575334339,25.0
84.0,281.60361031672784,125.61464808917476,183.75532575334339,25.0
85.0,281.60361031672784,125.61464808917476,183.75532575334339,25.0
86.0,281.60361031672784,125.61464808917476,183.75532575334339,25.0
87.0,281.60361031672784,125.61464808917476,183.75532575334339,25.0
88.0,281.60361031672784,125.61464808917476,183.75532575334339,25.0
89.0,281.60361031672784,125.61464808917476,183.75532575334339,25.0
90.0,281.60361031672784,125.61464808917476,183.75532575334339,25.0
91.0,281.60361031672784,125.61464808917476,183.75532575334339,25.0
92.0,281.60361031672784,125.61464808917476,183.75532575334339,25.0
93.0,281.60361031672784,125.61464808917476,183.75532575334339,25.0
94.0,281.60361031672784,125.61464808917476,183.75532575334339,25.0
95.0,281.60361031672784,125.61464808917476,183.75532575334339,25.0
96.0,281.60361031672784,125.61464808917476,183.75532575334339,25.0
97.0,281.60361031672784,125.61464808917476,183.75532575334339,25.0
98.0,281.60361031672784,125.61464808917476,183.75532575334339,25.0
99.0,281.60361031672784,125.61464808917476,183.75532575334339,25.0
100.0,281.60361031672784,125.61464808917476,183.75532575334339,25.0
101.0,281.60361031672784,125.61464808917476,183.75532575334339,25.0
102.0,281.60361031672784,125.61464808917476,183.75532575334339,25.0
103.0,281.60361031672784,125.61464808917476,183.75532575334339,50.0
104.0,281.60361031672784,125.61464808917476,183.75532575334339,75.69735210060026
105.0,281.60361031672784,125.61464808917476,183.75532575334339,100.69735210060026
106.0,281.60361031672784,125.61464808917476,183.75532575334339,100.69735210060026
107.0,281.60361031672784,125.61464808917476,183.75532575334339,125.69735210060026
108.0,281.60361031672784,125.61464808917476,183.75532575334339,125.69735210060026
109.0,281.60361031672784,125.61464808917476,183.75532575334339,125.69735210060026
110.0,281.60361031672784,125.61464808917476,183.75532575334339,125.69735210060026
111.0,281.60361031672784,150.61464808917475,183.75532575334339,125.69735210060026
112.0,281.60361031672784,176.2391118345761,183.75532575334339,125.69735210060026
113.0,281.60361031672784,201.95681613810874,183.75532575334339,125.69735210060026
114.0,281.60361031672784,201.95681613810874,183.75532575334339,125.69735210060026
115.0,281.60361031672784,201.95681613810874,183.75532575334339,125.69735210060026
116.0,281.60361031672784,201.95681613810874,183.75532575334339,125.69735210060026
117.0,281.60361031672784,201.95681613810874,183.75532575334339,125.69735210060026
118.0,281.60361031672784,201.95681613810874,183.75532575334339,125.69735210060026
119.0,281.60361031672784,201.95681613810874,183.75532575334339,125.69735210060026
120.0,281.60361031672784,201.95681613810874,183.75532575334339,125.69735210060026
121.0,281.60361031672784,201.95681613810874,183.75532575334339,125.69735210060026
122.0,281.60361031672784,201.95681613810874,183.75532575334339,125.69735210060026
123.0,281.60361031672784,201.95681613810874,183.75532575334339,125.69735210060026
124.0,281.60361031672784,201.95681613810874,183.75532575334339,125.69735210060026
125.0,281.60361031672784,201.95681613810874,183.75532575334339,125.69735210060026
126.0,281.60361031672784,201.95681613810874,183.75532575334339,125.69735210060026
127.0,281.60361031672784,201.95681613810874,183.75532575334339,125.69735210060026
128.0,281.60361031672784,201.95681613810874,183.75532575334339,125.69735210060026
129.0,281.60361031672784,201.95681613810874,183.75532575334339,125.69735210060026
130.0,281.60361031672784,201.95681613810874,183.75532575334339,125.69735210060026
131.0,281.60361031672784,201.95681613810874,183.75532575334339,125.69735210060026
132.0,281.60361031672784,201.95681613810874,183.75532575334339,125.69735210060026
133.0,281.60361031672784,201.95681613810874,183.75532575334339,125.69735210060026
134.0,281.60361031672784,201.95681613810874,183.75532575334339,125.69735210060026
135.0,281.60361031672784,201.95681613810874,183.75532575334339,125.69735210060026
136.0,281.60361031672784,201.95681613810874,183.75532575334339,125.69735210060026
137.0,281.60361031672784,201.95681613810874,183.75532575334339,125.69735210060026
138.0,281.60361031672784,201.95681613810874,183.75532575334339,125.69735210060026
139.0,281.60361031672784,201.95681613810874,183.75532575334339,125.69735210060026
140.0,281.60361031672784,201.95681613810874,183.75532575334339,125.69735210060026
141.0,281.60361031672784,201.95681613810874,183.75532575334339,125.69735210060026
142.0,281.60361031672784,201.95681613810874,183.75532575334339,125.69735210060026
143.0,281.60361031672784,201.95681613810874,183.75532575334339,125.69735210060026
144.0,281.60361031672784,201.95681613810874,183.75532575334339,125.69735210060026
145.0,281.60361031672784,201.95681613810874,183.75532575334339,125.69735210060026
146.0,281.60361031672784,201.95681613810874,183.75532575334339,125.69735210060026
147.0,281.60361031672784,201.95681613810874,208.75532575334339,125.69735210060026
148.0,281.60361031672784,201.95681613810874,234.0563632091776,125.69735210060026
149.0,281.60361031672784,201.95681613810874,259.64507304466537,125.69735210060026
150.0,281.60361031672784,201.95681613810874,285.2536822600166,125.69735210060026
151.0,281.60361031672784,201.95681613810874,310.8811958862382,125.69735210060026
152.0,281.60361031672784,201.95681613810874,310.8811958862382,125.69735210060026
153.0,281.60361031672784,201.95681613810874,310.8811958862382,125.69735210060026
154.0,281.60361031672784,201.95681613810874,310.8811958862382,125.69735210060026
155.0,281.60361031672784,201.95681613810874,310.8811958862382,125.69735210060026
156.0,281.60361031672784,201.95681613810874,310.8811958862382,125.69735210060026
157.0,281.60361031672784,201.95681613810874,310.8811958862382,125.69735210060026
158.0,281.60361031672784,201.95681613810874,310.8811958862382,125.69735210060026
159.0,281.60361031672784,201.95681613810874,310.8811958862382,125.69735210060026
160.0,281.60361031672784,201.95681613810874,310.8811958862382,125.69735210060026
161.0,281.60361031672784,201.95681613810874,310.8811958862382,125.69735210060026
162.0,281.60361031672784,201.95681613810874,310.8811958862382,125.69735210060026
163.0,281.60361031672784,201.95681613810874,310.8811958862382,125.69735210060026
164.0,281.60361031672784,201.95681613810874,310.8811958862382,125.69735210060026
165.0,281.60361031672784,201.95681613810874,310.8811958862382,125.69735210060026
166.0,281.60361031672784,201.95681613810874,310.8811958862382,125.69735210060026
167.0,307.05854530306055,201.95681613810874,310.8811958862382,125.69735210060026
168.0,333.1077458160966,201.95681613810874,310.8811958862382,125.69735210060026
169.0,333.1077458160966,201.95681613810874,310.8811958862382,125.69735210060026
170.0,383.0114857331503,201.95681613810874,310.8811958862382,125.69735210060026
171.0,383.0114857331503,201.95681613810874,310.8811958862382,125.69735210060026
172.0,383.0114857331503,201.95681613810874,310.8811958862382,125.69735210060026
173.0,383.0114857331503,201.95681613810874,310.8811958862382,125.69735210060026
174.0,383.0114857331503,201.95681613810874,310.8811958862382,125.69735210060026
175.0,383.0114857331503,201.95681613810874,310.8811958862382,125.69735210060026
176.0,408.0114857331503,201.95681613810874,310.8811958862382,125.69735210060026
177.0,433.4478324191211,201.95681613810874,310.8811958862382,125.69735210060026
178.0,459.405352879939,201.95681613810874,310.8811958862382,125.69735210060026
179.0,459.405352879939,201.95681613810874,310.8811958862382,125.69735210060026
180.0,459.405352879939,201.95681613810874,310.8811958862382,125.69735210060026
181.0,459.405352879939,201.95681613810874,310.8811958862382,125.69735210060026
182.0,459.405352879939,201.95681613810874,310.8811958862382,125.69735210060026
183.0,459.405352879939,226.95681613810874,310.8811958862382,125.69735210060026
184.0,459.405352879939,252.33174316767247,310.8811958862382,125.69735210060026
185.0,459.405352879939,303.0694822106148,310.8811958862382,125.69735210060026
186.0,459.405352879939,329.1582444362033,310.8811958862382,125.69735210060026
187.0,459.405352879939,329.1582444362033,310.8811958862382,125.69735210060026
188.0,459.405352879939,354.1582444362033,310.8811958862382,125.69735210060026
189.0,459.405352879939,354.1582444362033,310.8811958862382,125.69735210060026
190.0,459.405352879939,354.1582444362033,310.8811958862382,125.69735210060026
191.0,459.405352879939,354.1582444362033,310.8811958862382,125.69735210060026
192.0,459.405352879939,354.1582444362033,310.8811958862382,125.69735210060026
193.0,459.405352879939,354.1582444362033,310.8811958862382,125.69735210060026
194.0,459.405352879939,354.1582444362033,310.8811958862382,125.69735210060026
195.0,459.405352879939,354.1582444362033,310.8811958862382,125.69735210060026
196.0,459.405352879939,354.1582444362033,310.8811958862382,125.69735210060026
197.0,459.405352879939,354.1582444362033,310.8811958862382,125.69735210060026
198.0,459.405352879939,354.1582444362033,310.8811958862382,125.69735210060026
199.0,459.405352879939,354.1582444362033,310.8811958862382,125.69735210060026
200.0,459.405352879939,354.1582444362033,310.8811958862382,125.69735210060026
201.0,459.405352879939,354.1582444362033,310.8811958862382,125.69735210060026
202.0,459.405352879939,354.1582444362033,310.8811958862382,125.69735210060026
203.0,459.405352879939,354.1582444362033,310.8811958862382,125.69735210060026
204.0,459.405352879939,354.1582444362033,310.8811958862382,125.69735210060026
205.0,459.405352879939,354.1582444362033,310.8811958862382,125.69735210060026
206.0,459.405352879939,354.1582444362033,310.8811958862382,125.69735210060026
207.0,459.405352879939,354.1582444362033,310.8811958862382,125.69735210060026
208.0,459.405352879939,354.1582444362033,310.8811958862382,125.69735210060026
209.0,459.405352879939,354.1582444362033,310.8811958862382,125.69735210060026
210.0,459.405352879939,354.1582444362033,310.8811958862382,125.69735210060026
211.0,459.405352879939,354.1582444362033,310.8811958862382,125.69735210060026
212.0,459.405352879939,354.1582444362033,310.8811958862382,125.69735210060026
213.0,459.405352879939,354.1582444362033,310.8811958862382,125.69735210060026
214.0,459.405352879939,354.1582444362033,310.8811958862382,125.69735210060026
215.0,459.405352879939,354.1582444362033,310.8811958862382,125.69735210060026
216.0,459.405352879939,354.1582444362033,310.8811958862382,125.69735210060026
217.0,459.405352879939,354.1582444362033,310.8811958862382,125.69735210060026
218.0,459.405352879939,354.1582444362033,310.8811958862382,125.69735210060026
219.0,459.405352879939,354.1582444362033,310.8811958862382,125.69735210060026
220.0,459.405352879939,354.1582444362033,310.8811958862382,125.69735210060026
221.0,459.405352879939,354.1582444362033,310.8811958862382,125.69735210060026
222.0,459.405352879939,354.1582444362033,310.8811958862382,125.69735210060026
223.0,459.405352879939,354.1582444362033,310.8811958862382,125.69735210060026
224.0,459.405352879939,354.1582444362033,310.8811958862382,125.69735210060026
225.0,484.405352879939,354.1582444362033,310.8811958862382,125.69735210060026
226.0,509.9531738410161,354.1582444362033,310.8811958862382,125.69735210060026
227.0,536.0342096185245,354.1582444362033,310.8811958862382,125.69735210060026
228.0,587.631036915662,354.1582444362033,310.8811958862382,125.69735210060026
229.0,587.631036915662,354.1582444362033,310.8811958862382,125.69735210060026
230.0,587.631036915662,354.1582444362033,310.8811958862382,125.69735210060026
231.0,587.631036915662,354.1582444362033,310.8811958862382,125.69735210060026
232.0,587.631036915662,354.1582444362033,310.8811958862382,125.69735210060026
233.0,587.631036915662,354.1582444362033,310.8811958862382,125.69735210060026
234.0,587.631036915662,354.1582444362033,335.8811958862382,125.69735210060026
235.0,587.631036915662,354.1582444362033,361.26186865068473,125.69735210060026
236.0,587.631036915662,354.1582444362033,387.3290750321428,125.69735210060026
237.0,587.631036915662,354.1582444362033,387.3290750321428,125.69735210060026
238.0,587.631036915662,354.1582444362033,387.3290750321428,150.69735210060026
239.0,587.631036915662,354.1582444362033,387.3290750321428,175.7419174503661
240.0,587.631036915662,354.1582444362033,387.3290750321428,200.82881988240945
241.0,587.631036915662,354.1582444362033,387.3290750321428,200.82881988240945
242.0,587.631036915662,354.1582444362033,387.3290750321428,200.82881988240945
243.0,587.631036915662,354.1582444362033,387.3290750321428,200.82881988240945
244.0,587.631036915662,354.1582444362033,387.3290750321428,200.82881988240945
245.0,666.6711088709811,354.1582444362033,387.3290750321428,200.82881988240945
246.0,666.6711088709811,354.1582444362033,387.3290750321428,200.82881988240945
247.0,666.6711088709811,354.1582444362033,387.3290750321428,200.82881988240945
248.0,666.6711088709811,354.1582444362033,387.3290750321428,200.82881988240945
249.0,666.6711088709811,354.1582444362033,387.3290750321428,200.82881988240945
250.0,666.6711088709811,379.1582444362033,387.3290750321428,200.82881988240945
251.0,666.6711088709811,379.1582444362033,387.3290750321428,200.82881988240945
252.0,666.6711088709811,379.1582444362033,387.3290750321428,200.82881988240945
253.0,666.6711088709811,379.1582444362033,387.3290750321428,200.82881988240945
254.0,666.6711088709811,379.1582444362033,387.3290750321428,200.82881988240945
255.0,666.6711088709811,379.1582444362033,387.3290750321428,200.82881988240945
256.0,666.6711088709811,379.1582444362033,387.3290750321428,200.82881988240945
257.0,666.6711088709811,379.1582444362033,387.3290750321428,200.82881988240945
258.0,666.6711088709811,379.1582444362033,387.3290750321428,200.82881988240945
259.0,666.6711088709811,379.1582444362033,387.3290750321428,200.82881988240945
260.0,666.6711088709811,379.1582444362033,387.3290750321428,200.82881988240945
261.0,666.6711088709811,379.1582444362033,387.3290750321428,200.82881988240945
262.0,666.6711088709811,379.1582444362033,387.3290750321428,200.82881988240945
263.0,666.6711088709811,379.1582444362033,387.3290750321428,200.82881988240945
264.0,666.6711088709811,379.1582444362033,387.3290750321428,200.82881988240945
265.0,666.6711088709811,379.1582444362033,387.3290750321428,200.82881988240945
266.0,666.6711088709811,379.1582444362033,387.3290750321428,200.82881988240945
267.0,666.6711088709811,379.1582444362033,387.3290750321428,200.82881988240945
268.0,666.6711088709811,379.1582444362033,387.3290750321428,200.82881988240945
269.0,666.6711088709811,379.1582444362033,412.3290750321428,200.82881988240945
270.0,666.6711088709811,379.1582444362033,437.85175302359556,200.82881988240945
271.0,666.6711088709811,379.1582444362033,464.04564921607596,200.82881988240945
272.0,691.6711088709811,379.1582444362033,490.8779479798644,200.82881988240945
273.0,716.8018913104834,379.1582444362033,490.8779479798644,200.82881988240945
274.0,742.0654355323908,379.1582444362033,490.8779479798644,200.82881988240945
275.0,767.4551034475832,379.1582444362033,490.8779479798644,200.82881988240945
276.0,767.4551034475832,379.1582444362033,490.8779479798644,200.82881988240945
277.0,767.4551034475832,379.1582444362033,490.8779479798644,200.82881988240945
278.0,767.4551034475832,379.1582444362033,490.8779479798644,200.82881988240945
279.0,792.4551034475832,379.1582444362033,490.8779479798644,200.82881988240945
280.0,792.4551034475832,379.1582444362033,490.8779479798644,200.82881988240945
281.0,792.4551034475832,379.1582444362033,490.8779479798644,200.82881988240945
282.0,844.0910830596455,379.1582444362033,490.8779479798644,200.82881988240945
283.0,844.0910830596455,379.1582444362033,490.8779479798644,200.82881988240945
284.0,844.0910830596455,379.1582444362033,490.8779479798644,200.82881988240945
285.0,844.0910830596455,379.1582444362033,490.8779479798644,200.82881988240945
286.0,844.0910830596455,379.1582444362033,490.8779479798644,200.82881988240945
287.0,844.0910830596455,379.1582444362033,490.8779479798644,200.82881988240945
288.0,844.0910830596455,379.1582444362033,490.8779479798644,200.82881988240945
289.0,844.0910830596455,379.1582444362033,490.8779479798644,200.82881988240945
290.0,844.0910830596455,379.1582444362033,490.8779479798644,200.82881988240945
291.0,844.0910830596455,404.1582444362033,490.8779479798644,200.82881988240945
292.0,844.0910830596455,429.1582444362033,490.8779479798644,200.82881988240945
293.0,844.0910830596455,429.1582444362033,490.8779479798644,200.82881988240945
294.0,844.0910830596455,429.1582444362033,490.8779479798644,200.82881988240945
295.0,844.0910830596455,429.1582444362033,490.8779479798644,200.82881988240945
296.0,844.0910830596455,429.1582444362033,490.8779479798644,200.82881988240945
297.0,844.0910830596455,429.1582444362033,490.8779479798644,200.82881988240945
298.0,844.0910830596455,429.1582444362033,490.8779479798644,200.82881988240945
299.0,844.0910830596455,429.1582444362033,490.8779479798644,200.82881988240945
300.0,844.0910830596455,429.1582444362033,490.8779479798644,200.82881988240945
301.0,844.0910830596455,429.1582444362033,490.8779479798644,200.82881988240945
302.0,844.0910830596455,429.1582444362033,490.8779479798644,200.82881988240945
303.0,844.0910830596455,429.1582444362033,490.8779479798644,200.82881988240945
304.0,844.0910830596455,429.1582444362033,490.8779479798644,200.82881988240945
305.0,844.0910830596455,429.1582444362033,490.8779479798644,200.82881988240945
306.0,844.0910830596455,429.1582444362033,490.8779479798644,200.82881988240945
307.0,869.0910830596455,429.1582444362033,490.8779479798644,200.82881988240945
308.0,894.6480860671871,429.1582444362033,490.8779479798644,200.82881988240945
309.0,921.0527881090817,429.1582444362033,490.8779479798644,200.82881988240945
310.0,948.5881253195452,429.1582444362033,490.8779479798644,200.82881988240945
311.0,974.8561629458262,429.1582444362033,490.8779479798644,200.82881988240945
312.0,974.8561629458262,429.1582444362033,515.8779479798644,200.82881988240945
313.0,974.8561629458262,429.1582444362033,515.8779479798644,200.82881988240945
314.0,974.8561629458262,429.1582444362033,542.0253460673457,200.82881988240945
315.0,974.8561629458262,429.1582444362033,542.0253460673457,200.82881988240945
316.0,974.8561629458262,429.1582444362033,542.0253460673457,200.82881988240945
317.0,974.8561629458262,429.1582444362033,542.0253460673457,200.82881988240945
318.0,974.8561629458262,429.1582444362033,542.0253460673457,200.82881988240945
319.0,974.8561629458262,429.1582444362033,542.0253460673457,200.82881988240945
320.0,974.8561629458262,429.1582444362033,542.0253460673457,200.82881988240945
321.0,974.8561629458262,429.1582444362033,542.0253460673457,200.82881988240945
322.0,974.8561629458262,429.1582444362033,567.0253460673457,200.82881988240945
323.0,999.8561629458262,429.1582444362033,567.0253460673457,200.82881988240945
324.0,1025.949871918052,429.1582444362033,592.6244021263949,200.82881988240945
325.0,1053.3039323780563,429.1582444362033,592.6244021263949,200.82881988240945
326.0,1081.8595621774543,429.1582444362033,592.6244021263949,200.82881988240945
327.0,1111.5627997529702,429.1582444362033,592.6244021263949,200.82881988240945
328.0,1111.5627997529702,429.1582444362033,592.6244021263949,200.82881988240945
329.0,1111.5627997529702,429.1582444362033,622.9964724402213,200.82881988240945
330.0,1111.5627997529702,429.1582444362033,622.9964724402213,200.82881988240945
331.0,1111.5627997529702,429.1582444362033,622.9964724402213,200.82881988240945
332.0,1111.5627997529702,429.1582444362033,622.9964724402213,200.82881988240945
333.0,1111.5627997529702,429.1582444362033,669.0684435314588,200.82881988240945
334.0,1136.5627997529702,429.1582444362033,669.0684435314588,200.82881988240945
335.0,1161.9073802629794,454.1582444362033,669.0684435314588,200.82881988240945
336.0,1187.5850457065865,479.44768653311064,669.0684435314588,200.82881988240945
337.0,1213.2927674009256,479.44768653311064,669.0684435314588,200.82881988240945
338.0,1213.2927674009256,479.44768653311064,669.0684435314588,225.82881988240945
339.0,1213.2927674009256,479.44768653311064,669.0684435314588,251.2185005396655
340.0,1213.2927674009256,479.44768653311064,669.0684435314588,276.97837782131484
341.0,1213.2927674009256,479.44768653311064,669.0684435314588,276.97837782131484
342.0,1213.2927674009256,479.44768653311064,669.0684435314588,276.97837782131484
343.0,1213.2927674009256,479.44768653311064,669.0684435314588,276.97837782131484
344.0,1213.2927674009256,479.44768653311064,669.0684435314588,276.97837782131484
345.0,1213.2927674009256,504.44768653311064,669.0684435314588,276.97837782131484
346.0,1213.2927674009256,504.44768653311064,669.0684435314588,276.97837782131484
347.0,1213.2927674009256,504.44768653311064,669.0684435314588,276.97837782131484
348.0,1213.2927674009256,504.44768653311064,669.0684435314588,276.97837782131484
349.0,1213.2927674009256,504.44768653311064,669.0684435314588,276.97837782131484
350.0,1213.2927674009256,504.44768653311064,669.0684435314588,276.97837782131484
351.0,1213.2927674009256,529.4476865331106,669.0684435314588,276.97837782131484
352.0,1213.2927674009256,529.4476865331106,669.0684435314588,276.97837782131484
353.0,1213.2927674009256,529.4476865331106,669.0684435314588,276.97837782131484
354.0,1213.2927674009256,529.4476865331106,669.0684435314588,276.97837782131484
355.0,1213.2927674009256,529.4476865331106,669.0684435314588,276.97837782131484
356.0,1213.2927674009256,529.4476865331106,669.0684435314588,276.97837782131484
357.0,1213.2927674009256,529.4476865331106,694.0684435314588,276.97837782131484
358.0,1213.2927674009256,529.4476865331106,719.4049139702654,276.97837782131484
359.0,1213.2927674009256,529.4476865331106,745.4473207441124,276.97837782131484
360.0,1213.2927674009256,529.4476865331106,772.4183207801312,276.97837782131484
361.0,1213.2927674009256,529.4476865331106,800.2870636084302,276.97837782131484
362.0,1213.2927674009256,529.4476865331106,800.2870636084302,276.97837782131484
363.0,1213.2927674009256,529.4476865331106,800.2870636084302,276.97837782131484
364.0,1213.2927674009256,529.4476865331106,800.2870636084302,276.97837782131484
365.0,1213.2927674009256,529.4476865331106,800.2870636084302,276.97837782131484
366.0,1213.2927674009256,529.4476865331106,800.2870636084302,276.97837782131484
367.0,1213.2927674009256,529.4476865331106,800.2870636084302,276.97837782131484
368.0,1213.2927674009256,529.4476865331106,800.2870636084302,276.97837782131484
369.0,1213.2927674009256,529.4476865331106,800.2870636084302,276.97837782131484
370.0,1213.2927674009256,529.4476865331106,800.2870636084302,276.97837782131484
371.0,1213.2927674009256,529.4476865331106,800.2870636084302,276.97837782131484
372.0,1213.2927674009256,529.4476865331106,800.2870636084302,276.97837782131484
373.0,1213.2927674009256,529.4476865331106,800.2870636084302,276.97837782131484
374.0,1213.2927674009256,529.4476865331106,800.2870636084302,276.97837782131484
375.0,1213.2927674009256,529.4476865331106,800.2870636084302,276.97837782131484
376.0,1213.2927674009256,529.4476865331106,800.2870636084302,276.97837782131484
377.0,1213.2927674009256,529.4476865331106,800.2870636084302,276.97837782131484
378.0,1213.2927674009256,529.4476865331106,800.2870636084302,276.97837782131484
379.0,1213.2927674009256,529.4476865331106,800.2870636084302,276.97837782131484
380.0,1238.2927674009256,529.4476865331106,800.2870636084302,276.97837782131484
381.0,1238.2927674009256,529.4476865331106,800.2870636084302,276.97837782131484
382.0,1264.1524722499914,529.4476865331106,800.2870636084302,276.97837782131484
383.0,1290.410066138176,529.4476865331106,800.2870636084302,276.97837782131484
384.0,1317.2956546135235,529.4476865331106,800.2870636084302,276.97837782131484
385.0,1342.6114604222628,529.4476865331106,800.2870636084302,276.97837782131484
386.0,1342.6114604222628,529.4476865331106,800.2870636084302,276.97837782131484
387.0,1342.6114604222628,529.4476865331106,800.2870636084302,276.97837782131484
388.0,1342.6114604222628,529.4476865331106,800.2870636084302,276.97837782131484
389.0,1342.6114604222628,529.4476865331106,800.2870636084302,276.97837782131484
390.0,1342.6114604222628,529.4476865331106,800.2870636084302,276.97837782131484
391.0,1342.6114604222628,529.4476865331106,800.2870636084302,276.97837782131484
392.0,1367.6114604222628,554.4476865331106,800.2870636084302,276.97837782131484
393.0,1393.2016836498176,579.7763857695262,800.2870636084302,276.97837782131484
394.0,1419.613735561803,605.4173492805365,800.2870636084302,276.97837782131484
395.0,1419.613735561803,605.4173492805365,800.2870636084302,276.97837782131484
396.0,1419.613735561803,605.4173492805365,800.2870636084302,276.97837782131484
397.0,1419.613735561803,605.4173492805365,800.2870636084302,276.97837782131484
398.0,1419.613735561803,630.4173492805365,800.2870636084302,276.97837782131484
399.0,1419.613735561803,655.4173492805365,800.2870636084302,276.97837782131484
400.0,1419.613735561803,681.2214056343719,800.2870636084302,276.97837782131484
401.0,1419.613735561803,681.2214056343719,800.2870636084302,276.97837782131484
402.0,1444.613735561803,681.2214056343719,800.2870636084302,276.97837782131484
403.0,1470.374150507391,681.2214056343719,800.2870636084302,276.97837782131484
404.0,1497.1241999801994,681.2214056343719,800.2870636084302,276.97837782131484
405.0,1497.1241999801994,681.2214056343719,800.2870636084302,276.97837782131484
406.0,1497.1241999801994,681.2214056343719,800.2870636084302,276.97837782131484
407.0,1497.1241999801994,681.2214056343719,800.2870636084302,276.97837782131484
408.0,1497.1241999801994,681.2214056343719,800.2870636084302,276.97837782131484
409.0,1497.1241999801994,681.2214056343719,800.2870636084302,276.97837782131484
410.0,1497.1241999801994,681.2214056343719,800.2870636084302,276.97837782131484
411.0,1497.1241999801994,681.2214056343719,800.2870636084302,276.97837782131484
412.0,1497.1241999801994,681.2214056343719,800.2870636084302,276.97837782131484
413.0,1497.1241999801994,681.2214056343719,800.2870636084302,276.97837782131484
414.0,1497.1241999801994,681.2214056343719,800.2870636084302,276.97837782131484
415.0,1497.1241999801994,681.2214056343719,800.2870636084302,276.97837782131484
416.0,1497.1241999801994,681.2214056343719,800.2870636084302,276.97837782131484
417.0,1497.1241999801994,681.2214056343719,800.2870636084302,276.97837782131484
418.0,1497.1241999801994,681.2214056343719,800.2870636084302,276.97837782131484
419.0,1497.1241999801994,681.2214056343719,800.2870636084302,276.97837782131484
420.0,1497.1241999801994,681.2214056343719,800.2870636084302,276.97837782131484
421.0,1497.1241999801994,681.2214056343719,800.2870636084302,276.97837782131484
422.0,1497.1241999801994,681.2214056343719,800.2870636084302,276.97837782131484
423.0,1497.1241999801994,681.2214056343719,800.2870636084302,276.97837782131484
424.0,1497.1241999801994,681.2214056343719,800.2870636084302,276.97837782131484
425.0,1497.1241999801994,681.2214056343719,800.2870636084302,276.97837782131484
426.0,1497.1241999801994,681.2214056343719,800.2870636084302,276.97837782131484
427.0,1497.1241999801994,681.2214056343719,800.2870636084302,276.97837782131484
428.0,1497.1241999801994,681.2214056343719,800.2870636084302,276.97837782131484
429.0,1497.1241999801994,681.2214056343719,800.2870636084302,276.97837782131484
430.0,1497.1241999801994,681.2214056343719,800.2870636084302,276.97837782131484
431.0,1497.1241999801994,681.2214056343719,800.2870636084302,276.97837782131484
432.0,1497.1241999801994,681.2214056343719,800.2870636084302,276.97837782131484
433.0,1497.1241999801994,681.2214056343719,800.2870636084302,276.97837782131484
434.0,1497.1241999801994,681.2214056343719,800.2870636084302,276.97837782131484
435.0,1497.1241999801994,681.2214056343719,800.2870636084302,276.97837782131484
436.0,1497.1241999801994,681.2214056343719,800.2870636084302,276.97837782131484
437.0,1497.1241999801994,681.2214056343719,800.2870636084302,276.97837782131484
438.0,1497.1241999801994,681.2214056343719,800.2870636084302,276.97837782131484
439.0,1497.1241999801994,681.2214056343719,800.2870636084302,276.97837782131484
440.0,1522.1241999801994,681.2214056343719,800.2870636084302,276.97837782131484
441.0,1522.1241999801994,681.2214056343719,800.2870636084302,276.97837782131484
442.0,1522.1241999801994,681.2214056343719,800.2870636084302,276.97837782131484
443.0,1522.1241999801994,681.2214056343719,800.2870636084302,276.97837782131484
444.0,1522.1241999801994,681.2214056343719,800.2870636084302,276.97837782131484
445.0,1522.1241999801994,681.2214056343719,800.2870636084302,276.97837782131484
446.0,1522.1241999801994,681.2214056343719,800.2870636084302,276.97837782131484
447.0,1522.1241999801994,681.2214056343719,800.2870636084302,276.97837782131484
448.0,1522.1241999801994,681.2214056343719,800.2870636084302,276.97837782131484
449.0,1522.1241999801994,681.2214056343719,800.2870636084302,276.97837782131484
450.0,1547.1241999801994,681.2214056343719,800.2870636084302,276.97837782131484
451.0,1547.1241999801994,681.2214056343719,800.2870636084302,276.97837782131484
452.0,1547.1241999801994,681.2214056343719,800.2870636084302,276.97837782131484
453.0,1547.1241999801994,681.2214056343719,800.2870636084302,276.97837782131484
454.0,1547.1241999801994,681.2214056343719,800.2870636084302,276.97837782131484
455.0,1547.1241999801994,681.2214056343719,800.2870636084302,276.97837782131484
456.0,1547.1241999801994,681.2214056343719,800.2870636084302,276.97837782131484
457.0,1547.1241999801994,681.2214056343719,800.2870636084302,276.97837782131484
458.0,1547.1241999801994,681.2214056343719,800.2870636084302,276.97837782131484
459.0,1573.6641764175256,681.2214056343719,800.2870636084302,276.97837782131484
460.0,1573.6641764175256,681.2214056343719,800.2870636084302,276.97837782131484
461.0,1573.6641764175256,681.2214056343719,800.2870636084302,276.97837782131484
462.0,1573.6641764175256,681.2214056343719,800.2870636084302,276.97837782131484
463.0,1573.6641764175256,681.2214056343719,800.2870636084302,276.97837782131484
464.0,1600.5282986226482,681.2214056343719,800.2870636084302,276.97837782131484
465.0,1600.5282986226482,681.2214056343719,800.2870636084302,276.97837782131484
466.0,1600.5282986226482,681.2214056343719,800.2870636084302,276.97837782131484
467.0,1600.5282986226482,681.2214056343719,800.2870636084302,276.97837782131484
468.0,1600.5282986226482,681.2214056343719,800.2870636084302,276.97837782131484
469.0,1600.5282986226482,681.2214056343719,800.2870636084302,276.97837782131484
470.0,1600.5282986226482,681.2214056343719,800.2870636084302,276.97837782131484
471.0,1600.5282986226482,681.2214056343719,800.2870636084302,276.97837782131484
472.0,1600.5282986226482,681.2214056343719,800.2870636084302,276.97837782131484
473.0,1600.5282986226482,681.2214056343719,800.2870636084302,276.97837782131484
474.0,1600.5282986226482,681.2214056343719,800.2870636084302,276.97837782131484
475.0,1600.5282986226482,681.2214056343719,800.2870636084302,276.97837782131484
476.0,1600.5282986226482,681.2214056343719,800.2870636084302,276.97837782131484
477.0,1600.5282986226482,681.2214056343719,800.2870636084302,276.97837782131484
478.0,1600.5282986226482,681.2214056343719,800.2870636084302,276.97837782131484
479.0,1600.5282986226482,706.2214056343719,800.2870636084302,276.97837782131484
480.0,1600.5282986226482,706.2214056343719,800.2870636084302,276.97837782131484
481.0,1600.5282986226482,706.2214056343719,800.2870636084302,276.97837782131484
482.0,1600.5282986226482,706.2214056343719,800.2870636084302,276.97837782131484
483.0,1600.5282986226482,706.2214056343719,800.2870636084302,276.97837782131484
484.0,1600.5282986226482,706.2214056343719,800.2870636084302,276.97837782131484
485.0,1600.5282986226482,706.2214056343719,800.2870636084302,276.97837782131484
486.0,1600.5282986226482,706.2214056343719,800.2870636084302,276.97837782131484
487.0,1600.5282986226482,706.2214056343719,800.2870636084302,276.97837782131484
488.0,1600.5282986226482,706.2214056343719,800.2870636084302,276.97837782131484
489.0,1600.5282986226482,706.2214056343719,800.2870636084302,276.97837782131484
490.0,1600.5282986226482,706.2214056343719,800.2870636084302,276.97837782131484
491.0,1600.5282986226482,706.2214056343719,800.2870636084302,276.97837782131484
492.0,1600.5282986226482,706.2214056343719,800.2870636084302,276.97837782131484
493.0,1600.5282986226482,706.2214056343719,800.2870636084302,276.97837782131484
494.0,1600.5282986226482,706.2214056343719,800.2870636084302,276.97837782131484
495.0,1600.5282986226482,706.2214056343719,800.2870636084302,276.97837782131484
496.0,1600.5282986226482,706.2214056343719,800.2870636084302,276.97837782131484
497.0,1600.5282986226482,706.2214056343719,800.2870636084302,276.97837782131484
498.0,1600.5282986226482,706.2214056343719,800.2870636084302,276.97837782131484
499.0,1625.5282986226482,706.2214056343719,800.2870636084302,276.97837782131484
500.0,1650.893011294534,706.2214056343719,800.2870636084302,276.97837782131484
501.0,1676.5424533016399,706.2214056343719,800.2870636084302,276.97837782131484
502.0,1676.5424533016399,706.2214056343719,800.2870636084302,276.97837782131484
503.0,1676.5424533016399,706.2214056343719,800.2870636084302,276.97837782131484
504.0,1676.5424533016399,706.2214056343719,800.2870636084302,276.97837782131484
505.0,1676.5424533016399,706.2214056343719,800.2870636084302,276.97837782131484
506.0,1676.5424533016399,706.2214056343719,800.2870636084302,276.97837782131484
507.0,1676.5424533016399,706.2214056343719,800.2870636084302,276.97837782131484
508.0,1676.5424533016399,706.2214056343719,800.2870636084302,276.97837782131484
509.0,1676.5424533016399,706.2214056343719,800.2870636084302,276.97837782131484
510.0,1676.5424533016399,731.2214056343719,800.2870636084302,276.97837782131484
511.0,1676.5424533016399,756.5774170140546,800.2870636084302,276.97837782131484
512.0,1676.5424533016399,756.5774170140546,800.2870636084302,276.97837782131484
513.0,1676.5424533016399,756.5774170140546,800.2870636084302,276.97837782131484
514.0,1676.5424533016399,756.5774170140546,800.2870636084302,276.97837782131484
515.0,1676.5424533016399,756.5774170140546,800.2870636084302,276.97837782131484
516.0,1676.5424533016399,756.5774170140546,800.2870636084302,276.97837782131484
517.0,1676.5424533016399,756.5774170140546,800.2870636084302,276.97837782131484
518.0,1676.5424533016399,756.5774170140546,800.2870636084302,276.97837782131484
519.0,1676.5424533016399,756.5774170140546,800.2870636084302,276.97837782131484
520.0,1676.5424533016399,756.5774170140546,800.2870636084302,276.97837782131484
521.0,1676.5424533016399,756.5774170140546,800.2870636084302,276.97837782131484
522.0,1676.5424533016399,756.5774170140546,800.2870636084302,276.97837782131484
523.0,1676.5424533016399,756.5774170140546,800.2870636084302,276.97837782131484
524.0,1676.5424533016399,756.5774170140546,800.2870636084302,276.97837782131484
525.0,1676.5424533016399,756.5774170140546,800.2870636084302,276.97837782131484
526.0,1676.5424533016399,756.5774170140546,800.2870636084302,276.97837782131484
527.0,1676.5424533016399,781.5774170140546,800.2870636084302,276.97837782131484
528.0,1676.5424533016399,807.2647628277243,800.2870636084302,276.97837782131484
529.0,1676.5424533016399,833.6077339988341,800.2870636084302,276.97837782131484
530.0,1676.5424533016399,833.6077339988341,800.2870636084302,276.97837782131484
531.0,1676.5424533016399,833.6077339988341,800.2870636084302,276.97837782131484
532.0,1676.5424533016399,833.6077339988341,800.2870636084302,276.97837782131484
533.0,1676.5424533016399,833.6077339988341,800.2870636084302,276.97837782131484
534.0,1676.5424533016399,833.6077339988341,800.2870636084302,276.97837782131484
535.0,1676.5424533016399,833.6077339988341,800.2870636084302,276.97837782131484
536.0,1676.5424533016399,833.6077339988341,800.2870636084302,276.97837782131484
537.0,1676.5424533016399,833.6077339988341,800.2870636084302,276.97837782131484
538.0,1676.5424533016399,833.6077339988341,800.2870636084302,276.97837782131484
539.0,1676.5424533016399,833.6077339988341,800.2870636084302,276.97837782131484
540.0,1676.5424533016399,833.6077339988341,800.2870636084302,276.97837782131484
541.0,1676.5424533016399,833.6077339988341,800.2870636084302,276.97837782131484
542.0,1676.5424533016399,833.6077339988341,800.2870636084302,276.97837782131484
543.0,1676.5424533016399,833.6077339988341,800.2870636084302,276.97837782131484
544.0,1676.5424533016399,833.6077339988341,800.2870636084302,276.97837782131484
545.0,1676.5424533016399,833.6077339988341,800.2870636084302,276.97837782131484
546.0,1676.5424533016399,833.6077339988341,800.2870636084302,276.97837782131484
547.0,1676.5424533016399,833.6077339988341,800.2870636084302,276.97837782131484
548.0,1676.5424533016399,833.6077339988341,800.2870636084302,276.97837782131484
549.0,1676.5424533016399,833.6077339988341,800.2870636084302,276.97837782131484
550.0,1676.5424533016399,833.6077339988341,800.2870636084302,276.97837782131484
551.0,1676.5424533016399,833.6077339988341,800.2870636084302,276.97837782131484
552.0,1676.5424533016399,858.6077339988341,800.2870636084302,276.97837782131484
553.0,1676.5424533016399,858.6077339988341,800.2870636084302,276.97837782131484
554.0,1676.5424533016399,858.6077339988341,800.2870636084302,276.97837782131484
555.0,1676.5424533016399,858.6077339988341,800.2870636084302,276.97837782131484
556.0,1676.5424533016399,858.6077339988341,800.2870636084302,276.97837782131484
557.0,1676.5424533016399,858.6077339988341,800.2870636084302,276.97837782131484
558.0,1676.5424533016399,858.6077339988341,800.2870636084302,276.97837782131484
559.0,1676.5424533016399,858.6077339988341,800.2870636084302,276.97837782131484
560.0,1676.5424533016399,858.6077339988341,800.2870636084302,276.97837782131484
561.0,1676.5424533016399,883.6077339988341,800.2870636084302,276.97837782131484
562.0,1676.5424533016399,883.6077339988341,800.2870636084302,276.97837782131484
563.0,1676.5424533016399,883.6077339988341,800.2870636084302,276.97837782131484
564.0,1676.5424533016399,883.6077339988341,800.2870636084302,276.97837782131484
565.0,1676.5424533016399,883.6077339988341,800.2870636084302,276.97837782131484
566.0,1676.5424533016399,883.6077339988341,800.2870636084302,276.97837782131484
567.0,1676.5424533016399,883.6077339988341,800.2870636084302,276.97837782131484
568.0,1676.5424533016399,883.6077339988341,800.2870636084302,276.97837782131484
569.0,1676.5424533016399,883.6077339988341,800.2870636084302,276.97837782131484
570.0,1676.5424533016399,883.6077339988341,800.2870636084302,276.97837782131484
571.0,1676.5424533016399,883.6077339988341,800.2870636084302,276.97837782131484
572.0,1702.4260657128941,908.6077339988341,800.2870636084302,276.97837782131484
573.0,1702.4260657128941,908.6077339988341,800.2870636084302,276.97837782131484
574.0,1702.4260657128941,934.2486975098444,800.2870636084302,276.97837782131484
575.0,1702.4260657128941,934.2486975098444,800.2870636084302,276.97837782131484
576.0,1702.4260657128941,934.2486975098444,800.2870636084302,276.97837782131484
577.0,1731.459009891809,934.2486975098444,800.2870636084302,276.97837782131484
578.0,1731.459009891809,934.2486975098444,800.2870636084302,276.97837782131484
579.0,1731.459009891809,934.2486975098444,800.2870636084302,276.97837782131484
580.0,1731.459009891809,934.2486975098444,800.2870636084302,276.97837782131484
581.0,1731.459009891809,934.2486975098444,800.2870636084302,276.97837782131484
582.0,1731.459009891809,934.2486975098444,800.2870636084302,276.97837782131484
583.0,1731.459009891809,934.2486975098444,800.2870636084302,276.97837782131484
584.0,1731.459009891809,934.2486975098444,800.2870636084302,276.97837782131484
585.0,1756.459009891809,934.2486975098444,800.2870636084302,276.97837782131484
586.0,1782.1942352394017,934.2486975098444,800.2870636084302,276.97837782131484
587.0,1808.7699228420267,934.2486975098444,800.2870636084302,276.97837782131484
588.0,1835.012433745448,934.2486975098444,800.2870636084302,276.97837782131484
589.0,1835.012433745448,959.2486975098444,800.2870636084302,276.97837782131484
590.0,1835.012433745448,984.5553259277691,800.2870636084302,276.97837782131484
591.0,1835.012433745448,984.5553259277691,800.2870636084302,276.97837782131484
592.0,1835.012433745448,984.5553259277691,800.2870636084302,276.97837782131484
593.0,1835.012433745448,984.5553259277691,800.2870636084302,276.97837782131484
594.0,1835.012433745448,984.5553259277691,800.2870636084302,276.97837782131484
595.0,1835.012433745448,984.5553259277691,800.2870636084302,276.97837782131484
596.0,1835.012433745448,984.5553259277691,800.2870636084302,276.97837782131484
597.0,1835.012433745448,1009.8623436958336,800.2870636084302,276.97837782131484
598.0,1835.012433745448,1009.8623436958336,800.2870636084302,276.97837782131484
599.0,1835.012433745448,1009.8623436958336,800.2870636084302,276.97837782131484
600.0,1835.012433745448,1035.368349594962,800.2870636084302,276.97837782131484
601.0,1835.012433745448,1035.368349594962,800.2870636084302,276.97837782131484
602.0,1835.012433745448,1035.368349594962,800.2870636084302,276.97837782131484
603.0,1835.012433745448,1035.368349594962,800.2870636084302,276.97837782131484
604.0,1835.012433745448,1035.368349594962,800.2870636084302,276.97837782131484
605.0,1835.012433745448,1035.368349594962,800.2870636084302,276.97837782131484
606.0,1835.012433745448,1035.368349594962,800.2870636084302,276.97837782131484
607.0,1835.012433745448,1035.368349594962,800.2870636084302,276.97837782131484
608.0,1835.012433745448,1035.368349594962,800.2870636084302,276.97837782131484
609.0,1860.012433745448,1060.368349594962,800.2870636084302,276.97837782131484
610.0,1885.4990176708272,1060.368349594962,800.2870636084302,276.97837782131484
611.0,1885.4990176708272,1060.368349594962,800.2870636084302,276.97837782131484
612.0,1885.4990176708272,1060.368349594962,800.2870636084302,276.97837782131484
613.0,1885.4990176708272,1060.368349594962,800.2870636084302,276.97837782131484
614.0,1885.4990176708272,1060.368349594962,800.2870636084302,276.97837782131484
615.0,1885.4990176708272,1060.368349594962,800.2870636084302,276.97837782131484
616.0,1885.4990176708272,1060.368349594962,800.2870636084302,276.97837782131484
617.0,1885.4990176708272,1060.368349594962,800.2870636084302,276.97837782131484
618.0,1885.4990176708272,1060.368349594962,800.2870636084302,276.97837782131484
619.0,1885.4990176708272,1060.368349594962,800.2870636084302,276.97837782131484
620.0,1910.4990176708272,1060.368349594962,800.2870636084302,276.97837782131484
621.0,1910.4990176708272,1060.368349594962,800.2870636084302,276.97837782131484
622.0,1937.228612051314,1060.368349594962,800.2870636084302,276.97837782131484
623.0,1937.228612051314,1060.368349594962,800.2870636084302,276.97837782131484
624.0,1937.228612051314,1060.368349594962,800.2870636084302,276.97837782131484
625.0,1937.228612051314,1060.368349594962,800.2870636084302,276.97837782131484
626.0,1937.228612051314,1060.368349594962,800.2870636084302,276.97837782131484
627.0,1937.228612051314,1060.368349594962,800.2870636084302,276.97837782131484
628.0,1937.228612051314,1060.368349594962,800.2870636084302,276.97837782131484
629.0,1937.228612051314,1060.368349594962,800.2870636084302,276.97837782131484
630.0,1937.228612051314,1060.368349594962,800.2870636084302,276.97837782131484
631.0,1937.228612051314,1060.368349594962,800.2870636084302,276.97837782131484
632.0,1937.228612051314,1060.368349594962,800.2870636084302,276.97837782131484
633.0,1937.228612051314,1060.368349594962,800.2870636084302,276.97837782131484
634.0,1937.228612051314,1060.368349594962,800.2870636084302,276.97837782131484
635.0,1937.228612051314,1060.368349594962,800.2870636084302,276.97837782131484
636.0,1937.228612051314,1060.368349594962,800.2870636084302,276.97837782131484
637.0,1937.228612051314,1060.368349594962,800.2870636084302,276.97837782131484
638.0,1962.228612051314,1060.368349594962,800.2870636084302,276.97837782131484
639.0,1988.0170097000537,1060.368349594962,800.2870636084302,276.97837782131484
640.0,1988.0170097000537,1060.368349594962,800.2870636084302,276.97837782131484
641.0,1988.0170097000537,1060.368349594962,800.2870636084302,276.97837782131484
642.0,1988.0170097000537,1060.368349594962,800.2870636084302,276.97837782131484
643.0,1988.0170097000537,1060.368349594962,800.2870636084302,276.97837782131484
644.0,1988.0170097000537,1060.368349594962,800.2870636084302,276.97837782131484
645.0,1988.0170097000537,1060.368349594962,800.2870636084302,276.97837782131484
646.0,2015.1237188985067,1085.368349594962,800.2870636084302,276.97837782131484
647.0,2015.1237188985067,1110.7853530813766,825.2870636084302,276.97837782131484
648.0,2042.4851167696756,1110.7853530813766,825.2870636084302,276.97837782131484
649.0,2042.4851167696756,1110.7853530813766,825.2870636084302,276.97837782131484
650.0,2042.4851167696756,1135.7853530813766,825.2870636084302,276.97837782131484
651.0,2042.4851167696756,1160.9201032876392,825.2870636084302,276.97837782131484
652.0,2042.4851167696756,1160.9201032876392,825.2870636084302,276.97837782131484
653.0,2042.4851167696756,1160.9201032876392,825.2870636084302,303.04545143876857
654.0,2042.4851167696756,1160.9201032876392,825.2870636084302,303.04545143876857
655.0,2042.4851167696756,1160.9201032876392,825.2870636084302,329.4012241208233
656.0,2042.4851167696756,1160.9201032876392,825.2870636084302,329.4012241208233
657.0,2042.4851167696756,1160.9201032876392,825.2870636084302,329.4012241208233
658.0,2042.4851167696756,1160.9201032876392,825.2870636084302,329.4012241208233
659.0,2042.4851167696756,1160.9201032876392,825.2870636084302,329.4012241208233
660.0,2067.4851167696756,1160.9201032876392,825.2870636084302,329.4012241208233
661.0,2093.063816006091,1160.9201032876392,825.2870636084302,329.4012241208233
662.0,2093.063816006091,1160.9201032876392,825.2870636084302,329.4012241208233
663.0,2093.063816006091,1160.9201032876392,850.2870636084302,329.4012241208233
664.0,2093.063816006091,1160.9201032876392,875.7488568212883,329.4012241208233
665.0,2093.063816006091,1160.9201032876392,901.6500910513896,329.4012241208233
666.0,2093.063816006091,1185.9201032876392,901.6500910513896,329.4012241208233
667.0,2093.063816006091,1211.1602891651444,901.6500910513896,329.4012241208233
668.0,2093.063816006091,1211.1602891651444,901.6500910513896,329.4012241208233
669.0,2093.063816006091,1211.1602891651444,901.6500910513896,329.4012241208233
670.0,2093.063816006091,1211.1602891651444,901.6500910513896,358.3707639281576
671.0,2093.063816006091,1211.1602891651444,901.6500910513896,358.3707639281576
672.0,2093.063816006091,1211.1602891651444,901.6500910513896,387.37917573096405
673.0,2093.063816006091,1211.1602891651444,901.6500910513896,387.37917573096405
674.0,2093.063816006091,1211.1602891651444,901.6500910513896,414.54401036657356
675.0,2093.063816006091,1211.1602891651444,901.6500910513896,414.54401036657356
676.0,2093.063816006091,1211.1602891651444,901.6500910513896,414.54401036657356
677.0,2093.063816006091,1211.1602891651444,901.6500910513896,414.54401036657356
678.0,2093.063816006091,1211.1602891651444,901.6500910513896,414.54401036657356
679.0,2093.063816006091,1211.1602891651444,901.6500910513896,414.54401036657356
680.0,2093.063816006091,1211.1602891651444,901.6500910513896,414.54401036657356
681.0,2118.063816006091,1211.1602891651444,901.6500910513896,414.54401036657356
682.0,2143.899815175962,1211.1602891651444,901.6500910513896,414.54401036657356
683.0,2170.5399975806763,1211.1602891651444,901.6500910513896,414.54401036657356
684.0,2197.956764735811,1211.1602891651444,901.6500910513896,414.54401036657356
685.0,2197.956764735811,1211.1602891651444,901.6500910513896,414.54401036657356
686.0,2197.956764735811,1211.1602891651444,901.6500910513896,414.54401036657356
687.0,2197.956764735811,1211.1602891651444,901.6500910513896,414.54401036657356
688.0,2197.956764735811,1211.1602891651444,901.6500910513896,414.54401036657356
689.0,2197.956764735811,1211.1602891651444,901.6500910513896,414.54401036657356
690.0,2197.956764735811,1211.1602891651444,901.6500910513896,414.54401036657356
691.0,2197.956764735811,1211.1602891651444,901.6500910513896,414.54401036657356
692.0,2197.956764735811,1211.1602891651444,901.6500910513896,414.54401036657356
693.0,2197.956764735811,1211.1602891651444,901.6500910513896,414.54401036657356
694.0,2197.956764735811,1211.1602891651444,901.6500910513896,414.54401036657356
695.0,2197.956764735811,1211.1602891651444,901.6500910513896,414.54401036657356
696.0,2197.956764735811,1211.1602891651444,901.6500910513896,414.54401036657356
697.0,2197.956764735811,1211.1602891651444,901.6500910513896,414.54401036657356
698.0,2197.956764735811,1211.1602891651444,901.6500910513896,414.54401036657356
699.0,2197.956764735811,1211.1602891651444,901.6500910513896,414.54401036657356
700.0,2197.956764735811,1211.1602891651444,901.6500910513896,414.54401036657356
701.0,2197.956764735811,1211.1602891651444,901.6500910513896,414.54401036657356
702.0,2222.956764735811,1211.1602891651444,901.6500910513896,414.54401036657356
703.0,2248.278105224608,1211.1602891651444,901.6500910513896,414.54401036657356
704.0,2248.278105224608,1211.1602891651444,901.6500910513896,414.54401036657356
705.0,2248.278105224608,1211.1602891651444,901.6500910513896,414.54401036657356
706.0,2248.278105224608,1211.1602891651444,901.6500910513896,414.54401036657356
707.0,2248.278105224608,1211.1602891651444,901.6500910513896,414.54401036657356
708.0,2248.278105224608,1211.1602891651444,901.6500910513896,414.54401036657356
709.0,2248.278105224608,1236.1602891651444,901.6500910513896,414.54401036657356
710.0,2248.278105224608,1236.1602891651444,901.6500910513896,414.54401036657356
711.0,2248.278105224608,1236.1602891651444,901.6500910513896,414.54401036657356
712.0,2248.278105224608,1236.1602891651444,901.6500910513896,414.54401036657356
713.0,2248.278105224608,1236.1602891651444,901.6500910513896,414.54401036657356
714.0,2248.278105224608,1236.1602891651444,901.6500910513896,414.54401036657356
715.0,2248.278105224608,1236.1602891651444,901.6500910513896,414.54401036657356
716.0,2248.278105224608,1236.1602891651444,901.6500910513896,414.54401036657356
717.0,2248.278105224608,1236.1602891651444,901.6500910513896,414.54401036657356
718.0,2273.278105224608,1236.1602891651444,901.6500910513896,414.54401036657356
719.0,2298.8915477217583,1236.1602891651444,901.6500910513896,414.54401036657356
720.0,2325.092353979101,1236.1602891651444,901.6500910513896,414.54401036657356
721.0,2325.092353979101,1236.1602891651444,901.6500910513896,414.54401036657356
722.0,2325.092353979101,1236.1602891651444,901.6500910513896,414.54401036657356
723.0,2325.092353979101,1236.1602891651444,901.6500910513896,414.54401036657356
724.0,2325.092353979101,1236.1602891651444,901.6500910513896,414.54401036657356
725.0,2325.092353979101,1236.1602891651444,901.6500910513896,414.54401036657356
726.0,2325.092353979101,1236.1602891651444,901.6500910513896,414.54401036657356
727.0,2325.092353979101,1236.1602891651444,901.6500910513896,414.54401036657356
728.0,2325.092353979101,1236.1602891651444,901.6500910513896,414.54401036657356
729.0,2325.092353979101,1236.1602891651444,901.6500910513896,414.54401036657356
730.0,2325.092353979101,1236.1602891651444,901.6500910513896,414.54401036657356
731.0,2325.092353979101,1236.1602891651444,901.6500910513896,414.54401036657356
732.0,2325.092353979101,1236.1602891651444,901.6500910513896,414.54401036657356
733.0,2325.092353979101,1236.1602891651444,901.6500910513896,414.54401036657356
734.0,2325.092353979101,1236.1602891651444,901.6500910513896,414.54401036657356
735.0,2325.092353979101,1236.1602891651444,901.6500910513896,414.54401036657356
736.0,2325.092353979101,1236.1602891651444,901.6500910513896,414.54401036657356
737.0,2325.092353979101,1261.1602891651444,901.6500910513896,414.54401036657356
738.0,2325.092353979101,1261.1602891651444,901.6500910513896,414.54401036657356
739.0,2325.092353979101,1261.1602891651444,901.6500910513896,414.54401036657356
740.0,2325.092353979101,1261.1602891651444,901.6500910513896,414.54401036657356
741.0,2350.092353979101,1261.1602891651444,901.6500910513896,414.54401036657356
742.0,2375.3835591166057,1261.1602891651444,901.6500910513896,414.54401036657356
743.0,2375.3835591166057,1312.2224285642387,901.6500910513896,414.54401036657356
744.0,2375.3835591166057,1338.262654372992,901.6500910513896,414.54401036657356
745.0,2375.3835591166057,1338.262654372992,901.6500910513896,414.54401036657356
746.0,2375.3835591166057,1338.262654372992,901.6500910513896,414.54401036657356
747.0,2375.3835591166057,1338.262654372992,926.6500910513896,414.54401036657356
748.0,2375.3835591166057,1338.262654372992,951.6500910513896,414.54401036657356
749.0,2375.3835591166057,1338.262654372992,951.6500910513896,414.54401036657356
750.0,2400.3835591166057,1338.262654372992,951.6500910513896,414.54401036657356
751.0,2425.5184931661042,1338.262654372992,951.6500910513896,414.54401036657356
752.0,2425.5184931661042,1338.262654372992,951.6500910513896,414.54401036657356
753.0,2425.5184931661042,1338.262654372992,951.6500910513896,414.54401036657356
754.0,2425.5184931661042,1338.262654372992,951.6500910513896,414.54401036657356
755.0,2425.5184931661042,1338.262654372992,951.6500910513896,414.54401036657356
756.0,2425.5184931661042,1338.262654372992,951.6500910513896,414.54401036657356
757.0,2425.5184931661042,1338.262654372992,951.6500910513896,414.54401036657356
758.0,2425.5184931661042,1338.262654372992,951.6500910513896,414.54401036657356
759.0,2425.5184931661042,1338.262654372992,951.6500910513896,414.54401036657356
760.0,2425.5184931661042,1338.262654372992,951.6500910513896,414.54401036657356
761.0,2425.5184931661042,1338.262654372992,951.6500910513896,414.54401036657356
762.0,2425.5184931661042,1338.262654372992,951.6500910513896,414.54401036657356
763.0,2425.5184931661042,1338.262654372992,951.6500910513896,414.54401036657356
764.0,2425.5184931661042,1338.262654372992,951.6500910513896,414.54401036657356
765.0,2425.5184931661042,1338.262654372992,951.6500910513896,414.54401036657356
766.0,2425.5184931661042,1338.262654372992,951.6500910513896,414.54401036657356
767.0,2425.5184931661042,1338.262654372992,951.6500910513896,414.54401036657356
768.0,2450.5184931661042,1338.262654372992,951.6500910513896,414.54401036657356
769.0,2450.5184931661042,1338.262654372992,951.6500910513896,414.54401036657356
770.0,2450.5184931661042,1338.262654372992,951.6500910513896,414.54401036657356
771.0,2450.5184931661042,1338.262654372992,951.6500910513896,414.54401036657356
772.0,2450.5184931661042,1338.262654372992,951.6500910513896,414.54401036657356
773.0,2450.5184931661042,1338.262654372992,951.6500910513896,414.54401036657356
774.0,2450.5184931661042,1338.262654372992,951.6500910513896,414.54401036657356
775.0,2475.5184931661042,1338.262654372992,951.6500910513896,414.54401036657356
776.0,2501.4676449646654,1338.262654372992,951.6500910513896,414.54401036657356
777.0,2501.4676449646654,1338.262654372992,951.6500910513896,414.54401036657356
778.0,2529.125799230857,1338.262654372992,951.6500910513896,414.54401036657356
779.0,2555.5885798228255,1363.262654372992,951.6500910513896,414.54401036657356
780.0,2555.5885798228255,1388.5913536094076,951.6500910513896,414.54401036657356
781.0,2555.5885798228255,1388.5913536094076,951.6500910513896,414.54401036657356
782.0,2555.5885798228255,1388.5913536094076,951.6500910513896,414.54401036657356
783.0,2584.1862036981593,1388.5913536094076,951.6500910513896,414.54401036657356
784.0,2584.1862036981593,1388.5913536094076,951.6500910513896,414.54401036657356
785.0,2584.1862036981593,1388.5913536094076,951.6500910513896,414.54401036657356
786.0,2610.3686111442707,1388.5913536094076,951.6500910513896,414.54401036657356
787.0,2610.3686111442707,1388.5913536094076,951.6500910513896,414.54401036657356
788.0,2610.3686111442707,1388.5913536094076,951.6500910513896,414.54401036657356
789.0,2610.3686111442707,1388.5913536094076,951.6500910513896,414.54401036657356
790.0,2610.3686111442707,1388.5913536094076,951.6500910513896,414.54401036657356
791.0,2610.3686111442707,1388.5913536094076,976.6500910513896,414.54401036657356
792.0,2610.3686111442707,1388.5913536094076,976.6500910513896,414.54401036657356
793.0,2610.3686111442707,1388.5913536094076,976.6500910513896,414.54401036657356
794.0,2610.3686111442707,1388.5913536094076,976.6500910513896,414.54401036657356
795.0,2610.3686111442707,1388.5913536094076,976.6500910513896,414.54401036657356
796.0,2610.3686111442707,1388.5913536094076,976.6500910513896,414.54401036657356
797.0,2610.3686111442707,1388.5913536094076,976.6500910513896,414.54401036657356
798.0,2610.3686111442707,1388.5913536094076,976.6500910513896,414.54401036657356
799.0,2610.3686111442707,1388.5913536094076,1001.6500910513896,414.54401036657356
800.0,2610.3686111442707,1388.5913536094076,1027.2255120905882,414.54401036657356
801.0,2610.3686111442707,1388.5913536094076,1053.492721646264,414.54401036657356
802.0,2635.3686111442707,1388.5913536094076,1129.7505141870172,414.54401036657356
803.0,2660.5088157978485,1388.5913536094076,1129.7505141870172,414.54401036657356
804.0,2660.5088157978485,1388.5913536094076,1129.7505141870172,414.54401036657356
805.0,2660.5088157978485,1388.5913536094076,1129.7505141870172,414.54401036657356
806.0,2685.5088157978485,1388.5913536094076,1129.7505141870172,414.54401036657356
807.0,2710.8701646144855,1388.5913536094076,1129.7505141870172,414.54401036657356
808.0,2736.5778720161825,1388.5913536094076,1129.7505141870172,414.54401036657356
809.0,2736.5778720161825,1388.5913536094076,1129.7505141870172,414.54401036657356
810.0,2736.5778720161825,1388.5913536094076,1129.7505141870172,414.54401036657356
811.0,2736.5778720161825,1388.5913536094076,1129.7505141870172,414.54401036657356
812.0,2736.5778720161825,1388.5913536094076,1129.7505141870172,414.54401036657356
813.0,2736.5778720161825,1388.5913536094076,1129.7505141870172,414.54401036657356
814.0,2736.5778720161825,1388.5913536094076,1129.7505141870172,414.54401036657356
815.0,2763.7986042943126,1388.5913536094076,1129.7505141870172,414.54401036657356
816.0,2763.7986042943126,1388.5913536094076,1129.7505141870172,414.54401036657356
817.0,2792.584119444803,1388.5913536094076,1129.7505141870172,414.54401036657356
818.0,2792.584119444803,1388.5913536094076,1129.7505141870172,414.54401036657356
819.0,2820.370657962325,1388.5913536094076,1129.7505141870172,414.54401036657356
820.0,2820.370657962325,1388.5913536094076,1129.7505141870172,414.54401036657356
821.0,2820.370657962325,1388.5913536094076,1129.7505141870172,414.54401036657356
822.0,2820.370657962325,1388.5913536094076,1129.7505141870172,414.54401036657356
823.0,2820.370657962325,1388.5913536094076,1129.7505141870172,414.54401036657356
824.0,2820.370657962325,1388.5913536094076,1129.7505141870172,414.54401036657356
825.0,2820.370657962325,1388.5913536094076,1129.7505141870172,414.54401036657356
826.0,2820.370657962325,1388.5913536094076,1129.7505141870172,414.54401036657356
827.0,2820.370657962325,1388.5913536094076,1129.7505141870172,414.54401036657356
828.0,2820.370657962325,1388.5913536094076,1129.7505141870172,414.54401036657356
829.0,2820.370657962325,1388.5913536094076,1129.7505141870172,414.54401036657356
830.0,2820.370657962325,1388.5913536094076,1129.7505141870172,414.54401036657356
831.0,2820.370657962325,1388.5913536094076,1129.7505141870172,414.54401036657356
832.0,2820.370657962325,1388.5913536094076,1129.7505141870172,414.54401036657356
833.0,2820.370657962325,1388.5913536094076,1129.7505141870172,414.54401036657356
834.0,2820.370657962325,1388.5913536094076,1129.7505141870172,414.54401036657356
835.0,2820.370657962325,1388.5913536094076,1129.7505141870172,414.54401036657356
836.0,2820.370657962325,1388.5913536094076,1129.7505141870172,414.54401036657356
837.0,2820.370657962325,1388.5913536094076,1129.7505141870172,414.54401036657356
838.0,2820.370657962325,1388.5913536094076,1129.7505141870172,414.54401036657356
839.0,2820.370657962325,1388.5913536094076,1129.7505141870172,414.54401036657356
840.0,2820.370657962325,1388.5913536094076,1129.7505141870172,414.54401036657356
841.0,2820.370657962325,1388.5913536094076,1129.7505141870172,414.54401036657356
842.0,2820.370657962325,1388.5913536094076,1129.7505141870172,414.54401036657356
843.0,2820.370657962325,1388.5913536094076,1129.7505141870172,414.54401036657356
844.0,2820.370657962325,1388.5913536094076,1129.7505141870172,414.54401036657356
845.0,2820.370657962325,1388.5913536094076,1129.7505141870172,414.54401036657356
846.0,2820.370657962325,1388.5913536094076,1129.7505141870172,414.54401036657356
847.0,2820.370657962325,1388.5913536094076,1129.7505141870172,414.54401036657356
848.0,2820.370657962325,1388.5913536094076,1129.7505141870172,414.54401036657356
849.0,2820.370657962325,1388.5913536094076,1129.7505141870172,439.54401036657356
850.0,2820.370657962325,1388.5913536094076,1129.7505141870172,439.54401036657356
851.0,2820.370657962325,1388.5913536094076,1129.7505141870172,465.47561490920754
852.0,2820.370657962325,1388.5913536094076,1129.7505141870172,465.47561490920754
853.0,2845.370657962325,1388.5913536094076,1129.7505141870172,465.47561490920754
854.0,2870.837338808088,1388.5913536094076,1129.7505141870172,465.47561490920754
855.0,2896.7473664573267,1388.5913536094076,1129.7505141870172,465.47561490920754
856.0,2896.7473664573267,1388.5913536094076,1129.7505141870172,465.47561490920754
857.0,2896.7473664573267,1415.1165776182368,1129.7505141870172,465.47561490920754
858.0,2896.7473664573267,1415.1165776182368,1129.7505141870172,465.47561490920754
859.0,2896.7473664573267,1415.1165776182368,1129.7505141870172,465.47561490920754
860.0,2896.7473664573267,1415.1165776182368,1129.7505141870172,465.47561490920754
861.0,2922.431856266579,1456.7479046584035,1129.7505141870172,465.47561490920754
862.0,2922.431856266579,1456.7479046584035,1129.7505141870172,465.47561490920754
863.0,2922.431856266579,1456.7479046584035,1129.7505141870172,465.47561490920754
864.0,2922.431856266579,1456.7479046584035,1129.7505141870172,465.47561490920754
865.0,2947.431856266579,1456.7479046584035,1129.7505141870172,465.47561490920754
866.0,2947.431856266579,1456.7479046584035,1129.7505141870172,465.47561490920754
867.0,2947.431856266579,1456.7479046584035,1129.7505141870172,465.47561490920754
868.0,2947.431856266579,1456.7479046584035,1129.7505141870172,465.47561490920754
869.0,2947.431856266579,1456.7479046584035,1154.7505141870172,512.2127730063221
870.0,2947.431856266579,1456.7479046584035,1180.1348974808584,512.2127730063221
871.0,2947.431856266579,1456.7479046584035,1180.1348974808584,512.2127730063221
872.0,2947.431856266579,1456.7479046584035,1180.1348974808584,512.2127730063221
873.0,2947.431856266579,1456.7479046584035,1180.1348974808584,512.2127730063221
874.0,2947.431856266579,1456.7479046584035,1180.1348974808584,537.2127730063221
875.0,2947.431856266579,1456.7479046584035,1180.1348974808584,537.2127730063221
876.0,2974.5460085763375,1456.7479046584035,1180.1348974808584,537.2127730063221
877.0,2974.5460085763375,1456.7479046584035,1180.1348974808584,537.2127730063221
878.0,2974.5460085763375,1456.7479046584035,1180.1348974808584,537.2127730063221
879.0,3004.494057720774,1456.7479046584035,1180.1348974808584,537.2127730063221
880.0,3004.494057720774,1456.7479046584035,1180.1348974808584,537.2127730063221
881.0,3004.494057720774,1456.7479046584035,1180.1348974808584,537.2127730063221
882.0,3004.494057720774,1482.237894408435,1180.1348974808584,537.2127730063221
883.0,3004.494057720774,1482.237894408435,1180.1348974808584,537.2127730063221
884.0,3004.494057720774,1482.237894408435,1180.1348974808584,537.2127730063221
885.0,3004.494057720774,1482.237894408435,1180.1348974808584,537.2127730063221
886.0,3004.494057720774,1482.237894408435,1180.1348974808584,537.2127730063221
887.0,3004.494057720774,1482.237894408435,1180.1348974808584,537.2127730063221
888.0,3004.494057720774,1482.237894408435,1238.60200415961,537.2127730063221
889.0,3004.494057720774,1482.237894408435,1238.60200415961,537.2127730063221
890.0,3033.5864556583624,1544.604145367296,1238.60200415961,537.2127730063221
891.0,3033.5864556583624,1544.604145367296,1238.60200415961,537.2127730063221
892.0,3060.2073950112913,1544.604145367296,1238.60200415961,537.2127730063221
893.0,3060.2073950112913,1544.604145367296,1238.60200415961,537.2127730063221
894.0,3060.2073950112913,1544.604145367296,1238.60200415961,537.2127730063221
895.0,3060.2073950112913,1544.604145367296,1238.60200415961,537.2127730063221
896.0,3060.2073950112913,1544.604145367296,1238.60200415961,537.2127730063221
897.0,3060.2073950112913,1544.604145367296,1238.60200415961,537.2127730063221
898.0,3060.2073950112913,1544.604145367296,1238.60200415961,537.2127730063221
899.0,3060.2073950112913,1544.604145367296,1238.60200415961,537.2127730063221
900.0,3194.6348879201714,1544.604145367296,1238.60200415961,537.2127730063221
901.0,3223.4145712504733,1544.604145367296,1238.60200415961,537.2127730063221
902.0,3223.4145712504733,1544.604145367296,1238.60200415961,537.2127730063221
903.0,3223.4145712504733,1544.604145367296,1238.60200415961,537.2127730063221
904.0,3223.4145712504733,1544.604145367296,1238.60200415961,537.2127730063221
905.0,3223.4145712504733,1544.604145367296,1238.60200415961,537.2127730063221
906.0,3223.4145712504733,1544.604145367296,1238.60200415961,537.2127730063221
907.0,3223.4145712504733,1544.604145367296,1238.60200415961,537.2127730063221
908.0,3223.4145712504733,1544.604145367296,1238.60200415961,537.2127730063221
909.0,3223.4145712504733,1544.604145367296,1238.60200415961,537.2127730063221
910.0,3223.4145712504733,1544.604145367296,1238.60200415961,537.2127730063221
911.0,3223.4145712504733,1544.604145367296,1238.60200415961,537.2127730063221
912.0,3223.4145712504733,1544.604145367296,1353.622931792839,562.2127730063221
913.0,3223.4145712504733,1544.604145367296,1353.622931792839,587.541262580013
914.0,3223.4145712504733,1544.604145367296,1353.622931792839,613.1818172487103
915.0,3223.4145712504733,1544.604145367296,1380.167866266936,613.1818172487103
916.0,3223.4145712504733,1544.604145367296,1380.167866266936,613.1818172487103
917.0,3223.4145712504733,1544.604145367296,1380.167866266936,613.1818172487103
918.0,3223.4145712504733,1544.604145367296,1380.167866266936,613.1818172487103
919.0,3223.4145712504733,1544.604145367296,1380.167866266936,613.1818172487103
920.0,3223.4145712504733,1544.604145367296,1380.167866266936,613.1818172487103
921.0,3223.4145712504733,1544.604145367296,1380.167866266936,613.1818172487103
922.0,3223.4145712504733,1544.604145367296,1380.167866266936,613.1818172487103
923.0,3223.4145712504733,1544.604145367296,1380.167866266936,613.1818172487103
924.0,3223.4145712504733,1544.604145367296,1380.167866266936,613.1818172487103
925.0,3223.4145712504733,1544.604145367296,1380.167866266936,613.1818172487103
926.0,3223.4145712504733,1544.604145367296,1380.167866266936,613.1818172487103
927.0,3223.4145712504733,1544.604145367296,1380.167866266936,613.1818172487103
928.0,3223.4145712504733,1544.604145367296,1380.167866266936,613.1818172487103
929.0,3223.4145712504733,1544.604145367296,1380.167866266936,613.1818172487103
930.0,3223.4145712504733,1544.604145367296,1380.167866266936,613.1818172487103
931.0,3223.4145712504733,1544.604145367296,1380.167866266936,613.1818172487103
932.0,3223.4145712504733,1544.604145367296,1380.167866266936,613.1818172487103
933.0,3223.4145712504733,1544.604145367296,1380.167866266936,613.1818172487103
934.0,3223.4145712504733,1544.604145367296,1380.167866266936,613.1818172487103
935.0,3223.4145712504733,1544.604145367296,1380.167866266936,613.1818172487103
936.0,3223.4145712504733,1544.604145367296,1380.167866266936,613.1818172487103
937.0,3223.4145712504733,1544.604145367296,1380.167866266936,613.1818172487103
938.0,3223.4145712504733,1544.604145367296,1380.167866266936,613.1818172487103
939.0,3223.4145712504733,1544.604145367296,1380.167866266936,613.1818172487103
940.0,3223.4145712504733,1544.604145367296,1380.167866266936,613.1818172487103
941.0,3223.4145712504733,1544.604145367296,1380.167866266936,613.1818172487103
942.0,3223.4145712504733,1544.604145367296,1380.167866266936,613.1818172487103
943.0,3223.4145712504733,1544.604145367296,1380.167866266936,613.1818172487103
944.0,3223.4145712504733,1544.604145367296,1405.167866266936,638.1818172487103
945.0,3223.4145712504733,1544.604145367296,1430.221626694038,638.1818172487103
946.0,3292.0622295882686,1544.604145367296,1430.221626694038,638.1818172487103
947.0,3292.0622295882686,1544.604145367296,1455.221626694038,638.1818172487103
948.0,3292.0622295882686,1544.604145367296,1480.2545423014078,638.1818172487103
949.0,3292.0622295882686,1544.604145367296,1505.9893159348806,638.1818172487103
950.0,3292.0622295882686,1544.604145367296,1505.9893159348806,638.1818172487103
951.0,3292.0622295882686,1544.604145367296,1505.9893159348806,638.1818172487103
952.0,3292.0622295882686,1544.604145367296,1505.9893159348806,638.1818172487103
953.0,3292.0622295882686,1544.604145367296,1505.9893159348806,638.1818172487103
954.0,3292.0622295882686,1544.604145367296,1505.9893159348806,638.1818172487103
955.0,3292.0622295882686,1569.604145367296,1505.9893159348806,638.1818172487103
956.0,3292.0622295882686,1594.894388728655,1505.9893159348806,638.1818172487103
957.0,3292.0622295882686,1594.894388728655,1505.9893159348806,638.1818172487103
958.0,3292.0622295882686,1594.894388728655,1505.9893159348806,638.1818172487103
959.0,3292.0622295882686,1594.894388728655,1505.9893159348806,638.1818172487103
960.0,3292.0622295882686,1594.894388728655,1505.9893159348806,638.1818172487103
961.0,3292.0622295882686,1594.894388728655,1505.9893159348806,638.1818172487103
962.0,3292.0622295882686,1594.894388728655,1505.9893159348806,638.1818172487103
963.0,3292.0622295882686,1594.894388728655,1505.9893159348806,638.1818172487103
964.0,3292.0622295882686,1594.894388728655,1505.9893159348806,638.1818172487103
965.0,3292.0622295882686,1594.894388728655,1505.9893159348806,638.1818172487103
966.0,3292.0622295882686,1619.894388728655,1505.9893159348806,638.1818172487103
967.0,3292.0622295882686,1645.2213329534243,1505.9893159348806,638.1818172487103
968.0,3292.0622295882686,1645.2213329534243,1505.9893159348806,663.6088946141243
969.0,3292.0622295882686,1645.2213329534243,1505.9893159348806,663.6088946141243
970.0,3292.0622295882686,1645.2213329534243,1505.9893159348806,663.6088946141243
971.0,3292.0622295882686,1645.2213329534243,1505.9893159348806,663.6088946141243
972.0,3292.0622295882686,1645.2213329534243,1505.9893159348806,663.6088946141243
973.0,3292.0622295882686,1645.2213329534243,1505.9893159348806,663.6088946141243
974.0,3292.0622295882686,1645.2213329534243,1505.9893159348806,663.6088946141243
975.0,3292.0622295882686,1645.2213329534243,1505.9893159348806,663.6088946141243
976.0,3292.0622295882686,1645.2213329534243,1505.9893159348806,663.6088946141243
977.0,3292.0622295882686,1645.2213329534243,1505.9893159348806,663.6088946141243
978.0,3292.0622295882686,1645.2213329534243,1505.9893159348806,663.6088946141243
979.0,3292.0622295882686,1645.2213329534243,1505.9893159348806,663.6088946141243
980.0,3292.0622295882686,1645.2213329534243,1505.9893159348806,663.6088946141243
981.0,3292.0622295882686,1645.2213329534243,1505.9893159348806,663.6088946141243
982.0,3292.0622295882686,1645.2213329534243,1505.9893159348806,663.6088946141243
983.0,3292.0622295882686,1645.2213329534243,1505.9893159348806,663.6088946141243
984.0,3292.0622295882686,1645.2213329534243,1505.9893159348806,663.6088946141243
985.0,3292.0622295882686,1645.2213329534243,1505.9893159348806,663.6088946141243
986.0,3292.0622295882686,1645.2213329534243,1505.9893159348806,663.6088946141243
987.0,3292.0622295882686,1645.2213329534243,1505.9893159348806,663.6088946141243
988.0,3292.0622295882686,1645.2213329534243,1505.9893159348806,663.6088946141243
989.0,3292.0622295882686,1645.2213329534243,1505.9893159348806,663.6088946141243
990.0,3292.0622295882686,1645.2213329534243,1505.9893159348806,663.6088946141243
991.0,3292.0622295882686,1645.2213329534243,1505.9893159348806,663.6088946141243
992.0,3292.0622295882686,1645.2213329534243,1505.9893159348806,663.6088946141243
993.0,3292.0622295882686,1645.2213329534243,1505.9893159348806,663.6088946141243
994.0,3292.0622295882686,1645.2213329534243,1505.9893159348806,663.6088946141243
995.0,3292.0622295882686,1645.2213329534243,1505.9893159348806,663.6088946141243
996.0,3292.0622295882686,1645.2213329534243,1505.9893159348806,663.6088946141243
997.0,3292.0622295882686,1645.2213329534243,1505.9893159348806,663.6088946141243
998.0,3292.0622295882686,1645.2213329534243,1505.9893159348806,663.6088946141243
999.0,3292.0622295882686,1645.2213329534243,1505.9893159348806,663.6088946141243
1000.0,3292.0622295882686,1645.2213329534243,1505.9893159348806,663.6088946141243
