"tick","Intervened % Global","Intervened % NL"
1.0,NaN,NaN
2.0,NaN,NaN
3.0,NaN,NaN
4.0,0.0,NaN
5.0,0.0,NaN
6.0,0.0,NaN
7.0,0.0,NaN
8.0,0.0,NaN
9.0,0.0,NaN
10.0,0.0,NaN
11.0,0.0,NaN
12.0,0.0,NaN
13.0,0.0,NaN
14.0,0.0,NaN
15.0,0.0,NaN
16.0,0.0,NaN
17.0,0.0,NaN
18.0,0.0,NaN
19.0,0.0,NaN
20.0,0.0,NaN
21.0,0.0,NaN
22.0,0.0,NaN
23.0,0.0,NaN
24.0,0.0,NaN
25.0,0.0,NaN
26.0,0.0,NaN
27.0,0.0,NaN
28.0,0.0,NaN
29.0,0.0,0.0
30.0,0.0,0.0
31.0,0.0,0.0
32.0,0.0,0.0
33.0,0.0,0.0
34.0,0.0,0.0
35.0,0.0,0.0
36.0,0.0,0.0
37.0,0.0,0.0
38.0,0.0,0.0
39.0,0.0,0.0
40.0,0.0,0.0
41.0,0.0,0.0
42.0,0.0,0.0
43.0,0.0,0.0
44.0,0.0,0.0
45.0,0.0,0.0
46.0,0.0,0.0
47.0,0.0,0.0
48.0,0.0,0.0
49.0,0.0,0.0
50.0,0.0,0.0
51.0,0.0,0.0
52.0,0.0,0.0
53.0,0.0,0.0
54.0,0.0,0.0
55.0,0.0,0.0
56.0,0.0,0.0
57.0,0.0,0.0
58.0,0.0,0.0
59.0,0.0,0.0
60.0,0.0,0.0
61.0,0.0,0.0
62.0,0.0,0.0
63.0,0.0,0.0
64.0,0.0,0.0
65.0,0.0,0.0
66.0,0.0,0.0
67.0,0.0,0.0
68.0,0.0,0.0
69.0,0.0,0.0
70.0,0.0,0.0
71.0,0.0,0.0
72.0,0.0,0.0
73.0,0.0,0.0
74.0,0.0,0.0
75.0,0.0,0.0
76.0,0.0,0.0
77.0,0.0,0.0
78.0,0.0,0.0
79.0,0.0,0.0
80.0,0.0,0.0
81.0,0.0,0.0
82.0,0.0,0.0
83.0,0.0,0.0
84.0,0.0,0.0
85.0,0.0,0.0
86.0,0.0,0.0
87.0,0.0,0.0
88.0,0.0,0.0
89.0,0.0,0.0
90.0,0.0,0.0
91.0,0.0,0.0
92.0,0.0,0.0
93.0,0.0,0.0
94.0,0.0,0.0
95.0,0.0,0.0
96.0,0.0,0.0
97.0,0.0,0.0
98.0,0.0,0.0
99.0,0.0,0.0
100.0,0.0,0.0
101.0,0.0,0.0
102.0,0.28735632183908044,0.0
103.0,0.2857142857142857,0.0
104.0,0.2824858757062147,0.0
105.0,0.554016620498615,0.0
106.0,0.819672131147541,0.0
107.0,0.8086253369272237,0.0
108.0,1.0666666666666667,0.0
109.0,1.0610079575596816,0.0
110.0,1.0526315789473684,0.0
111.0,1.2919896640826873,0.0
112.0,1.7857142857142856,0.0
113.0,1.7676767676767675,0.0
114.0,1.7543859649122806,0.0
115.0,1.99501246882793,0.0
116.0,1.9900497512437811,0.0
117.0,2.2277227722772275,0.0
118.0,2.2222222222222223,0.0
119.0,2.211302211302211,0.0
120.0,2.2004889975550124,0.0
121.0,2.1844660194174756,0.0
122.0,2.1791767554479415,0.0
123.0,2.158273381294964,0.0
124.0,2.137767220902613,0.0
125.0,2.112676056338028,0.0
126.0,2.314814814814815,0.0
127.0,2.5345622119815667,0.0
128.0,2.522935779816514,0.0
129.0,2.517162471395881,0.0
130.0,2.733485193621868,0.0
131.0,2.7210884353741496,0.0
132.0,2.9345372460496613,0.0
133.0,2.9345372460496613,0.0
134.0,2.9345372460496613,0.0
135.0,2.914798206278027,0.0
136.0,2.89532293986637,0.0
137.0,2.888888888888889,0.0
138.0,2.8761061946902653,0.0
139.0,3.289473684210526,0.0
140.0,3.260869565217391,0.0
141.0,3.2397408207343417,0.0
142.0,3.205128205128205,0.0
143.0,3.171247357293869,0.0
144.0,3.125,0.0
145.0,3.3057851239669422,0.0
146.0,3.285420944558522,0.0
147.0,3.2586558044806515,0.0
148.0,3.2323232323232323,0.0
149.0,3.2064128256513023,0.0
150.0,3.3596837944664033,0.0
151.0,3.508771929824561,0.0
152.0,3.667953667953668,0.0
153.0,3.6121673003802277,0.0
154.0,3.7593984962406015,0.0
155.0,3.910614525139665,0.0
156.0,3.888888888888889,0.0
157.0,4.029304029304029,0.0
158.0,4.174228675136116,0.0
159.0,4.324324324324325,0.0
160.0,4.301075268817205,0.0
161.0,4.270462633451958,0.0
162.0,4.401408450704225,0.0
163.0,4.553415061295972,0.0
164.0,4.869565217391305,0.0
165.0,4.852686308492201,0.0
166.0,4.827586206896552,0.0
167.0,4.802744425385934,0.0
168.0,4.761904761904762,0.0
169.0,4.898648648648648,0.0
170.0,5.033557046979865,0.0
171.0,5.166666666666667,0.0
172.0,5.140961857379768,0.0
173.0,5.115511551155116,0.0
174.0,5.0903119868637114,0.0
175.0,5.040650406504065,0.0
176.0,5.008077544426494,0.0
177.0,4.975922953451043,0.0
178.0,5.071315372424722,0.0
179.0,5.164319248826291,0.0
180.0,5.255023183925812,0.0
181.0,5.151515151515151,0.0
182.0,5.192878338278932,0.0
183.0,5.255474452554744,0.0
184.0,5.2249637155297535,0.0
185.0,5.179856115107913,0.0
186.0,5.270655270655271,0.0
187.0,5.240793201133145,0.0
188.0,5.218617771509168,0.0
189.0,5.477528089887641,0.0
190.0,5.454545454545454,0.0
191.0,5.4242002781641165,0.0
192.0,5.540166204986149,0.0
193.0,5.517241379310345,0.0
194.0,5.46448087431694,0.0
195.0,5.420054200542006,0.0
196.0,5.369127516778524,0.0
197.0,5.718085106382978,0.0
198.0,5.82010582010582,0.0
199.0,5.797101449275362,0.0
200.0,5.890052356020942,0.0
201.0,5.966277561608301,0.0
202.0,5.905006418485238,0.0
203.0,6.06826801517067,0.0
204.0,6.0,0.0
205.0,6.056860321384425,0.0
206.0,6.105006105006105,0.0
207.0,6.0606060606060606,0.0
208.0,6.144578313253012,0.0
209.0,6.107784431137724,0.0
210.0,6.212664277180406,0.0
211.0,6.190476190476191,0.0
212.0,6.1465721040189125,0.0
213.0,6.213364595545135,0.0
214.0,6.162790697674419,0.0
215.0,6.365740740740741,0.0
216.0,6.551724137931035,0.0
217.0,6.514285714285714,0.0
218.0,6.4772727272727275,0.0
219.0,6.440677966101695,0.0
220.0,6.404494382022471,0.0
221.0,6.592178770949721,0.0
222.0,6.577480490523968,0.0
223.0,6.6815144766147,0.0
224.0,6.651884700665188,0.0
225.0,6.6006600660066,0.0
226.0,6.652126499454744,0.0
227.0,6.616052060737528,0.0
228.0,6.580366774541532,0.0
229.0,6.524064171122995,0.0
230.0,6.475583864118896,0.0
231.0,6.455026455026455,0.0
232.0,6.701570680628273,0.0
233.0,6.659729448491156,0.0
234.0,6.618407445708377,0.0
235.0,6.7761806981519515,0.0
236.0,6.741573033707865,0.0
237.0,6.707317073170732,0.0
238.0,6.633165829145729,0.0
239.0,6.679960119641076,0.0
240.0,6.70611439842209,0.0
241.0,6.758080313418217,0.0
242.0,6.789524733268672,0.0
243.0,6.724303554274735,0.0
244.0,6.837606837606838,0.0
245.0,6.87382297551789,0.0
246.0,6.915887850467289,0.0
247.0,7.069767441860465,0.0
248.0,7.142857142857142,0.0
249.0,7.12962962962963,0.0
250.0,7.096774193548387,0.0
251.0,7.169117647058823,0.0
252.0,7.142857142857142,0.0
253.0,7.097361237488626,0.0
254.0,7.0588235294117645,0.0
255.0,7.008086253369273,0.0
256.0,6.976744186046512,0.0
257.0,6.945681211041853,0.0
258.0,6.997342781222321,0.0
259.0,7.0609002647837595,0.0
260.0,7.036059806508356,0.0
261.0,7.005253940455342,0.0
262.0,6.968641114982578,0.0
263.0,6.938421509106678,0.0
264.0,7.087294727744166,0.0
265.0,7.06896551724138,0.0
266.0,7.05073086844368,0.0
267.0,7.02054794520548,0.0
268.0,7.0698466780238505,0.0
269.0,7.118644067796611,0.0
270.0,7.172995780590717,0.0
271.0,7.184628237259815,0.0
272.0,7.119205298013245,0.0
273.0,7.054963084495489,0.0
274.0,7.1486596263200655,0.0
275.0,7.1025020177562554,0.0
276.0,7.142857142857142,0.0
277.0,7.1086261980830665,0.0
278.0,7.148530579825259,0.0
279.0,7.205067300079176,0.0
280.0,7.199367088607595,0.0
281.0,7.148468185388845,0.0
282.0,7.187499999999999,0.0
283.0,7.137315748642359,0.0
284.0,7.159353348729793,0.0
285.0,7.126436781609195,0.0
286.0,7.0830159939070825,0.0
287.0,7.040121120363361,0.0
288.0,6.992481203007518,0.0
289.0,7.0201643017177,0.0
290.0,7.0684523809523805,0.0
291.0,7.111111111111111,0.0
292.0,7.221812822402359,0.0
293.0,7.268722466960352,0.0
294.0,7.247437774524158,0.0
295.0,7.20524017467249,0.0
296.0,7.230657989877079,0.0
297.0,7.317073170731707,0.0
298.0,7.28051391862955,0.0
299.0,7.2443181818181825,0.0
300.0,7.183098591549296,0.0
301.0,7.147862648913805,0.0
302.0,7.177700348432056,0.0
303.0,7.197231833910036,0.0
304.0,7.305306685044796,0.0
305.0,7.43289745354439,0.0
306.0,7.422680412371134,0.0
307.0,7.382091592617908,0.0
308.0,7.425068119891008,0.0
309.0,7.46775288526816,0.0
310.0,7.427413909520594,0.0
311.0,7.44466800804829,0.0
312.0,7.404936624416278,0.0
313.0,7.417218543046358,0.0
314.0,7.382992748846408,0.0
315.0,7.414698162729659,0.0
316.0,7.380796864794252,0.0
317.0,7.41704619388419,0.0
318.0,7.453013609850939,0.0
319.0,7.433742727860375,0.0
320.0,7.3907455012853465,0.0
321.0,7.421625079974409,0.0
322.0,7.461734693877552,0.0
323.0,7.550761421319797,0.0
324.0,7.52212389380531,0.0
325.0,7.542426147077309,0.0
326.0,7.5,0.0
327.0,7.444168734491314,0.0
328.0,7.573891625615764,0.0
329.0,7.541385652973635,0.0
330.0,7.5,0.0
331.0,7.468123861566485,0.0
332.0,7.474382157926461,0.0
333.0,7.438512297540492,0.0
334.0,7.577565632458234,0.0
335.0,7.623585467540203,0.0
336.0,7.6145151695419395,0.0
337.0,7.600950118764846,0.0
338.0,7.587433313574392,0.0
339.0,7.569485511531639,0.0
340.0,7.665094339622641,0.0
341.0,7.647058823529412,0.0
342.0,7.678780773739742,0.0
343.0,7.660818713450293,0.0
344.0,7.696793002915451,0.0
345.0,7.723577235772358,0.0
346.0,7.798960138648179,0.0
347.0,7.780979827089338,0.0
348.0,7.8205865439907996,0.0
349.0,7.780320366132723,0.0
350.0,7.806267806267806,0.0
351.0,7.849829351535837,0.0
352.0,7.814269535673839,0.0
353.0,7.77027027027027,0.0
354.0,7.778399552322328,0.0
355.0,7.743732590529248,0.0
356.0,7.722222222222222,0.0
357.0,7.688053097345132,0.0
358.0,7.700770077007702,0.0
359.0,7.772304324028462,0.0
360.0,7.797164667393675,0.0
361.0,7.754880694143167,0.0
362.0,7.771181867242309,0.0
363.0,7.8040904198062435,0.0
364.0,7.778969957081546,0.0
365.0,7.811663991439273,0.0
366.0,7.831646244006393,0.0
367.0,7.786016949152542,0.0
368.0,7.769028871391076,0.0
369.0,7.792887029288703,0.0
370.0,7.772561293688055,0.0
371.0,7.78816199376947,0.0
372.0,7.763975155279502,0.0
373.0,7.727975270479134,0.0
374.0,7.7002053388090355,0.0
375.0,7.7198364008179965,0.0
376.0,7.719654647028949,0.0
377.0,7.735085945399393,0.0
378.0,7.766011094301563,0.0
379.0,7.7425842131724485,0.0
380.0,7.75,0.0
381.0,7.711442786069651,0.0
382.0,7.665677546983185,0.0
383.0,7.627952755905512,0.0
384.0,7.737512242899118,0.0
385.0,7.718612603810454,0.0
386.0,7.752315943442223,0.0
387.0,7.740993184031159,0.0
388.0,7.733463035019455,0.0
389.0,7.774538386783285,0.0
390.0,7.751937984496124,0.0
391.0,7.7815369743837595,0.0
392.0,7.77027027027027,0.0
393.0,7.751564756860857,0.0
394.0,7.725527831094049,0.0
395.0,7.747489239598278,0.0
396.0,7.7693040991420395,0.0
397.0,7.747148288973384,0.0
398.0,7.7214590241591665,0.0
399.0,7.699574870099197,0.0
400.0,7.721280602636535,0.0
401.0,7.6923076923076925,0.0
402.0,7.6923076923076925,0.0
403.0,7.699443413729128,0.0
404.0,7.660359944623904,0.0
405.0,7.706422018348624,0.0
406.0,7.664233576642336,0.0
407.0,7.629427792915531,0.0
408.0,7.59493670886076,0.0
409.0,7.616043262730959,0.0
410.0,7.6750448833034115,0.0
411.0,7.6923076923076925,0.0
412.0,7.675145024542615,0.0
413.0,7.685473123056418,0.0
414.0,7.739938080495357,0.0
415.0,7.746478873239436,0.0
416.0,7.769973661106233,0.0
417.0,7.793345008756567,0.0
418.0,7.816593886462882,0.0
419.0,7.799564270152505,0.0
420.0,7.775847089487402,0.0
421.0,7.842287694974004,0.0
422.0,7.878787878787878,0.0
423.0,7.851596203623814,0.0
424.0,7.907176622260422,0.0
425.0,7.883461868037704,0.0
426.0,7.912745936698032,0.0
427.0,7.902605724049551,0.0
428.0,7.8824030677460595,0.0
429.0,7.855626326963907,0.0
430.0,7.829030892932713,0.0
431.0,7.841483979763912,0.0
432.0,7.815126050420168,0.0
433.0,7.879295892707461,0.0
434.0,7.894736842105263,0.0
435.0,7.996668054977094,0.0
436.0,7.983367983367984,0.0
437.0,7.970112079701121,0.0
438.0,7.960199004975125,0.0
439.0,7.98841059602649,0.0
440.0,7.981803143093466,0.0
441.0,8.00990916597853,0.0
442.0,7.993407498969922,0.0
443.0,7.9769736842105265,0.0
444.0,7.957342083675144,0.0
445.0,7.9787234042553195,0.0
446.0,8.003266639444671,0.0
447.0,7.990216061964942,0.0
448.0,7.970719804798698,0.0
449.0,7.988645579886455,0.0
450.0,8.05668016194332,0.0
451.0,8.050161812297734,0.0
452.0,8.037156704361873,0.0
453.0,8.020959290608626,0.0
454.0,8.038585209003216,0.0
455.0,8.019246190858059,0.0
456.0,8.009611533840609,0.0
457.0,7.9968012794882055,0.0
458.0,7.971303308090873,0.0
459.0,7.998408276959809,0.0
460.0,7.976190476190475,0.0
461.0,7.950949367088607,0.0
462.0,7.965299684542587,0.0
463.0,7.930899096976836,0.0
464.0,7.981220657276995,0.0
465.0,7.965638422491214,0.0
466.0,7.98908807482463,0.0
467.0,8.01556420233463,0.0
468.0,8.0,0.0
469.0,7.981402557148392,0.0
470.0,7.959814528593509,0.0
471.0,7.9414032382420965,0.0
472.0,7.958477508650519,0.0
473.0,7.969348659003832,0.0
474.0,7.980145093547156,0.0
475.0,7.958872810357959,0.0
476.0,7.934700075930144,0.0
477.0,7.916666666666666,0.0
478.0,7.980332829046899,0.0
479.0,7.968277945619335,0.0
480.0,7.984934086629002,0.0
481.0,8.0105302745393,0.0
482.0,7.99249530956848,0.0
483.0,7.971556886227544,0.0
484.0,7.947761194029851,0.0
485.0,7.927056196501675,0.0
486.0,7.906458797327394,0.0
487.0,7.885968159940762,0.0
488.0,7.902511078286559,0.0
489.0,7.8966789667896675,0.0
490.0,7.921886514369934,0.0
491.0,7.907318867230599,0.0
492.0,7.935341660543719,0.0
493.0,7.929515418502203,0.0
494.0,7.9178885630498534,0.0
495.0,7.909190772610765,0.0
496.0,7.903402854006586,0.0
497.0,7.928388746803069,0.0
498.0,7.902403495994173,0.0
499.0,7.8708741385564025,0.0
500.0,7.8424286230574625,0.0
501.0,7.828282828282829,0.0
502.0,7.841726618705036,0.0
503.0,7.863554757630162,0.0
504.0,7.849462365591398,0.0
505.0,7.835420393559929,0.0
506.0,7.887223411848679,0.0
507.0,7.8759800427655025,0.0
508.0,7.864768683274022,0.0
509.0,7.848011363636363,0.0
510.0,7.828551186680836,0.0
511.0,7.809187279151944,0.0
512.0,7.8196548080309976,0.0
513.0,7.8031634446397184,0.0
514.0,7.781282860147214,0.0
515.0,7.76495278069255,0.0
516.0,7.802159526297457,0.0
517.0,7.777777777777778,0.0
518.0,7.822776047075113,0.0
519.0,7.806563039723661,0.0
520.0,7.790417097552568,0.0
521.0,7.768992781024407,0.0
522.0,7.739726027397261,0.0
523.0,7.784226698531922,0.0
524.0,7.78382053025153,0.0
525.0,7.825203252032519,0.0
526.0,7.863651704353695,0.0
527.0,7.837201479986546,0.0
528.0,7.818791946308725,0.0
529.0,7.792642140468227,0.0
530.0,7.835945315105035,0.0
531.0,7.825507825507826,0.0
532.0,7.8789893617021285,0.0
533.0,7.860696517412935,0.0
534.0,7.837301587301587,0.0
535.0,7.816622691292877,0.0
536.0,7.899934167215274,0.0
537.0,7.889546351084813,0.0
538.0,7.876599934361667,0.0
539.0,7.899049491969847,0.0
540.0,7.888707037643209,0.0
541.0,7.880967952910399,0.0
542.0,7.895595432300164,0.0
543.0,7.880169325952459,0.0
544.0,7.864803379915503,0.0
545.0,7.884490590525632,0.0
546.0,7.876823338735818,0.0
547.0,7.898996438977016,0.0
548.0,7.88623141564318,0.0
549.0,7.87350758309132,0.0
550.0,7.895584917821463,0.0
551.0,7.880347378578321,0.0
552.0,7.897271268057785,0.0
553.0,7.882089074014739,0.0
554.0,7.869481765834934,0.0
555.0,7.891373801916933,0.0
556.0,7.878787878787878,0.0
557.0,7.86624203821656,0.0
558.0,7.880521131236098,0.0
559.0,7.863031071655041,0.0
560.0,7.8431372549019605,0.0
561.0,7.823343848580441,0.0
562.0,7.803650094398994,0.0
563.0,7.846829880728186,0.0
564.0,7.841907151819323,0.0
565.0,7.836990595611286,0.0
566.0,7.829627309740056,0.0
567.0,7.84865540963102,0.0
568.0,7.875,0.0
569.0,7.865168539325842,0.0
570.0,7.855361596009976,0.0
571.0,7.84557907845579,0.0
572.0,7.859583721652687,0.0
573.0,7.842529448233106,0.0
574.0,7.854050711193568,0.0
575.0,7.841926520531029,0.0
576.0,7.827426810477658,0.0
577.0,7.810578105781057,0.0
578.0,7.881018092609629,0.0
579.0,7.8689528475199015,0.0
580.0,7.856924487924183,0.0
581.0,7.903570338724443,0.0
582.0,7.889125799573561,0.0
583.0,7.909948281107393,0.0
584.0,7.897934386391252,0.0
585.0,7.881176113973931,0.0
586.0,7.887579329102448,0.0
587.0,7.863814401928291,0.0
588.0,7.842548076923077,0.0
589.0,7.823741007194244,0.0
590.0,7.795698924731183,0.0
591.0,7.774798927613941,0.0
592.0,7.749406175771971,0.0
593.0,7.75836541308854,0.0
594.0,7.83096926713948,0.0
595.0,7.846607669616519,0.0
596.0,7.866823806717738,0.0
597.0,7.855251544571932,0.0
598.0,7.870778267254039,0.0
599.0,7.859237536656892,0.0
600.0,7.8431372549019605,0.0
601.0,7.820250948351328,0.0
602.0,7.8265929589758505,0.0
603.0,7.82608695652174,0.0
604.0,7.792207792207792,0.0
605.0,7.796317606444189,0.0
606.0,7.773952954675846,0.0
607.0,7.780320366132723,0.0
608.0,7.782212086659065,0.0
609.0,7.757885763000852,0.0
610.0,7.735902521960895,0.0
611.0,7.737927139226207,0.0
612.0,7.742117117117117,0.0
613.0,7.772166105499438,0.0
614.0,7.817315774726814,0.0
615.0,7.834359261331842,0.0
616.0,7.8277886497064575,0.0
617.0,7.849162011173185,0.0
618.0,7.866108786610878,0.0
619.0,7.852965747702589,0.0
620.0,7.839866555462886,0.0
621.0,7.91007493755204,0.0
622.0,7.926829268292683,0.0
623.0,7.945736434108527,0.0
624.0,7.928176795580111,0.0
625.0,7.93607054284927,0.0
626.0,7.920792079207921,0.0
627.0,7.93302223442218,0.0
628.0,7.947382844614963,0.0
629.0,7.968236582694415,0.0
630.0,7.961696306429548,0.0
631.0,7.948647910406994,0.0
632.0,7.962912462503409,0.0
633.0,7.941256459069894,0.0
634.0,8.023854703171592,0.0
635.0,8.033540708682715,0.0
636.0,8.022690437601296,0.0
637.0,8.061472094904287,0.0
638.0,8.048452220726784,0.0
639.0,8.091397849462366,0.0
640.0,8.10738255033557,0.0
641.0,8.085676037483266,0.0
642.0,8.097274184927846,0.0
643.0,8.084311632870865,0.0
644.0,8.06494543518765,0.0
645.0,8.04567180031864,0.0
646.0,8.052980132450331,0.0
647.0,8.0338266384778,0.0
648.0,8.006320779562813,0.0
649.0,8.04416403785489,0.0
650.0,8.04929208180388,0.0
651.0,8.036649214659686,0.0
652.0,8.045977011494253,0.0
653.0,8.06367432150313,0.0
654.0,8.05316653635653,0.0
655.0,8.062418725617686,0.0
656.0,8.047767393561786,0.0
657.0,8.035251425609125,0.0
658.0,8.054908054908056,0.0
659.0,8.092037228541882,0.0
660.0,8.083677685950413,0.0
661.0,8.075335397316822,0.0
662.0,8.064931718629218,0.0
663.0,8.076131687242798,0.0
664.0,8.063687724704675,0.0
665.0,8.07899461400359,0.0
666.0,8.068647540983607,0.0
667.0,8.05626598465473,0.0
668.0,8.07564528494761,0.0
669.0,8.067398519274956,0.0
670.0,8.07849133537207,0.0
671.0,8.06205493387589,0.0
672.0,8.06492518387015,0.0
673.0,8.069820389577536,0.0
674.0,8.078767987881848,0.0
675.0,8.085642317380353,0.0
676.0,8.071410611013327,0.0
677.0,8.132530120481928,0.0
678.0,8.147405364753071,0.0
679.0,8.141282565130261,0.0
680.0,8.16020025031289,0.0
681.0,8.202050512628158,0.0
682.0,8.191808191808192,0.0
683.0,8.179551122194512,0.0
684.0,8.192231075697212,0.0
685.0,8.202833706189411,0.0
686.0,8.190618019359643,0.0
687.0,8.199157790438443,0.0
688.0,8.191041821331353,0.0
689.0,8.205635195254573,0.0
690.0,8.210059171597633,0.0
691.0,8.185840707964601,0.0
692.0,8.173784977908689,0.0
693.0,8.184268561627052,0.0
694.0,8.168256297383223,0.0
695.0,8.201122772760556,0.0
696.0,8.19112627986348,0.0
697.0,8.17717206132879,0.0
698.0,8.159300631374453,0.0
699.0,8.14150714804943,0.0
700.0,8.168197196713388,0.0
701.0,8.146541335261508,0.0
702.0,8.125,0.0
703.0,8.151522416686646,0.0
704.0,8.155943554173643,0.0
705.0,8.190066857688635,0.0
706.0,8.226037195994278,0.0
707.0,8.212330397524399,0.0
708.0,8.204518430439952,0.0
709.0,8.19672131147541,0.0
710.0,8.188938998338475,0.0
711.0,8.17923186344239,0.0
712.0,8.189349112426035,0.0
713.0,8.225005908768612,0.0
714.0,8.24279641001417,0.0
715.0,8.258612553091082,0.0
716.0,8.272448739099694,0.0
717.0,8.268551236749117,0.0
718.0,8.264657405227219,0.0
719.0,8.258823529411764,0.0
720.0,8.264850903968068,0.0
721.0,8.276670574443141,0.0
722.0,8.257309941520468,0.0
723.0,8.257522743177047,0.0
724.0,8.238305794740516,0.0
725.0,8.242396099373114,0.0
726.0,8.252202132591563,0.0
727.0,8.24074074074074,0.0
728.0,8.233117483811286,0.0
729.0,8.265989378896329,0.0
730.0,8.252650991240202,0.0
731.0,8.239355581127732,0.0
732.0,8.24908088235294,0.0
733.0,8.235833906859371,0.0
734.0,8.24742268041237,0.0
735.0,8.239871824216067,0.0
736.0,8.23045267489712,0.0
737.0,8.262953663547137,0.0
738.0,8.268792710706151,0.0
739.0,8.259385665529011,0.0
740.0,8.268968650613358,0.0
741.0,8.278521206622818,0.0
742.0,8.267270668176671,0.0
743.0,8.257918552036198,0.0
744.0,8.252317431607507,0.0
745.0,8.26558265582656,0.0
746.0,8.256259869163095,0.0
747.0,8.269490761604326,0.0
748.0,8.260184559981994,0.0
749.0,8.273381294964029,0.0
750.0,8.265947888589398,0.0
751.0,8.292245629762439,0.0
752.0,8.296064400715563,0.0
753.0,8.279401919214461,0.0
754.0,8.262806236080177,0.0
755.0,8.248110271231658,0.0
756.0,8.259325044404973,0.0
757.0,8.274179236912156,0.0
758.0,8.287170396631952,0.0
759.0,8.283499446290143,0.0
760.0,8.279831746734558,0.0
761.0,8.274336283185841,0.0
762.0,8.26336721166593,0.0
763.0,8.272667107875579,0.0
764.0,8.265373594886489,0.0
765.0,8.259911894273127,0.0
766.0,8.272827282728274,0.0
767.0,8.265552868762367,0.0
768.0,8.25829123654733,0.0
769.0,8.252853380158033,0.0
770.0,8.243806182854637,0.0
771.0,8.231173380035026,0.0
772.0,8.28053310028403,0.0
773.0,8.269692341261182,0.0
774.0,8.280671170189583,0.0
775.0,8.28981723237598,0.0
776.0,8.293530178028659,0.0
777.0,8.311688311688311,0.0
778.0,8.304498269896193,0.0
779.0,8.318928262748488,0.0
780.0,8.308157099697885,0.0
781.0,8.297413793103448,0.0
782.0,8.32258064516129,0.0
783.0,8.336914482165879,0.0
784.0,8.329755259768142,0.0
785.0,8.319039451114923,0.0
786.0,8.327981160351102,0.0
787.0,8.310190130314036,0.0
788.0,8.338664960545959,0.0
789.0,8.365261813537675,0.0
790.0,8.356368275568785,0.0
791.0,8.349267049075843,0.0
792.0,8.335100742311772,0.0
793.0,8.36864406779661,0.0
794.0,8.365099534095723,0.0
795.0,8.35978835978836,0.0
796.0,8.352717276379785,0.0
797.0,8.342133051742344,0.0
798.0,8.32981864192324,0.0
799.0,8.336842105263157,0.0
800.0,8.357832843343132,0.0
801.0,8.368288590604028,0.0
802.0,8.36127409891031,0.0
803.0,8.350774382586856,0.0
804.0,8.389121338912133,0.0
805.0,8.383859502404349,0.0
806.0,8.394236792649822,0.0
807.0,8.378491037932472,0.0
808.0,8.366285119667014,0.0
809.0,8.369678089304257,0.0
810.0,8.374792703150911,0.0
811.0,8.379888268156424,0.0
812.0,8.388429752066116,0.0
813.0,8.38150289017341,0.0
814.0,8.362512873326468,0.0
815.0,8.34189439079515,0.0
816.0,8.36923076923077,0.0
817.0,8.360655737704919,0.0
818.0,8.35209825997953,0.0
819.0,8.338442673206622,0.0
820.0,8.35881753312946,0.0
821.0,8.363858363858363,0.0
822.0,8.348567946374162,0.0
823.0,8.336713995943205,0.0
824.0,8.32489366011748,0.0
825.0,8.33164812942366,0.0
826.0,8.365326328551223,0.0
827.0,8.37031060911658,0.0
828.0,8.37865055387714,0.0
829.0,8.3668543845535,0.0
830.0,8.376858175974288,0.0
831.0,8.400160384923817,0.0
832.0,8.381676335267054,0.0
833.0,8.359936153232242,0.0
834.0,8.359872611464967,0.0
835.0,8.341608738828203,0.0
836.0,8.323424494649228,0.0
837.0,8.310249307479225,0.0
838.0,8.338273068563524,0.0
839.0,8.331688055281344,0.0
840.0,8.321830013803984,0.0
841.0,8.331691944061454,0.0
842.0,8.325132847864595,0.0
843.0,8.338249754178957,0.0
844.0,8.351346040479465,0.0
845.0,8.344786962497546,0.0
846.0,8.33823817932117,0.0
847.0,8.348030570252792,0.0
848.0,8.36271053662358,0.0
849.0,8.356164383561644,0.0
850.0,8.36754643206256,0.0
851.0,8.37890625,0.0
852.0,8.390243902439025,0.0
853.0,8.401559454191034,0.0
854.0,8.417770849571317,0.0
855.0,8.416130917592051,0.0
856.0,8.450155763239875,0.0
857.0,8.464681844716871,0.0
858.0,8.459743290548424,0.0
859.0,8.453167508744656,0.0
860.0,8.443322981366459,0.0
861.0,8.433501357115162,0.0
862.0,8.46079380445305,0.0
863.0,8.457518869750338,0.0
864.0,8.457518869750338,0.0
865.0,8.45097660027074,0.0
866.0,8.46376811594203,0.0
867.0,8.479814564419549,0.0
868.0,8.478176902278872,0.0
869.0,8.473267708936499,0.0
870.0,8.505303760848602,0.0
871.0,8.50366370998843,0.0
872.0,8.498747350163809,0.0
873.0,8.492201039861353,0.0
874.0,8.50818094321463,0.0
875.0,8.506543494996151,0.0
876.0,8.50327048864948,0.0
877.0,8.501634929794191,0.0
878.0,8.498365698904056,0.0
879.0,8.514318662310206,0.0
880.0,8.51104707012488,0.0
881.0,8.526982907624351,0.0
882.0,8.525345622119817,0.0
883.0,8.523708965252448,0.0
884.0,8.522072936660269,0.0
885.0,8.51880276285495,0.0
886.0,8.51553509781358,0.0
887.0,8.51063829787234,0.0
888.0,8.524904214559387,0.0
889.0,8.520007658433851,0.0
890.0,8.553386911595867,0.0
891.0,8.551750526114406,0.0
892.0,8.550114766641164,0.0
893.0,8.548479632816983,0.0
894.0,8.545211240680558,0.0
895.0,8.541945346837378,0.0
896.0,8.554515944242887,0.0
897.0,8.55125023859515,0.0
898.0,8.547987025376838,0.0
899.0,8.562166285278414,0.0
900.0,8.558902020587114,0.0
901.0,8.555640243902438,0.0
902.0,8.550752237669016,0.0
903.0,8.544243577545195,0.0
904.0,8.53774481840654,0.0
905.0,8.529635258358663,0.0
906.0,8.523158694001518,0.0
907.0,8.516691957511382,0.0
908.0,8.511848341232227,0.0
909.0,8.546522645442487,0.0
910.0,8.543284713013827,0.0
911.0,8.540049233099792,0.0
912.0,8.536816202915011,0.0
913.0,8.530357480612825,0.0
914.0,8.523908523908524,0.0
915.0,8.517469310670442,0.0
916.0,8.50943396226415,0.0
917.0,8.499811534112325,0.0
918.0,8.495008476172536,0.0
919.0,8.491809452080586,0.0
920.0,8.487015430937147,0.0
921.0,8.485418626528693,0.0
922.0,8.483822422874342,0.0
923.0,8.497837939462304,0.0
924.0,8.49624060150376,0.0
925.0,8.49304772641864,0.0
926.0,8.489857250187828,0.0
927.0,8.485076027782993,0.0
928.0,8.48030018761726,0.0
929.0,8.492688413948256,0.0
930.0,8.487914558740865,0.0
931.0,8.50187265917603,0.0
932.0,8.517409210033696,0.0
933.0,8.517409210033696,0.0
934.0,8.514221556886227,0.0
935.0,8.509444548344867,0.0
936.0,8.499906594433028,0.0
937.0,8.490389998133981,0.0
938.0,8.49636668529905,0.0
939.0,8.524101991438675,0.0
940.0,8.52093023255814,0.0
941.0,8.517760833178352,0.0
942.0,8.509847640282423,0.0
943.0,8.542246982358403,0.0
944.0,8.540660972892685,0.0
945.0,8.537490720118782,0.0
946.0,8.527994067482387,0.0
947.0,8.537037037037038,0.0
948.0,8.53387634209552,0.0
949.0,8.5275619681835,0.0
950.0,8.521256931608132,0.0
951.0,8.51496121167344,0.0
952.0,8.508674787744555,0.0
953.0,8.522412838959601,0.0
954.0,8.534562211981566,0.0
955.0,8.52984524686809,0.0
956.0,8.523564064801178,0.0
957.0,8.51729212656365,0.0
958.0,8.530979959551388,0.0
959.0,8.527844146296637,0.0
960.0,8.523144746509919,0.0
961.0,8.5200146896805,0.0
962.0,8.516886930983848,0.0
963.0,8.515323912644522,0.0
964.0,8.528980190755686,0.0
965.0,8.525852585258525,0.0
966.0,8.522727272727272,0.0
967.0,8.537925980212533,0.0
968.0,8.53636197105697,0.0
969.0,8.534798534798535,0.0
970.0,8.534798534798535,0.0
971.0,8.534798534798535,0.0
972.0,8.534798534798535,0.0
973.0,8.533235671122505,0.0
974.0,8.53167337971439,0.0
975.0,8.53167337971439,0.0
976.0,8.528550512445095,0.0
977.0,8.526989935956083,0.0
978.0,8.525429930479326,0.0
979.0,8.519195612431444,0.0
980.0,8.509861212563916,0.0
981.0,8.520343003101624,0.0
982.0,8.530805687203792,0.0
983.0,8.527696793002915,0.0
984.0,8.54280510018215,0.0
985.0,8.557902403495994,0.0
986.0,8.554787040407717,0.0
987.0,8.547008547008547,0.0
988.0,8.542348237004726,0.0
989.0,8.533042846768337,0.0
990.0,8.54499274310595,0.0
991.0,8.535701341065604,0.0
992.0,8.529518290474465,0.0
993.0,8.541440463264568,0.0
994.0,8.535262206148282,0.0
995.0,8.522932466594439,0.0
996.0,8.512173128944996,0.0
997.0,8.553934810012606,0.0
998.0,8.549316054715622,0.0
999.0,8.544702284583558,0.0
1000.0,8.537023723939612,0.0
1001.0,8.545780969479354,0.0
1002.0,8.559124349542437,0.0
1003.0,8.5545193687231,0.0
1004.0,8.579616693533943,0.0
1005.0,8.591372829783426,0.0
1006.0,8.588298443370908,0.0
1007.0,8.598498391133356,0.0
1008.0,8.613295210864903,0.0
1009.0,8.611756298016795,0.0
1010.0,8.626540453652439,0.0
1011.0,8.623460096411355,0.0
1012.0,8.61576881912237,0.0
1013.0,8.60809124933167,0.0
1014.0,8.601959038290294,0.0
1015.0,8.597365610537558,0.0
1016.0,8.591248665955176,0.0
1017.0,8.58819345661451,0.0
1018.0,8.58819345661451,0.0
1019.0,8.586666666666666,0.0
1020.0,8.586666666666666,0.0
1021.0,8.583614714768082,0.0
1022.0,8.580564931604192,0.0
1023.0,8.577517314864144,0.0
1024.0,8.572949946751864,0.0
1025.0,8.58765081618169,0.0
1026.0,8.583082106756518,0.0
1027.0,8.599290780141844,0.0
1028.0,8.599290780141844,0.0
1029.0,8.597766353483426,0.0
1030.0,8.59471912103491,0.0
1031.0,8.591674047829938,0.0
1032.0,8.591674047829938,0.0
1033.0,8.588631131574287,0.0
1034.0,8.587110481586402,0.0
1035.0,8.584070796460178,0.0
1036.0,8.584070796460178,0.0
1037.0,8.601769911504425,0.0
1038.0,8.600247743762166,0.0
1039.0,8.598726114649681,0.0
1040.0,8.597205023881125,0.0
1041.0,8.595684471170854,0.0
1042.0,8.589607635206786,0.0
1043.0,8.583539385376191,0.0
1044.0,8.577479703494529,0.0
1045.0,8.589065255731922,0.0
1046.0,8.619777895293495,0.0
1047.0,8.635882974973564,0.0
1048.0,8.651982378854624,0.0
1049.0,8.647411060232477,0.0
1050.0,8.647411060232477,0.0
1051.0,8.647411060232477,0.0
1052.0,8.647411060232477,0.0
1053.0,8.644366197183098,0.0
1054.0,8.639802920992432,0.0
1055.0,8.635244460077383,0.0
1056.0,8.63069080682018,0.0
1057.0,8.624626734586334,0.0
1058.0,8.618571177812884,0.0
1059.0,8.631578947368421,0.0
1060.0,8.63006490089458,0.0
1061.0,8.627038400841663,0.0
1062.0,8.624014022787028,0.0
1063.0,8.620991764499736,0.0
1064.0,8.61797162375197,0.0
1065.0,8.61797162375197,0.0
1066.0,8.61646234676007,0.0
1067.0,8.614953598319033,0.0
1068.0,8.614953598319033,0.0
1069.0,8.61344537815126,0.0
1070.0,8.611937685979346,0.0
1071.0,8.610430521526077,0.0
1072.0,8.608923884514436,0.0
1073.0,8.6074177746676,0.0
1074.0,8.602902605350586,0.0
1075.0,8.617374584862786,0.0
1076.0,8.614363096278176,0.0
1077.0,8.612858141160027,0.0
1078.0,8.609849807893816,0.0
1079.0,8.605341246290802,0.0
1080.0,8.600837404047452,0.0
1081.0,8.596338273757627,0.0
1082.0,8.59483960948396,0.0
1083.0,8.606271777003483,0.0
1084.0,8.6032741205155,0.0
1085.0,8.600278551532034,0.0
1086.0,8.610193077056879,0.0
1087.0,8.6230876216968,0.0
1088.0,8.617095205003475,0.0
1089.0,8.615598401945459,0.0
1090.0,8.614102118791248,0.0
1091.0,8.61111111111111,0.0
1092.0,8.606628492104807,0.0
1093.0,8.600658921449627,0.0
1094.0,8.59767724042295,0.0
1095.0,8.593208593208592,0.0
1096.0,8.60308118400554,0.0
1097.0,8.600103824191036,0.0
1098.0,8.598615916955017,0.0
1099.0,8.595641646489103,0.0
1100.0,8.594155282725229,0.0
1101.0,8.592669432918395,0.0
1102.0,8.588214964575773,0.0
1103.0,8.604008293020042,0.0
1104.0,8.604008293020042,0.0
1105.0,8.619796165140786,0.0
1106.0,8.618307426597582,0.0
1107.0,8.615331491712707,0.0
1108.0,8.613844294838598,0.0
1109.0,8.612357611322057,0.0
1110.0,8.610871440897325,0.0
1111.0,8.610871440897325,0.0
1112.0,8.606416005519145,0.0
1113.0,8.606416005519145,0.0
1114.0,8.604931884807726,0.0
1115.0,8.600482592209582,0.0
1116.0,8.59603789836348,0.0
1117.0,8.591597796143251,0.0
1118.0,8.58568479008947,0.0
1119.0,8.57977991746905,0.0
1120.0,8.573883161512027,0.0
1121.0,8.569465911042418,0.0
1122.0,8.563583319032093,0.0
1123.0,8.594956253216674,0.0
1124.0,8.592008231864174,0.0
1125.0,8.609157948893843,0.0
1126.0,8.62482853223594,0.0
1127.0,8.623349905708897,0.0
1128.0,8.618917066483894,0.0
1129.0,8.613013698630137,0.0
1130.0,8.607118412046544,0.0
1131.0,8.621279507355457,0.0
1132.0,8.616857582492733,0.0
1133.0,8.61244019138756,0.0
1134.0,8.60802732707088,0.0
