"tick","Intervened % Global","Intervened % NL"
1.0,NaN,NaN
2.0,NaN,NaN
3.0,NaN,NaN
4.0,0.0,NaN
5.0,0.0,NaN
6.0,0.0,NaN
7.0,0.0,NaN
8.0,0.0,NaN
9.0,0.0,NaN
10.0,0.0,NaN
11.0,0.0,NaN
12.0,0.0,NaN
13.0,0.0,NaN
14.0,0.0,NaN
15.0,0.0,NaN
16.0,0.0,NaN
17.0,0.0,NaN
18.0,0.0,NaN
19.0,0.0,NaN
20.0,0.0,NaN
21.0,0.0,NaN
22.0,0.0,NaN
23.0,0.0,NaN
24.0,0.0,NaN
25.0,0.0,NaN
26.0,0.0,NaN
27.0,0.0,NaN
28.0,0.0,NaN
29.0,0.0,0.0
30.0,0.0,0.0
31.0,0.0,0.0
32.0,0.0,0.0
33.0,0.0,0.0
34.0,0.0,0.0
35.0,0.0,0.0
36.0,0.0,0.0
37.0,0.0,0.0
38.0,0.0,0.0
39.0,0.0,0.0
40.0,0.0,0.0
41.0,0.0,0.0
42.0,0.0,0.0
43.0,0.0,0.0
44.0,0.0,0.0
45.0,0.0,0.0
46.0,0.0,0.0
47.0,0.0,0.0
48.0,0.0,0.0
49.0,0.0,0.0
50.0,0.0,0.0
51.0,0.0,0.0
52.0,0.0,0.0
53.0,0.0,0.0
54.0,0.0,0.0
55.0,0.0,0.0
56.0,0.0,0.0
57.0,0.0,0.0
58.0,0.0,0.0
59.0,0.0,0.0
60.0,0.0,0.0
61.0,0.0,0.0
62.0,0.0,0.0
63.0,0.0,0.0
64.0,0.0,0.0
65.0,0.0,0.0
66.0,0.0,0.0
67.0,0.0,0.0
68.0,0.0,0.0
69.0,0.0,0.0
70.0,0.0,0.0
71.0,0.0,0.0
72.0,0.0,0.0
73.0,0.0,0.0
74.0,0.0,0.0
75.0,0.0,0.0
76.0,0.0,0.0
77.0,0.0,0.0
78.0,0.0,0.0
79.0,0.0,0.0
80.0,0.0,0.0
81.0,0.0,0.0
82.0,0.0,0.0
83.0,0.0,0.0
84.0,0.0,0.0
85.0,0.0,0.0
86.0,0.0,0.0
87.0,0.0,0.0
88.0,0.0,0.0
89.0,0.0,0.0
90.0,0.0,0.0
91.0,0.0,0.0
92.0,0.0,0.0
93.0,0.0,0.0
94.0,0.0,0.0
95.0,0.0,0.0
96.0,0.0,0.0
97.0,0.0,0.0
98.0,0.0,0.0
99.0,0.0,0.0
100.0,0.0,0.0
101.0,0.0,0.0
102.0,0.0,0.0
103.0,0.0,0.0
104.0,0.0,0.0
105.0,0.0,0.0
106.0,0.0,0.0
107.0,0.2358490566037736,0.0
108.0,0.23148148148148145,0.0
109.0,0.22624434389140274,0.0
110.0,0.2222222222222222,0.0
111.0,0.21929824561403508,0.0
112.0,0.21645021645021645,0.0
113.0,0.42643923240938164,0.0
114.0,0.42105263157894735,0.0
115.0,0.41928721174004197,0.0
116.0,0.4158004158004158,0.0
117.0,0.4140786749482402,0.0
118.0,0.411522633744856,0.0
119.0,0.41067761806981523,0.0
120.0,0.408997955010225,0.0
121.0,0.40733197556008144,0.0
122.0,0.4032258064516129,0.0
123.0,0.39920159680638717,0.0
124.0,0.3968253968253968,0.0
125.0,0.3952569169960474,0.0
126.0,0.3913894324853229,0.0
127.0,0.5791505791505791,0.0
128.0,0.5714285714285714,0.0
129.0,0.5649717514124294,0.0
130.0,0.5597014925373134,0.0
131.0,0.9208103130755065,0.0
132.0,0.9124087591240875,0.0
133.0,0.9041591320072333,0.0
134.0,0.8944543828264758,0.0
135.0,0.88339222614841,0.0
136.0,0.8726003490401396,0.0
137.0,0.8635578583765112,0.0
138.0,0.8576329331046313,0.0
139.0,0.8517887563884157,0.0
140.0,0.8445945945945946,0.0
141.0,0.8389261744966443,0.0
142.0,0.8305647840531563,0.0
143.0,0.8237232289950577,0.0
144.0,0.8169934640522877,0.0
145.0,0.8103727714748784,0.0
146.0,0.8051529790660225,0.0
147.0,0.7987220447284344,0.0
148.0,0.9508716323296356,0.0
149.0,0.9463722397476341,0.0
150.0,0.9389671361502347,0.0
151.0,0.9259259259259258,0.0
152.0,0.9174311926605505,0.0
153.0,0.911854103343465,0.0
154.0,0.906344410876133,0.0
155.0,1.0510510510510511,0.0
156.0,1.046337817638266,0.0
157.0,1.0432190760059614,0.0
158.0,1.0416666666666665,0.0
159.0,1.0385756676557862,0.0
160.0,1.03397341211226,0.0
161.0,1.0294117647058822,0.0
162.0,1.023391812865497,0.0
163.0,1.1611030478955007,0.0
164.0,1.1560693641618496,0.0
165.0,1.2893982808022924,0.0
166.0,1.278409090909091,0.0
167.0,1.2693935119887165,0.0
168.0,1.5341701534170153,0.0
169.0,1.5214384508990317,0.0
170.0,1.5006821282401093,0.0
171.0,1.6150740242261103,0.0
172.0,1.5978695073235687,0.0
173.0,1.5810276679841897,0.0
174.0,1.5625,0.0
175.0,1.5444015444015444,0.0
176.0,1.5286624203821657,0.0
177.0,1.5113350125944585,0.0
178.0,1.4851485148514851,0.0
179.0,1.4687882496940026,0.0
180.0,1.570048309178744,0.0
181.0,1.6706443914081146,0.0
182.0,1.7688679245283019,0.0
183.0,1.7584994138335288,0.0
184.0,1.7482517482517483,0.0
185.0,1.7321016166281753,0.0
186.0,1.7201834862385321,0.0
187.0,1.7064846416382253,0.0
188.0,1.694915254237288,0.0
189.0,1.687289088863892,0.0
190.0,1.6797312430011198,0.0
191.0,1.6722408026755853,0.0
192.0,1.6611295681063125,0.0
193.0,1.6483516483516485,0.0
194.0,1.632208922742111,0.0
195.0,1.607717041800643,0.0
196.0,1.5889830508474576,0.0
197.0,1.6736401673640167,0.0
198.0,1.6666666666666667,0.0
199.0,1.6563146997929608,0.0
200.0,1.644398766700925,0.0
201.0,1.7346938775510203,0.0
202.0,1.82370820668693,0.0
203.0,1.812688821752266,0.0
204.0,1.898101898101898,0.0
205.0,1.9880715705765408,0.0
206.0,1.9821605550049552,0.0
207.0,1.9723865877712032,0.0
208.0,1.9646365422396856,0.0
209.0,1.9550342130987293,0.0
210.0,1.939864209505335,0.0
211.0,1.9249278152069296,0.0
212.0,2.005730659025788,0.0
213.0,2.0872865275142316,0.0
214.0,2.0754716981132075,0.0
215.0,2.0599250936329585,0.0
216.0,2.0446096654275094,0.0
217.0,2.127659574468085,0.0
218.0,2.1159153633854646,0.0
219.0,2.0985401459854014,0.0
220.0,2.171945701357466,0.0
221.0,2.244165170556553,0.0
222.0,2.226179875333927,0.0
223.0,2.290748898678414,0.0
224.0,2.276707530647986,0.0
225.0,2.264808362369338,0.0
226.0,2.256944444444444,0.0
227.0,2.239448751076658,0.0
228.0,2.309666381522669,0.0
229.0,2.4534686971235193,0.0
230.0,2.525252525252525,0.0
231.0,2.5167785234899327,0.0
232.0,2.591973244147157,0.0
233.0,2.666666666666667,0.0
234.0,2.6556016597510372,0.0
235.0,2.6380873866446826,0.0
236.0,2.620802620802621,0.0
237.0,2.6016260162601625,0.0
238.0,2.5785656728444803,0.0
239.0,2.5538707102952913,0.0
240.0,2.6004728132387704,0.0
241.0,2.734375,0.0
242.0,2.7216174183514776,0.0
243.0,2.8549382716049383,0.0
244.0,2.9118773946360155,0.0
245.0,2.885345482156416,0.0
246.0,2.8636021100226077,0.0
247.0,2.8400597907324365,0.0
248.0,2.8189910979228485,0.0
249.0,2.8044280442804426,0.0
250.0,2.8634361233480177,0.0
251.0,2.852962692026335,0.0
252.0,2.917578409919767,0.0
253.0,2.9774872912127814,0.0
254.0,2.9645697758496024,0.0
255.0,3.0215827338129495,0.0
256.0,3.010752688172043,0.0
257.0,3.0021443888491777,0.0
258.0,2.987197724039829,0.0
259.0,2.9681978798586575,0.0
260.0,2.9535864978902953,0.0
261.0,2.941176470588235,0.0
262.0,2.930914166085136,0.0
263.0,2.992345163535143,0.0
264.0,2.9819694868238558,0.0
265.0,2.9675638371290542,0.0
266.0,3.090659340659341,0.0
267.0,3.0821917808219177,0.0
268.0,3.0737704918032787,0.0
269.0,3.054989816700611,0.0
270.0,3.038487508440243,0.0
271.0,3.0181086519114686,0.0
272.0,2.9940119760479043,0.0
273.0,2.966381015161503,0.0
274.0,3.0104712041884816,0.0
275.0,2.996742671009772,0.0
276.0,2.9850746268656714,0.0
277.0,3.032258064516129,0.0
278.0,3.0147530468248878,0.0
279.0,2.9974489795918364,0.0
280.0,2.9803424223208625,0.0
281.0,3.0303030303030303,0.0
282.0,3.005635566687539,0.0
283.0,2.97951582867784,0.0
284.0,3.020961775585697,0.0
285.0,3.0098280098280097,0.0
286.0,2.998776009791922,0.0
287.0,2.9859841560024374,0.0
288.0,3.033980582524272,0.0
289.0,3.0229746070133015,0.0
290.0,3.072289156626506,0.0
291.0,3.063063063063063,0.0
292.0,3.1119090365050868,0.0
293.0,3.1044776119402986,0.0
294.0,3.093396787626413,0.0
295.0,3.143534994068802,0.0
296.0,3.1360946745562135,0.0
297.0,3.1323877068557917,0.0
298.0,3.1268436578171093,0.0
299.0,3.1176470588235294,0.0
300.0,3.1066822977725677,0.0
301.0,3.0867792661619107,0.0
302.0,3.125,0.0
303.0,3.110599078341014,0.0
304.0,3.155479059093517,0.0
305.0,3.198172472872644,0.0
306.0,3.1854379977246867,0.0
307.0,3.231292517006803,0.0
308.0,3.2203389830508473,0.0
309.0,3.2058492688413947,0.0
310.0,3.1843575418994416,0.0
311.0,3.211517165005537,0.0
312.0,3.2435404068169325,0.0
313.0,3.232876712328767,0.0
314.0,3.2152588555858315,0.0
315.0,3.2047800108636606,0.0
316.0,3.1943692474282623,0.0
317.0,3.1788793103448274,0.0
318.0,3.156768325307651,0.0
319.0,3.1433137986148108,0.0
320.0,3.1813361611876987,0.0
321.0,3.16288877174486,0.0
322.0,3.1430068098480883,0.0
323.0,3.229166666666667,0.0
324.0,3.210771620921802,0.0
325.0,3.244078269824923,0.0
326.0,3.3282130056323607,0.0
327.0,3.314635390107088,0.0
328.0,3.2978183663115166,0.0
329.0,3.326612903225806,0.0
330.0,3.3617661816357254,0.0
331.0,3.35,0.0
332.0,3.336653386454183,0.0
333.0,3.3184744923229323,0.0
334.0,3.3973412112259975,0.0
335.0,3.3806957373836357,0.0
336.0,3.349514563106796,0.0
337.0,3.368623676612127,0.0
338.0,3.3955045432807274,0.0
339.0,3.380952380952381,0.0
340.0,3.3633349123638085,0.0
341.0,3.352219074598678,0.0
342.0,3.3348990136214187,0.0
343.0,3.3270852858481725,0.0
344.0,3.31002331002331,0.0
345.0,3.293135435992579,0.0
346.0,3.2779316712834716,0.0
347.0,3.262867647058824,0.0
348.0,3.2509157509157514,0.0
349.0,3.234624145785877,0.0
350.0,3.2199546485260773,0.0
351.0,3.209764918625678,0.0
352.0,3.283850652271705,0.0
353.0,3.2764811490125676,0.0
354.0,3.261840929401251,0.0
355.0,3.291814946619217,0.0
356.0,3.2757857459052677,0.0
357.0,3.2599118942731278,0.0
358.0,3.2413491020586944,0.0
359.0,3.2272132577409502,0.0
360.0,3.256621797655232,0.0
361.0,3.2439446366782003,0.0
362.0,3.273040482342808,0.0
363.0,3.260403260403261,0.0
364.0,3.2478632478632483,0.0
365.0,3.2354193273733505,0.0
366.0,3.2230703986429172,0.0
367.0,3.2121724429416734,0.0
368.0,3.204047217537943,0.0
369.0,3.1919361612767747,0.0
370.0,3.1812473838426123,0.0
371.0,3.16930775646372,0.0
372.0,3.158769742310889,0.0
373.0,3.150912106135987,0.0
374.0,3.1391986782321357,0.0
375.0,3.1726411207251752,0.0
376.0,3.1609195402298855,0.0
377.0,3.2310838445807772,0.0
378.0,3.2218597063621535,0.0
379.0,3.2139951179820994,0.0
380.0,3.290008123476848,0.0
381.0,3.2806804374240586,0.0
382.0,3.2753740396279825,0.0
383.0,3.3117932148626816,0.0
384.0,3.342730567861458,0.0
385.0,3.3360128617363345,0.0
386.0,3.3293221018852783,0.0
387.0,3.3279871692060947,0.0
388.0,3.3266533066132267,0.0
389.0,3.322658126501201,0.0
390.0,3.3146964856230032,0.0
391.0,3.3107299561228563,0.0
392.0,3.3094098883572567,0.0
393.0,3.300198807157058,0.0
394.0,3.2884310618066563,0.0
395.0,3.276746940386893,0.0
396.0,3.2587357675696897,0.0
397.0,3.2434544744040643,0.0
398.0,3.2283158304161805,0.0
399.0,3.218301667312912,0.0
400.0,3.2133178474641886,0.0
401.0,3.208349439505218,0.0
402.0,3.2033963720571204,0.0
403.0,3.193535975375144,0.0
404.0,3.1812955155231886,0.0
405.0,3.1715705005731754,0.0
406.0,3.2,0.0
407.0,3.1963470319634704,0.0
408.0,3.192702394526796,0.0
409.0,3.1914893617021276,0.0
410.0,3.189066059225513,0.0
411.0,3.1878557874762805,0.0
412.0,3.2245827010622152,0.0
413.0,3.2245827010622152,0.0
414.0,3.2245827010622152,0.0
415.0,3.2245827010622152,0.0
416.0,3.2245827010622152,0.0
417.0,3.2245827010622152,0.0
418.0,3.223359878649981,0.0
419.0,3.222137983320698,0.0
420.0,3.220917014020462,0.0
421.0,3.218477849299508,0.0
422.0,3.217259651778955,0.0
423.0,3.216042376087779,0.0
424.0,3.2148260211800306,0.0
425.0,3.2489610880241786,0.0
426.0,3.2489610880241786,0.0
427.0,3.2477341389728096,0.0
428.0,3.2452830188679247,0.0
429.0,3.2416132679984924,0.0
430.0,3.2379518072289155,0.0
431.0,3.235515425131678,0.0
432.0,3.231867718902668,0.0
433.0,3.2282282282282284,0.0
434.0,3.227016885553471,0.0
435.0,3.225806451612903,0.0
436.0,3.2245969253843274,0.0
437.0,3.2221805919820157,0.0
438.0,3.2209737827715355,0.0
439.0,3.219767877199551,0.0
440.0,3.219767877199551,0.0
441.0,3.218562874251497,0.0
442.0,3.2161555721765147,0.0
443.0,3.2137518684603883,0.0
444.0,3.2113517550410755,0.0
445.0,3.2101530421799183,0.0
446.0,3.206562266964952,0.0
447.0,3.23781168589505,0.0
448.0,3.2366071428571432,0.0
449.0,3.2342007434944238,0.0
450.0,3.229398663697105,0.0
451.0,3.2234160800296405,0.0
452.0,3.218645948945616,0.0
453.0,3.2150776053215075,0.0
454.0,3.248431155407899,0.0
455.0,3.247232472324723,0.0
456.0,3.2448377581120944,0.0
457.0,3.243641725027645,0.0
458.0,3.2424465733235075,0.0
459.0,3.241252302025783,0.0
460.0,3.2756716967243285,0.0
461.0,3.272058823529412,0.0
462.0,3.2684539111274327,0.0
463.0,3.2648569332355097,0.0
464.0,3.261267863686332,0.0
465.0,3.2600732600732605,0.0
466.0,3.256494694474936,0.0
467.0,3.252923976608187,0.0
468.0,3.2505478451424397,0.0
469.0,3.249361080686382,0.0
470.0,3.2481751824817517,0.0
471.0,3.2469901495804447,0.0
472.0,3.2434402332361514,0.0
473.0,3.2398980706224974,0.0
474.0,3.2363636363636363,0.0
475.0,3.2351872046528536,0.0
476.0,3.231663035584604,0.0
477.0,3.264417845484222,0.0
478.0,3.2632342277012323,0.0
479.0,3.259688518652662,0.0
480.0,3.25497287522604,0.0
481.0,3.251445086705202,0.0
482.0,3.2467532467532463,0.0
483.0,3.2420749279538903,0.0
484.0,3.2733812949640293,0.0
485.0,3.272204243078029,0.0
486.0,3.269852676967301,0.0
487.0,3.265159669895946,0.0
488.0,3.2616487455197127,0.0
489.0,3.2569792412312095,0.0
490.0,3.2915921288014314,0.0
491.0,3.2892384697890598,0.0
492.0,3.2857142857142856,0.0
493.0,3.283369022127052,0.0
494.0,3.2810271041369474,0.0
495.0,3.278688524590164,0.0
496.0,3.2740213523131674,0.0
497.0,3.268206039076377,0.0
498.0,3.2624113475177303,0.0
499.0,3.2577903682719547,0.0
500.0,3.2885431400282883,0.0
501.0,3.283898305084746,0.0
502.0,3.28042328042328,0.0
503.0,3.2781106802960878,0.0
504.0,3.275801338499472,0.0
505.0,3.2734952481520594,0.0
506.0,3.306366514245515,0.0
507.0,3.304042179261863,0.0
508.0,3.301721109940288,0.0
509.0,3.300561797752809,0.0
510.0,3.2994032994032993,0.0
511.0,3.2947774272695405,0.0
512.0,3.2890132960111966,0.0
513.0,3.2832692979392246,0.0
514.0,3.276402927849425,0.0
515.0,3.2707028531663185,0.0
516.0,3.265022577283779,0.0
517.0,3.2638888888888893,0.0
518.0,3.260492542490461,0.0
519.0,3.255975060616557,0.0
520.0,3.2525951557093427,0.0
521.0,3.2871972318339098,0.0
522.0,3.2849239280774554,0.0
523.0,3.2803867403314917,0.0
524.0,3.2758620689655173,0.0
525.0,3.2702237521514634,0.0
526.0,3.264604810996564,0.0
527.0,3.260123541523679,0.0
528.0,3.2556545579163814,0.0
529.0,3.3173734610123122,0.0
530.0,3.315105946684894,0.0
531.0,3.312841530054645,0.0
532.0,3.3105802047781565,0.0
533.0,3.3071939993181045,0.0
534.0,3.3049403747870527,0.0
535.0,3.3004423273222185,0.0
536.0,3.2959565069656813,0.0
537.0,3.2937181663837007,0.0
538.0,3.2892505934214986,0.0
539.0,3.284795123603115,0.0
540.0,3.3152909336941816,0.0
541.0,3.314169766655394,0.0
542.0,3.3457249070631967,0.0
543.0,3.3457249070631967,0.0
544.0,3.3445945945945943,0.0
545.0,3.343465045592705,0.0
546.0,3.341208234897064,0.0
547.0,3.338954468802698,0.0
548.0,3.337828725556305,0.0
549.0,3.3692722371967654,0.0
550.0,3.3692722371967654,0.0
551.0,3.3692722371967654,0.0
552.0,3.3681374200067364,0.0
553.0,3.399528778189162,0.0
554.0,3.398384925975774,0.0
555.0,3.3949579831932772,0.0
556.0,3.393817204301075,0.0
557.0,3.4262680550890154,0.0
558.0,3.4251175285426463,0.0
559.0,3.422818791946309,0.0
560.0,3.420523138832998,0.0
561.0,3.4170854271356785,0.0
562.0,3.4125125460020076,0.0
563.0,3.406813627254509,0.0
564.0,3.4356237491661106,0.0
565.0,3.465511496167944,0.0
566.0,3.4608985024958407,0.0
567.0,3.456297773346627,0.0
568.0,3.48605577689243,0.0
569.0,3.482587064676617,0.0
570.0,3.4814323607427053,0.0
571.0,3.47682119205298,0.0
572.0,3.4722222222222223,0.0
573.0,3.468780971258672,0.0
574.0,3.4642032332563506,0.0
575.0,3.459637561779242,0.0
576.0,3.4562211981566824,0.0
577.0,3.449408672798949,0.0
578.0,3.44375204985241,0.0
579.0,3.436988543371522,0.0
580.0,3.4302515517804637,0.0
581.0,3.422425032594524,0.0
582.0,3.414634146341464,0.0
583.0,3.406878650227125,0.0
584.0,3.3991583036581416,0.0
585.0,3.391472868217054,0.0
586.0,3.4149484536082473,0.0
587.0,3.441621100032165,0.0
588.0,3.4715525554484086,0.0
589.0,3.470437017994859,0.0
590.0,3.4682080924855487,0.0
591.0,3.465982028241335,0.0
592.0,3.4648700673724733,0.0
593.0,3.4626482847066367,0.0
594.0,3.4571062740076828,0.0
595.0,3.45378957467221,0.0
596.0,3.4824281150159746,0.0
597.0,3.4779834077855774,0.0
598.0,3.475765306122449,0.0
599.0,3.4702324100604907,0.0
600.0,3.4680241807190577,0.0
601.0,3.462515883100381,0.0
602.0,3.457025055502696,0.0
603.0,3.4504590060145612,0.0
604.0,3.47661188369153,0.0
605.0,3.504894221660878,0.0
606.0,3.501577287066246,0.0
607.0,3.5297825401827922,0.0
608.0,3.5297825401827922,0.0
609.0,3.523120478137779,0.0
610.0,3.5164835164835164,0.0
611.0,3.5412096521466623,0.0
612.0,3.534563653425086,0.0
613.0,3.5279425538557603,0.0
614.0,3.5213462137737612,0.0
615.0,3.513681592039801,0.0
616.0,3.5082272586153365,0.0
617.0,3.5027898326100435,0.0
618.0,3.5283194057567315,0.0
619.0,3.5570677389421586,0.0
620.0,3.5559678416821274,0.0
621.0,3.553770086526576,0.0
622.0,3.580246913580247,0.0
623.0,3.5758323057953145,0.0
624.0,3.572528487834924,0.0
625.0,3.598892648415872,0.0
626.0,3.5944700460829497,0.0
627.0,3.591160220994475,0.0
628.0,3.5867565910484367,0.0
629.0,3.5845588235294117,0.0
630.0,3.6118763391490663,0.0
631.0,3.607459492509936,0.0
632.0,3.6346976175931585,0.0
633.0,3.6313701556301496,0.0
634.0,3.6291552302531263,0.0
635.0,3.624733475479744,0.0
636.0,3.619221411192214,0.0
637.0,3.6170212765957444,0.0
638.0,3.6159222120935883,0.0
639.0,3.640776699029126,0.0
640.0,3.6341611144760746,0.0
641.0,3.660012099213551,0.0
642.0,3.6566938652160776,0.0
643.0,3.6489746682750304,0.0
644.0,3.642384105960265,0.0
645.0,3.6369101292455666,0.0
646.0,3.659268146370726,0.0
647.0,3.67822966507177,0.0
648.0,3.670546105640107,0.0
649.0,3.66507747318236,0.0
650.0,3.6585365853658534,0.0
651.0,3.6541889483065955,0.0
652.0,3.6487689113022843,0.0
653.0,3.6433649289099526,0.0
654.0,3.664302600472813,0.0
655.0,3.6556603773584904,0.0
656.0,3.6775522212415415,0.0
657.0,3.701527614571093,0.0
658.0,3.6982682712063397,0.0
659.0,3.6939313984168867,0.0
660.0,3.685288095934484,0.0
661.0,3.6766851473592066,0.0
662.0,3.695082921152167,0.0
663.0,3.7166085946573753,0.0
664.0,3.7079953650057935,0.0
665.0,3.7294015611448397,0.0
666.0,3.7250938492636445,0.0
667.0,3.7165082108902334,0.0
668.0,3.710094909404659,0.0
669.0,3.7026406429391505,0.0
670.0,3.696275071633238,0.0
671.0,3.689931350114416,0.0
672.0,3.6846615252784916,0.0
673.0,3.6804564907275323,0.0
674.0,3.673120728929385,0.0
675.0,3.6668561682774303,0.0
676.0,3.6606129398410894,0.0
677.0,3.6564625850340136,0.0
678.0,3.6775106082036775,0.0
679.0,3.671279299632872,0.0
680.0,3.6671368124118473,0.0
681.0,3.6619718309859155,0.0
682.0,3.657850309510411,0.0
683.0,3.6506599269868016,0.0
684.0,3.6434977578475336,0.0
685.0,3.638399104394067,0.0
686.0,3.63433044450657,0.0
687.0,3.6592178770949726,0.0
688.0,3.655133928571429,0.0
689.0,3.650041794371691,0.0
690.0,3.646993318485523,0.0
691.0,3.69752571587434,0.0
692.0,3.7232564601278133,0.0
693.0,3.722222222222222,0.0
694.0,3.718091009988901,0.0
695.0,3.7129398725408698,0.0
696.0,3.708829227788541,0.0
697.0,3.7037037037037033,0.0
698.0,3.69757174392936,0.0
699.0,3.6894273127753308,0.0
700.0,3.684355237833379,0.0
701.0,3.7331869338457313,0.0
702.0,3.7280701754385963,0.0
703.0,3.7199124726477026,0.0
704.0,3.7087537496591216,0.0
705.0,3.6986673918955675,0.0
706.0,3.688635747219962,0.0
707.0,3.709721093961549,0.0
708.0,3.7327562888828782,0.0
709.0,3.7547271745002697,0.0
710.0,3.7496628001079038,0.0
711.0,3.771551724137931,0.0
712.0,3.768506056527591,0.0
713.0,3.764452809895133,0.0
714.0,3.7583892617449663,0.0
715.0,3.751339764201501,0.0
716.0,3.7463205780037465,0.0
717.0,3.742314889067094,0.0
718.0,3.766025641025641,0.0
719.0,3.761002934115764,0.0
720.0,3.754993342210386,0.0
721.0,3.7480063795853265,0.0
722.0,3.743031590124768,0.0
723.0,3.739061256961018,0.0
724.0,3.734110169491525,0.0
725.0,3.7301587301587302,0.0
726.0,3.7272006344171293,0.0
727.0,3.724247226624406,0.0
728.0,3.7203166226912927,0.0
729.0,3.7163943068002108,0.0
730.0,3.7115030271123977,0.0
731.0,3.732912723449001,0.0
732.0,3.7289915966386555,0.0
733.0,3.726056153240619,0.0
734.0,3.7201991092481004,0.0
735.0,3.7143604499084484,0.0
736.0,3.709508881922675,0.0
737.0,3.7307591964518654,0.0
738.0,3.7519541427826995,0.0
739.0,3.7460978147762747,0.0
740.0,3.74025974025974,0.0
741.0,3.7344398340248963,0.0
742.0,3.724780134505949,0.0
743.0,3.740005158627805,0.0
744.0,3.755144032921811,0.0
745.0,3.748395378690629,0.0
746.0,3.7464716448550166,0.0
747.0,3.76826454755191,0.0
748.0,3.765368852459016,0.0
749.0,3.7615148413510746,0.0
750.0,3.7557485947879408,0.0
751.0,3.7480877103518613,0.0
752.0,3.7414100279969458,0.0
753.0,3.7357052096569245,0.0
754.0,3.754439370877727,0.0
755.0,3.747784249177007,0.0
756.0,3.763576660772922,0.0
757.0,3.7840565085771947,0.0
758.0,3.7821482602118004,0.0
759.0,3.777386048854193,0.0
760.0,3.7726358148893357,0.0
761.0,3.7930168299422258,0.0
762.0,3.8143036386449185,0.0
763.0,3.8345864661654137,0.0
764.0,3.831705484598046,0.0
765.0,3.8278709031773825,0.0
766.0,3.824043989002749,0.0
767.0,3.8183179435987022,0.0
768.0,3.8135593220338984,0.0
769.0,3.8050236259636905,0.0
770.0,3.84519970230712,0.0
771.0,3.863298662704309,0.0
772.0,3.8832550086569375,0.0
773.0,3.8775006174364037,0.0
774.0,3.8765432098765427,0.0
775.0,3.87367382186035,0.0
776.0,3.8689009364218827,0.0
777.0,3.8622386223862235,0.0
778.0,3.856546303119627,0.0
779.0,3.8753985773853326,0.0
780.0,3.864025434091465,0.0
781.0,3.8545986826055136,0.0
782.0,3.8452178145534193,0.0
783.0,3.8377459315035223,0.0
784.0,3.8554801163918526,0.0
785.0,3.8470844422937334,0.0
786.0,3.841507610533945,0.0
787.0,3.8359469240048254,0.0
788.0,3.8276360134809817,0.0
789.0,3.823034383265208,0.0
790.0,3.886756238003839,0.0
791.0,3.883029721955897,0.0
792.0,3.8783816135982767,0.0
793.0,3.8728185512789866,0.0
794.0,3.8681948424068766,0.0
795.0,3.863582160744097,0.0
796.0,3.88002856462747,0.0
797.0,3.9192399049881232,0.0
798.0,3.9136622390891844,0.0
799.0,3.90625,0.0
800.0,3.8997872843299453,0.0
801.0,3.9178664149162143,0.0
802.0,3.9132484677039137,0.0
803.0,3.904963537991061,0.0
804.0,3.897628551303123,0.0
805.0,3.8884984773951747,0.0
806.0,3.8830409356725144,0.0
807.0,3.8739789964994165,0.0
808.0,3.88552815262913,0.0
809.0,3.900626886463896,0.0
810.0,3.8942976356050067,0.0
811.0,3.8843930635838153,0.0
812.0,3.875432525951557,0.0
813.0,3.916148352914075,0.0
814.0,3.9319383766383074,0.0
815.0,3.9283252929014476,0.0
816.0,3.945859142005047,0.0
817.0,3.943145346171481,0.0
818.0,3.940435280641466,0.0
819.0,3.9359267734553773,0.0
820.0,3.9296321681517017,0.0
821.0,3.922462941847207,0.0
822.0,3.9389799635701275,0.0
823.0,3.9353958143767063,0.0
824.0,3.977272727272727,0.0
825.0,3.9736603088101723,0.0
826.0,3.9718565592374038,0.0
827.0,3.9709552983889265,0.0
828.0,3.968253968253968,0.0
829.0,3.964657906660625,0.0
830.0,3.960171984611903,0.0
831.0,3.954802259887006,0.0
832.0,3.949447077409163,0.0
833.0,3.9441063781834576,0.0
834.0,3.959505061867267,0.0
835.0,3.9532794249775383,0.0
836.0,3.9470733348284366,0.0
837.0,3.9408866995073892,0.0
838.0,3.933839964237819,0.0
839.0,3.927694711002008,0.0
840.0,3.924191750278707,0.0
841.0,3.9180765805877114,0.0
842.0,3.911111111111111,0.0
843.0,3.9263531499556343,0.0
844.0,3.944161311766009,0.0
845.0,3.940668585344255,0.0
846.0,3.9566755083996465,0.0
847.0,3.953180212014135,0.0
848.0,3.993821712268314,0.0
849.0,3.993821712268314,0.0
850.0,3.992059991177768,0.0
851.0,3.9885412075804316,0.0
852.0,3.9841514417785606,0.0
853.0,3.9797713280562883,0.0
854.0,3.9929793769197017,0.0
855.0,4.0078843626806835,0.0
856.0,4.002624671916011,0.0
857.0,3.9956331877729254,0.0
858.0,3.988666085440279,0.0
859.0,4.004352557127312,0.0
860.0,4.000869754294412,0.0
861.0,3.997393004562242,0.0
862.0,3.992189195053157,0.0
863.0,3.987863025574339,0.0
864.0,4.003462454014282,0.0
865.0,3.996543529920069,0.0
866.0,3.988788270806382,0.0
867.0,3.980206540447504,0.0
868.0,3.9742212674543502,0.0
869.0,4.011154011154011,0.0
870.0,4.005998286203942,0.0
871.0,4.000855798031664,0.0
872.0,3.9965804659115194,0.0
873.0,3.9906103286384975,0.0
874.0,3.98635685354935,0.0
875.0,3.9812646370023423,0.0
876.0,3.9728064584661147,0.0
877.0,3.9660657476139978,0.0
878.0,3.958509737510584,0.0
879.0,3.970432946145723,0.0
880.0,3.963736032047228,0.0
881.0,3.95706167122711,0.0
882.0,3.949579831932773,0.0
883.0,3.9437801552338994,0.0
884.0,3.9355243876910198,0.0
885.0,3.928123694107814,0.0
886.0,3.9223868141039016,0.0
887.0,3.9150354019158686,0.0
888.0,3.906899418121363,0.0
889.0,3.8996058908940054,0.0
890.0,3.9337474120082816,0.0
891.0,3.928866832092639,0.0
892.0,3.9661227019210905,0.0
893.0,3.963666391412056,0.0
894.0,3.959579294699938,0.0
895.0,3.9538714991762767,0.0
896.0,3.9695598519127935,0.0
897.0,3.9646672144617914,0.0
898.0,3.9597866228970044,0.0
899.0,3.9549180327868854,0.0
900.0,3.9672801635991823,0.0
901.0,3.978779840848806,0.0
902.0,3.9918533604887987,0.0
903.0,4.003251371672424,0.0
904.0,3.9943227899432276,0.0
905.0,4.007285974499089,0.0
906.0,4.020202020202021,0.0
907.0,4.016145307769929,0.0
908.0,4.010479645304313,0.0
909.0,4.004024144869215,0.0
910.0,4.0,0.0
911.0,3.9951816904236095,0.0
912.0,4.007212983370066,0.0
913.0,4.0,0.0
914.0,3.9904229848363926,0.0
915.0,3.9808917197452227,0.0
916.0,3.9920556107249254,0.0
917.0,3.986513288377628,0.0
918.0,3.9809863339275102,0.0
919.0,3.9976251731644568,0.0
920.0,3.992094861660079,0.0
921.0,4.007106198183972,0.0
922.0,4.003944773175543,0.0
923.0,3.9984242662989957,0.0
924.0,3.9897798742138364,0.0
925.0,3.984298331697743,0.0
926.0,3.9984319874559,0.0
927.0,3.9937353171495693,0.0
928.0,4.008603832616347,0.0
929.0,4.0062536642564,0.0
930.0,4.002342834830144,0.0
931.0,3.997659906396256,0.0
932.0,3.9914330218068534,0.0
933.0,4.007002528690916,0.0
934.0,4.001554001554002,0.0
935.0,3.9945704867170835,0.0
936.0,3.9883833494675702,0.0
937.0,3.999227202472952,0.0
938.0,3.991515618974161,0.0
939.0,3.984600577478344,0.0
940.0,3.9961575408261285,0.0
941.0,3.99002493765586,0.0
942.0,3.983911128136372,0.0
943.0,3.9770554493307837,0.0
944.0,3.969465648854962,0.0
945.0,3.981710802057535,0.0
946.0,3.993154592127781,0.0
947.0,3.987846562856058,0.0
948.0,3.9810426540284363,0.0
949.0,3.9727582292849033,0.0
950.0,3.9645082121955824,0.0
951.0,3.954802259887006,0.0
952.0,3.9466265739522646,0.0
953.0,3.937007874015748,0.0
954.0,3.9490922702601536,0.0
955.0,3.944662553748364,0.0
956.0,3.9365671641791042,0.0
957.0,3.9292364990689013,0.0
958.0,3.940520446096654,0.0
959.0,3.9695789278427007,0.0
960.0,3.9651658328701127,0.0
961.0,3.9592969472710453,0.0
962.0,3.9519852262234534,0.0
963.0,3.963133640552995,0.0
964.0,3.9551140544518026,0.0
965.0,3.984575835475578,0.0
966.0,3.979460847240052,0.0
967.0,3.9912120102526547,0.0
968.0,3.9861034924117758,0.0
969.0,3.9802811758261822,0.0
970.0,3.9759255881816524,0.0
971.0,4.004368401892974,0.0
972.0,4.017451372477732,0.0
973.0,4.013803123864874,0.0
974.0,4.012345679012346,0.0
975.0,4.0101614951914355,0.0
976.0,4.007252946509519,0.0
977.0,4.000724112961622,0.0
978.0,3.9971061674805566,0.0
979.0,3.992773261065944,0.0
980.0,4.007943672142987,0.0
981.0,4.005774088776615,0.0
982.0,4.004329004329004,0.0
983.0,4.002163331530557,0.0
984.0,4.017294181228608,0.0
985.0,4.01512423478574,0.0
986.0,4.012234616768621,0.0
987.0,4.011512862025544,0.0
988.0,4.010070131271354,0.0
989.0,4.006467840459935,0.0
990.0,4.002872015796087,0.0
991.0,4.036598493003229,0.0
992.0,4.035150645624103,0.0
993.0,4.033703836500538,0.0
994.0,4.05090518013981,0.0
995.0,4.050179211469533,0.0
996.0,4.049453502956459,0.0
997.0,4.0480028658427365,0.0
998.0,4.045828857858933,0.0
999.0,4.043657183753802,0.0
1000.0,4.04076524226712,0.0
