"tick","IdSupplier","IdClient","LocationX","LocationY","Size"
4.0,12,63,68.94087831654052,27.10262337502287,1.0
4.0,56,33,69.94128180747701,24.30410904850028,1.0
5.0,12,63,76.94568038299492,24.41993906673789,1.0
5.0,56,33,69.29393942251102,29.680429618893747,1.0
6.0,12,63,84.95048244944932,21.73725475845291,1.0
6.0,56,33,68.64659703754502,35.056750189287214,1.0
8.0,10,56,59.93417780083086,27.195757309208435,5.0
8.0,11,26,62.97437913602902,31.87034273965215,5.0
8.0,16,27,54.18807618215828,16.9076920489294,5.0
9.0,10,56,63.78557596818991,23.858888400215466,5.0
9.0,11,26,69.3592784160532,29.928961689362268,5.0
9.0,16,27,62.88647300062351,19.99743542303723,5.0
10.0,10,56,67.63697413554897,20.522019491222498,5.0
10.0,11,26,75.74417769607739,27.987580639072387,5.0
10.0,16,27,71.58486981908874,23.087178797145064,5.0
11.0,26,54,73.33982358572943,32.34314767760521,1.4210835768255912
11.0,56,33,69.94128180747701,24.30410904850028,1.299305919376214
12.0,6,16,30.625,24.4,25.0
12.0,26,54,73.33982358572943,32.34314767760521,1.4698231728482496
12.0,56,33,69.94128180747701,24.30410904850028,1.3363875962861462
12.0,26,54,67.07959564042335,37.26704090990915,1.4210835768255912
12.0,56,33,69.29393942251102,29.680429618893747,1.299305919376214
12.0,9,10,34.09375,29.099999999999998,25.0
12.0,7,11,34.09375,29.3,25.0
13.0,6,16,35.3125,20.4,25.0
13.0,56,33,69.94128180747701,24.30410904850028,1.371615189350582
13.0,26,54,67.07959564042335,37.26704090990915,1.4698231728482496
13.0,56,33,69.29393942251102,29.680429618893747,1.3363875962861462
13.0,26,54,60.819367695117265,42.19093414221309,1.4210835768255912
13.0,56,33,68.64659703754502,35.056750189287214,1.299305919376214
13.0,26,54,73.33982358572943,32.34314767760521,1.516125789069775
13.0,9,10,41.671875,29.849999999999998,25.0
13.0,7,11,41.671875,31.05,25.0
14.0,6,16,40.0,16.4,25.0
14.0,56,33,69.29393942251102,29.680429618893747,1.371615189350582
14.0,26,54,60.819367695117265,42.19093414221309,1.4698231728482496
14.0,49,44,83.04628340249258,26.524771927625313,1.0
14.0,56,33,68.64659703754502,35.056750189287214,1.3363875962861462
14.0,26,54,67.07959564042335,37.26704090990915,1.516125789069775
14.0,9,10,49.25,30.599999999999998,25.0
14.0,7,11,49.25,32.800000000000004,25.0
15.0,16,27,54.18807618215828,16.9076920489294,5.8206893040521495
15.0,56,33,68.64659703754502,35.056750189287214,1.371615189350582
15.0,49,44,80.27235290456973,20.857915200646403,1.0
15.0,11,26,62.97437913602902,31.87034273965215,5.797103673875347
15.0,26,54,60.819367695117265,42.19093414221309,1.516125789069775
16.0,16,27,62.88647300062351,19.99743542303723,5.8206893040521495
16.0,0,0,9.7,30.2,0.25
16.0,49,44,77.49842240664688,15.191058473667495,1.0
16.0,11,26,69.3592784160532,29.928961689362268,5.797103673875347
16.0,1,7,16.25,20.9,5.0
16.0,10,56,59.93417780083086,27.195757309208435,5.0
16.0,16,27,54.18807618215828,16.9076920489294,5.919535776183576
16.0,3,3,9.7,14.2,0.25
16.0,0,9,16.25,29.599999999999998,5.0
16.0,11,26,62.97437913602902,31.87034273965215,5.9156211379170776
16.0,3,6,16.25,18.7,5.0
16.0,1,1,9.7,18.2,0.25
17.0,16,27,71.58486981908874,23.087178797145064,5.8206893040521495
17.0,0,0,9.7,30.2,0.7375
17.0,1,1,9.7,18.2,0.7375
17.0,0,0,10.7,30.2,0.25
17.0,11,26,75.74417769607739,27.987580639072387,5.797103673875347
17.0,11,26,62.97437913602902,31.87034273965215,5.307809155905485
17.0,16,27,62.88647300062351,19.99743542303723,5.919535776183576
17.0,3,3,10.7,14.2,0.25
17.0,10,56,59.93417780083086,27.195757309208435,5.037643595784487
17.0,3,6,19.375,22.45,5.0
17.0,3,3,9.7,14.2,0.7375
17.0,1,7,19.375,23.15,5.0
17.0,10,56,63.78557596818991,23.858888400215466,5.0
17.0,0,9,19.375,29.099999999999998,5.0
17.0,11,26,69.3592784160532,29.928961689362268,5.9156211379170776
17.0,1,1,10.7,18.2,0.25
17.0,16,27,54.18807618215828,16.9076920489294,6.014310524866099
18.0,0,0,10.7,30.2,0.7375
18.0,1,1,10.7,18.2,0.7375
18.0,0,0,11.7,30.2,0.25
18.0,11,26,69.3592784160532,29.928961689362268,5.307809155905485
18.0,16,27,71.58486981908874,23.087178797145064,5.919535776183576
18.0,3,3,11.7,14.2,0.25
18.0,10,56,63.78557596818991,23.858888400215466,5.037643595784487
18.0,3,3,9.7,14.2,1.3371421737753728
18.0,3,6,22.5,26.2,5.0
18.0,3,3,10.7,14.2,0.7375
18.0,1,7,22.5,25.4,5.0
18.0,10,56,67.63697413554897,20.522019491222498,5.0
18.0,1,1,9.7,18.2,1.3352834623305885
18.0,0,9,22.5,28.599999999999998,5.0
18.0,11,26,75.74417769607739,27.987580639072387,5.9156211379170776
18.0,1,1,11.7,18.2,0.25
18.0,16,27,62.88647300062351,19.99743542303723,6.014310524866099
18.0,16,27,54.18807618215828,16.9076920489294,6.044642134289971
18.0,0,0,9.7,30.2,1.3144870534834108
19.0,0,0,11.7,30.2,0.7375
19.0,1,1,11.7,18.2,0.7375
19.0,16,27,54.18807618215828,16.9076920489294,6.073457163242649
19.0,11,26,75.74417769607739,27.987580639072387,5.307809155905485
19.0,0,0,9.7,30.2,1.9595964317853112
19.0,10,56,67.63697413554897,20.522019491222498,5.037643595784487
19.0,3,3,10.7,14.2,1.3371421737753728
19.0,3,3,9.7,14.2,2.0248808327220056
19.0,3,3,11.7,14.2,0.7375
19.0,1,1,10.7,18.2,1.3352834623305885
19.0,16,27,71.58486981908874,23.087178797145064,6.014310524866099
19.0,16,27,62.88647300062351,19.99743542303723,6.044642134289971
19.0,0,0,10.7,30.2,1.3144870534834108
19.0,1,1,9.7,18.2,2.0203253343144705
20.0,3,3,9.7,14.2,2.7662653656063085
20.0,16,27,62.88647300062351,19.99743542303723,6.073457163242649
20.0,0,0,10.7,30.2,1.9595964317853112
20.0,3,3,11.7,14.2,1.3371421737753728
20.0,3,3,10.7,14.2,2.0248808327220056
20.0,0,0,9.7,30.2,2.640819655797319
20.0,1,1,11.7,18.2,1.3352834623305885
20.0,16,27,54.18807618215828,16.9076920489294,6.100831440747693
20.0,1,1,9.7,18.2,2.7590609997750746
20.0,16,27,71.58486981908874,23.087178797145064,6.044642134289971
20.0,0,0,11.7,30.2,1.3144870534834108
20.0,1,1,10.7,18.2,2.0203253343144705
21.0,3,3,10.7,14.2,2.7662653656063085
21.0,16,27,71.58486981908874,23.087178797145064,6.073457163242649
21.0,0,0,11.7,30.2,1.9595964317853112
21.0,3,3,11.7,14.2,2.0248808327220056
21.0,3,3,9.7,14.2,3.5232158224101213
21.0,0,0,10.7,30.2,2.640819655797319
21.0,16,27,62.88647300062351,19.99743542303723,6.100831440747693
21.0,0,0,9.7,30.2,3.323431852808931
21.0,1,1,10.7,18.2,2.7590609997750746
21.0,1,1,11.7,18.2,2.0203253343144705
21.0,1,1,9.7,18.2,3.514267579800358
22.0,3,3,11.7,14.2,2.7662653656063085
22.0,0,0,9.7,30.2,4.271907443351872
22.0,3,3,9.7,14.2,4.255394721985423
22.0,0,9,16.25,29.599999999999998,6.0143394956604705
22.0,1,7,16.25,20.9,6.80199281127668
22.0,1,1,9.7,18.2,4.586491436707966
22.0,3,3,10.7,14.2,3.5232158224101213
22.0,0,0,11.7,30.2,2.640819655797319
22.0,16,27,71.58486981908874,23.087178797145064,6.100831440747693
22.0,0,0,10.7,30.2,3.323431852808931
22.0,1,1,11.7,18.2,2.7590609997750746
22.0,1,1,10.7,18.2,3.514267579800358
23.0,0,0,10.7,30.2,4.271907443351872
23.0,3,3,10.7,14.2,4.255394721985423
23.0,0,9,19.375,29.099999999999998,6.0143394956604705
23.0,0,0,9.7,30.2,5.052067802444611
23.0,1,7,19.375,23.15,6.80199281127668
23.0,3,6,16.25,18.7,7.336774001815918
23.0,1,1,10.7,18.2,4.586491436707966
23.0,3,3,11.7,14.2,3.5232158224101213
23.0,0,0,11.7,30.2,3.323431852808931
23.0,1,1,9.7,18.2,5.566296857916921
23.0,3,3,9.7,14.2,5.276369794978666
23.0,1,1,11.7,18.2,3.514267579800358
24.0,0,0,9.7,30.2,5.935853180696048
24.0,0,0,11.7,30.2,4.271907443351872
24.0,1,7,16.25,20.9,6.273328579575432
24.0,3,3,11.7,14.2,4.255394721985423
24.0,0,9,22.5,28.599999999999998,6.0143394956604705
24.0,0,0,10.7,30.2,5.052067802444611
24.0,1,7,22.5,25.4,6.80199281127668
24.0,42,54,69.37695117329224,17.30959643168762,1.0
24.0,3,6,19.375,22.45,7.336774001815918
24.0,1,1,11.7,18.2,4.586491436707966
24.0,31,20,64.8450530953503,29.3739823259607,1.0
24.0,3,3,9.7,14.2,6.162920806707459
24.0,0,9,16.25,29.599999999999998,5.9642515086062495
24.0,22,33,75.34617003422196,24.77757431964129,1.0
24.0,1,1,9.7,18.2,6.730908346435733
24.0,1,1,10.7,18.2,5.566296857916921
24.0,3,3,10.7,14.2,5.276369794978666
25.0,0,0,10.7,30.2,5.935853180696048
25.0,1,7,19.375,23.15,6.273328579575432
25.0,3,3,9.7,14.2,7.270175916296134
25.0,3,6,16.25,18.7,7.778610544395544
25.0,0,0,11.7,30.2,5.052067802444611
25.0,42,54,64.53203480385659,27.602615108962127,1.0
25.0,3,6,22.5,26.2,7.336774001815918
25.0,31,20,61.32896270415376,21.74488149526045,1.0
25.0,3,3,10.7,14.2,6.162920806707459
25.0,1,1,9.7,18.2,7.700602660361387
25.0,0,9,19.375,29.099999999999998,5.9642515086062495
25.0,0,0,9.7,30.2,6.571916369474615
25.0,22,33,72.76851042541848,29.98480015034154,1.0
25.0,1,1,10.7,18.2,6.730908346435733
25.0,1,1,11.7,18.2,5.566296857916921
25.0,3,3,11.7,14.2,5.276369794978666
26.0,0,0,11.7,30.2,5.935853180696048
26.0,1,7,22.5,25.4,6.273328579575432
26.0,1,1,9.7,18.2,8.940664772171557
26.0,3,3,9.7,14.2,8.407195847304097
26.0,3,3,10.7,14.2,7.270175916296134
26.0,3,6,19.375,22.45,7.778610544395544
26.0,42,54,59.68711843442093,37.89563378623664,1.0
26.0,5,6,16.25,31.3,5.0
26.0,2,2,9.7,21.2,0.25
26.0,5,5,9.7,32.2,0.25
26.0,0,0,9.7,30.2,7.399331100008778
26.0,31,20,57.812872312957225,14.1157806645602,1.0
26.0,3,3,11.7,14.2,6.162920806707459
26.0,1,1,10.7,18.2,7.700602660361387
26.0,2,7,16.25,23.0,5.0
26.0,0,9,22.5,28.599999999999998,5.9642515086062495
26.0,0,0,10.7,30.2,6.571916369474615
26.0,22,33,70.19085081661501,35.19202598104179,1.0
26.0,1,1,11.7,18.2,6.730908346435733
26.0,1,7,16.25,20.9,10.152788294624887
26.0,3,6,16.25,18.7,5.276369794978666
26.0,0,9,16.25,29.599999999999998,9.323975245796483
27.0,1,1,10.7,18.2,8.940664772171557
27.0,3,3,10.7,14.2,8.407195847304097
27.0,3,3,11.7,14.2,7.270175916296134
27.0,2,2,9.7,21.2,0.7375
27.0,3,6,22.5,26.2,7.778610544395544
27.0,1,1,9.7,18.2,10.0
27.0,5,6,19.375,30.55,5.0
27.0,2,2,10.7,21.2,0.25
27.0,5,5,10.7,32.2,0.25
27.0,1,7,16.25,20.9,6.730908346435733
27.0,0,9,16.25,29.599999999999998,5.935853180696048
27.0,0,0,10.7,30.2,7.399331100008778
27.0,5,5,9.7,32.2,0.7375
27.0,1,1,11.7,18.2,7.700602660361387
27.0,2,7,19.375,24.5,5.0
27.0,0,0,11.7,30.2,6.571916369474615
27.0,3,6,16.25,18.7,6.162920806707459
27.0,1,7,19.375,23.15,10.152788294624887
27.0,3,6,19.375,22.45,5.276369794978666
27.0,0,9,19.375,29.099999999999998,9.323975245796483
27.0,0,0,9.7,30.2,8.194456456591817
27.0,3,3,9.7,14.2,9.568905020583866
28.0,0,0,9.7,30.2,8.95845283979251
28.0,1,7,16.25,20.9,7.700602660361387
28.0,3,3,11.7,14.2,8.407195847304097
28.0,3,6,16.25,18.7,7.270175916296134
28.0,1,1,10.7,18.2,10.0
28.0,5,5,9.7,32.2,1.265137288308599
28.0,1,7,19.375,23.15,6.730908346435733
28.0,0,9,16.25,29.599999999999998,6.571916369474615
28.0,1,7,22.5,25.4,10.152788294624887
28.0,10,49,64.63125,31.8375,5.0
28.0,3,6,22.5,26.2,5.276369794978666
28.0,0,9,22.5,28.599999999999998,9.323975245796483
28.0,3,3,10.7,14.2,9.568905020583866
28.0,1,1,11.7,18.2,8.940664772171557
28.0,1,1,9.7,18.2,10.0
28.0,2,2,10.7,21.2,0.7375
28.0,5,6,22.5,29.8,5.0
28.0,2,2,11.7,21.2,0.25
28.0,5,5,11.7,32.2,0.25
28.0,0,9,19.375,29.099999999999998,5.935853180696048
28.0,0,0,11.7,30.2,7.399331100008778
28.0,5,5,10.7,32.2,0.7375
28.0,17,42,53.1822552449845,5.127392205687463,5.0
28.0,3,3,9.7,14.2,10.0
28.0,2,7,22.5,26.0,5.0
28.0,3,6,19.375,22.45,6.162920806707459
28.0,0,0,10.7,30.2,8.194456456591817
28.0,2,2,9.7,21.2,1.2675049319551168
29.0,0,0,10.7,30.2,8.95845283979251
29.0,1,7,19.375,23.15,7.700602660361387
29.0,7,11,34.09375,29.3,33.228109685476994
29.0,3,6,19.375,22.45,7.270175916296134
29.0,1,1,11.7,18.2,10.0
29.0,5,5,10.7,32.2,1.265137288308599
29.0,1,7,22.5,25.4,6.730908346435733
29.0,0,9,16.25,29.599999999999998,7.399331100008778
29.0,1,7,16.25,20.9,8.940664772171557
29.0,10,49,64.63125,31.8375,5.144617059351934
29.0,2,2,9.7,21.2,1.8031721188656358
29.0,0,9,19.375,29.099999999999998,6.571916369474615
29.0,10,49,72.396875,32.36875,5.0
29.0,3,3,11.7,14.2,9.568905020583866
29.0,0,0,9.7,30.2,9.677409484818483
29.0,1,1,10.7,18.2,10.0
29.0,2,2,11.7,21.2,0.7375
29.0,1,1,9.7,18.2,10.0
29.0,6,16,30.625,24.4,25.39175434119013
29.0,0,9,22.5,28.599999999999998,5.935853180696048
29.0,3,3,9.7,14.2,10.0
29.0,5,5,11.7,32.2,0.7375
29.0,3,6,16.25,18.7,8.407195847304097
29.0,17,42,61.042467949138256,5.066885710427016,5.0
29.0,3,3,10.7,14.2,10.0
29.0,5,5,9.7,32.2,1.8114174711586024
29.0,3,6,22.5,26.2,6.162920806707459
29.0,0,0,11.7,30.2,8.194456456591817
29.0,2,2,10.7,21.2,1.2675049319551168
30.0,0,0,11.7,30.2,8.95845283979251
30.0,1,7,22.5,25.4,7.700602660361387
30.0,7,11,41.671875,31.05,33.228109685476994
30.0,1,1,9.7,18.2,10.0
30.0,3,6,22.5,26.2,7.270175916296134
30.0,10,49,64.63125,31.8375,5.2830765907087995
30.0,5,5,11.7,32.2,1.265137288308599
30.0,0,9,16.25,29.599999999999998,8.194456456591817
30.0,0,9,19.375,29.099999999999998,7.399331100008778
30.0,1,7,19.375,23.15,8.940664772171557
30.0,5,5,9.7,32.2,2.344578911711626
30.0,10,49,72.396875,32.36875,5.144617059351934
30.0,2,2,10.7,21.2,1.8031721188656358
30.0,0,9,22.5,28.599999999999998,6.571916369474615
30.0,10,49,80.1625,32.9,5.0
30.0,3,6,16.25,18.7,9.568905020583866
30.0,0,0,10.7,30.2,9.677409484818483
30.0,1,1,11.7,18.2,10.0
30.0,3,3,9.7,14.2,10.0
30.0,1,1,10.7,18.2,10.0
30.0,6,16,35.3125,20.4,25.39175434119013
30.0,0,0,9.7,30.2,10.0
30.0,3,3,10.7,14.2,10.0
30.0,3,6,19.375,22.45,8.407195847304097
30.0,17,42,68.90268065329201,5.006379215166569,5.0
30.0,3,3,11.7,14.2,10.0
30.0,5,5,10.7,32.2,1.8114174711586024
30.0,1,7,16.25,20.9,10.0
30.0,2,2,9.7,21.2,2.3150453552319425
30.0,2,2,11.7,21.2,1.2675049319551168
31.0,7,11,49.25,32.800000000000004,33.228109685476994
31.0,1,1,10.7,18.2,10.0
31.0,3,6,16.25,18.7,10.0
31.0,2,2,9.7,21.2,2.7584619790147897
31.0,0,0,9.7,30.2,10.0
31.0,10,49,72.396875,32.36875,5.2830765907087995
31.0,0,9,19.375,29.099999999999998,8.194456456591817
31.0,0,9,22.5,28.599999999999998,7.399331100008778
31.0,1,7,22.5,25.4,8.940664772171557
31.0,5,5,10.7,32.2,2.344578911711626
31.0,10,49,80.1625,32.9,5.144617059351934
31.0,2,2,11.7,21.2,1.8031721188656358
31.0,3,6,19.375,22.45,9.568905020583866
31.0,42,54,69.37695117329224,17.30959643168762,1.069793774863938
31.0,0,0,11.7,30.2,9.677409484818483
31.0,3,3,10.7,14.2,10.0
31.0,1,1,11.7,18.2,10.0
31.0,3,3,9.7,14.2,10.0
31.0,6,16,40.0,16.4,25.39175434119013
31.0,0,0,10.7,30.2,10.0
31.0,3,3,11.7,14.2,10.0
31.0,49,44,83.04628340249258,26.524771927625313,1.2093191030799562
31.0,3,6,22.5,26.2,8.407195847304097
31.0,1,1,9.7,18.2,10.0
31.0,5,5,11.7,32.2,1.8114174711586024
31.0,1,7,19.375,23.15,10.0
31.0,5,5,9.7,32.2,2.8329386146442572
31.0,0,9,16.25,29.599999999999998,8.95845283979251
31.0,2,2,10.7,21.2,2.3150453552319425
31.0,1,7,16.25,20.9,10.0
32.0,1,1,11.7,18.2,10.0
32.0,3,6,16.25,18.7,10.0
32.0,3,6,19.375,22.45,10.0
32.0,3,3,9.7,14.2,10.0
32.0,1,7,16.25,20.9,10.0
32.0,2,2,10.7,21.2,2.7584619790147897
32.0,0,0,10.7,30.2,10.0
32.0,10,49,80.1625,32.9,5.2830765907087995
32.0,0,9,22.5,28.599999999999998,8.194456456591817
32.0,9,10,34.09375,29.099999999999998,25.0
32.0,5,5,11.7,32.2,2.344578911711626
32.0,42,54,69.37695117329224,17.30959643168762,1.1360978609846788
32.0,3,6,22.5,26.2,9.568905020583866
32.0,0,0,9.7,30.2,10.0
32.0,42,54,64.53203480385659,27.602615108962127,1.069793774863938
32.0,49,44,83.04628340249258,26.524771927625313,1.225098952746168
32.0,9,17,30.625,21.3,25.0
32.0,5,5,9.7,32.2,3.245929618243359
32.0,3,3,11.7,14.2,10.0
32.0,2,7,16.25,23.0,5.825484711013935
32.0,2,2,9.7,21.2,3.398696422762593
32.0,3,3,10.7,14.2,10.0
32.0,0,0,11.7,30.2,10.0
32.0,49,44,80.27235290456973,20.857915200646403,1.2093191030799562
32.0,1,1,10.7,18.2,10.0
32.0,1,1,9.7,18.2,10.0
32.0,1,7,22.5,25.4,10.0
32.0,5,5,10.7,32.2,2.8329386146442572
32.0,0,9,19.375,29.099999999999998,8.95845283979251
32.0,2,2,11.7,21.2,2.3150453552319425
32.0,1,7,19.375,23.15,10.0
33.0,49,44,83.04628340249258,26.524771927625313,1.2400898099290691
33.0,7,11,34.09375,29.3,33.372175778968675
33.0,3,6,19.375,22.45,10.0
33.0,3,6,22.5,26.2,10.0
33.0,3,3,10.7,14.2,10.0
33.0,1,7,19.375,23.15,10.0
33.0,2,2,11.7,21.2,2.7584619790147897
33.0,0,0,11.7,30.2,10.0
33.0,3,3,9.7,14.2,10.0
33.0,42,54,69.37695117329224,17.30959643168762,1.1990867427993828
33.0,9,10,41.671875,29.849999999999998,25.0
33.0,1,7,16.25,20.9,10.0
33.0,42,54,64.53203480385659,27.602615108962127,1.1360978609846788
33.0,0,0,10.7,30.2,10.0
33.0,42,54,59.68711843442093,37.89563378623664,1.069793774863938
33.0,5,6,16.25,31.3,7.206021319669086
33.0,6,16,30.625,24.4,28.125872113772306
33.0,49,44,80.27235290456973,20.857915200646403,1.225098952746168
33.0,9,17,35.3125,15.55,25.0
33.0,5,5,10.7,32.2,3.245929618243359
33.0,2,7,19.375,24.5,5.825484711013935
33.0,2,2,10.7,21.2,3.398696422762593
33.0,3,3,11.7,14.2,10.0
33.0,49,44,77.49842240664688,15.191058473667495,1.2093191030799562
33.0,1,1,11.7,18.2,10.0
33.0,1,1,10.7,18.2,10.0
33.0,2,2,9.7,21.2,4.0352814246839195
33.0,1,1,9.7,18.2,10.0
33.0,0,0,9.7,30.2,8.853767326278664
33.0,5,5,9.7,32.2,3.9688735902978864
33.0,5,5,11.7,32.2,2.8329386146442572
33.0,0,9,22.5,28.599999999999998,8.95845283979251
33.0,3,6,16.25,18.7,10.0
33.0,1,7,22.5,25.4,10.0
34.0,49,44,80.27235290456973,20.857915200646403,1.2400898099290691
34.0,7,11,41.671875,31.05,33.372175778968675
34.0,3,6,22.5,26.2,10.0
34.0,3,3,11.7,14.2,10.0
34.0,1,7,22.5,25.4,10.0
34.0,3,3,10.7,14.2,10.0
34.0,5,5,9.7,32.2,4.597249557623202
34.0,42,54,64.53203480385659,27.602615108962127,1.1990867427993828
34.0,9,10,49.25,30.599999999999998,25.0
34.0,1,7,19.375,23.15,10.0
34.0,42,54,59.68711843442093,37.89563378623664,1.1360978609846788
34.0,0,0,11.7,30.2,10.0
34.0,0,0,9.7,30.2,7.264846286243393
34.0,5,6,19.375,30.55,7.206021319669086
34.0,6,16,35.3125,20.4,28.125872113772306
34.0,49,44,77.49842240664688,15.191058473667495,1.225098952746168
34.0,1,1,9.7,18.2,10.0
34.0,38,44,70.6619648580961,22.689729997622727,1.0
34.0,2,2,9.7,21.2,4.876265692904024
34.0,9,17,40.0,9.8,25.0
34.0,5,5,11.7,32.2,3.245929618243359
34.0,3,6,16.25,18.7,10.0
34.0,2,7,22.5,26.0,5.825484711013935
34.0,2,2,11.7,21.2,3.398696422762593
34.0,3,3,9.7,14.2,10.0
34.0,1,7,16.25,20.9,10.0
34.0,1,1,11.7,18.2,10.0
34.0,2,2,10.7,21.2,4.0352814246839195
34.0,1,1,10.7,18.2,10.0
34.0,0,0,10.7,30.2,8.853767326278664
34.0,5,5,10.7,32.2,3.9688735902978864
34.0,2,7,16.25,23.0,5.073507334246733
34.0,3,6,19.375,22.45,10.0
35.0,49,44,77.49842240664688,15.191058473667495,1.2400898099290691
35.0,1,7,16.25,20.9,10.0
35.0,7,11,49.25,32.800000000000004,33.372175778968675
35.0,3,3,11.7,14.2,10.0
35.0,5,5,10.7,32.2,4.597249557623202
35.0,0,0,9.7,30.2,5.505371298209886
35.0,42,54,59.68711843442093,37.89563378623664,1.1990867427993828
35.0,3,3,9.7,14.2,10.0
35.0,1,7,22.5,25.4,10.0
35.0,0,9,16.25,29.599999999999998,5.0
35.0,2,2,9.7,21.2,5.60084181996948
35.0,3,6,16.25,18.7,10.0
35.0,0,0,10.7,30.2,7.264846286243393
35.0,5,5,9.7,32.2,5.414987109655998
35.0,5,6,22.5,29.8,7.206021319669086
35.0,6,16,40.0,16.4,28.125872113772306
35.0,5,6,16.25,31.3,6.078868232887617
35.0,1,1,10.7,18.2,10.0
35.0,38,44,72.31100526888628,18.392531102787597,1.0
35.0,2,2,10.7,21.2,4.876265692904024
35.0,3,6,19.375,22.45,10.0
35.0,3,3,10.7,14.2,10.0
35.0,1,7,19.375,23.15,10.0
35.0,2,2,11.7,21.2,4.0352814246839195
35.0,1,1,11.7,18.2,10.0
35.0,0,0,11.7,30.2,8.853767326278664
35.0,5,5,11.7,32.2,3.9688735902978864
35.0,2,7,19.375,24.5,5.073507334246733
35.0,1,1,9.7,18.2,10.0
35.0,3,6,22.5,26.2,10.0
36.0,1,7,19.375,23.15,10.0
36.0,3,3,9.7,14.2,10.0
36.0,5,5,11.7,32.2,4.597249557623202
36.0,0,0,10.7,30.2,5.505371298209886
36.0,0,6,16.25,29.9,5.0
36.0,3,3,10.7,14.2,10.0
36.0,2,2,9.7,21.2,6.440731159822426
36.0,1,7,16.25,20.9,10.0
36.0,0,9,19.375,29.099999999999998,5.0
36.0,4,4,9.7,12.2,0.25
36.0,2,2,10.7,21.2,5.60084181996948
36.0,3,6,19.375,22.45,10.0
36.0,0,0,11.7,30.2,7.264846286243393
36.0,5,5,10.7,32.2,5.414987109655998
36.0,5,6,19.375,30.55,6.078868232887617
36.0,4,7,16.25,16.7,5.0
36.0,2,7,16.25,23.0,7.433977847446513
36.0,1,1,11.7,18.2,10.0
36.0,38,44,73.96004567967645,14.095332207952467,1.0
36.0,2,2,11.7,21.2,4.876265692904024
36.0,3,6,22.5,26.2,10.0
36.0,1,1,9.7,18.2,10.0
36.0,0,0,9.7,30.2,4.305171384872035
36.0,3,3,11.7,14.2,10.0
36.0,3,6,16.25,18.7,10.0
36.0,1,7,22.5,25.4,10.0
36.0,2,7,22.5,26.0,5.073507334246733
36.0,1,1,10.7,18.2,10.0
36.0,0,9,16.25,29.599999999999998,8.279793832158276
36.0,17,42,53.1822552449845,5.127392205687463,5.0
36.0,5,5,9.7,32.2,6.0686360865645
37.0,1,7,22.5,25.4,10.0
37.0,0,9,16.25,29.599999999999998,10.996398894084857
37.0,5,6,16.25,31.3,8.56612314792109
37.0,5,5,9.7,32.2,6.959588119189497
37.0,3,3,10.7,14.2,10.0
37.0,0,6,16.25,29.9,5.062636915296522
37.0,2,2,9.7,21.2,7.032089731215929
37.0,0,0,11.7,30.2,5.505371298209886
37.0,0,6,19.375,29.65,5.0
37.0,3,3,11.7,14.2,10.0
37.0,2,2,10.7,21.2,6.440731159822426
37.0,1,7,19.375,23.15,10.0
37.0,0,9,22.5,28.599999999999998,5.0
37.0,4,4,10.7,12.2,0.25
37.0,2,2,11.7,21.2,5.60084181996948
37.0,3,6,22.5,26.2,10.0
37.0,5,5,11.7,32.2,5.414987109655998
37.0,5,6,22.5,29.8,6.078868232887617
37.0,4,7,19.375,20.45,5.0
37.0,0,0,9.7,30.2,4.01868063496589
37.0,2,7,19.375,24.5,7.433977847446513
37.0,3,3,9.7,14.2,10.0
37.0,4,4,9.7,12.2,0.7375
37.0,1,1,10.7,18.2,10.0
37.0,0,0,10.7,30.2,4.305171384872035
37.0,17,42,53.1822552449845,5.127392205687463,5.024851890714732
37.0,3,6,19.375,22.45,10.0
37.0,1,1,11.7,18.2,10.0
37.0,0,9,19.375,29.099999999999998,8.279793832158276
37.0,3,6,16.25,18.7,10.0
37.0,1,1,9.7,18.2,10.0
37.0,1,7,16.25,20.9,10.0
37.0,17,42,61.042467949138256,5.066885710427016,5.0
37.0,5,5,10.7,32.2,6.0686360865645
38.0,3,6,16.25,18.7,10.0
38.0,0,9,19.375,29.099999999999998,10.996398894084857
38.0,5,6,19.375,30.55,8.56612314792109
38.0,4,4,9.7,12.2,0.950625
38.0,5,5,10.7,32.2,6.959588119189497
38.0,3,3,11.7,14.2,10.0
38.0,0,6,19.375,29.65,5.062636915296522
38.0,2,2,10.7,21.2,7.032089731215929
38.0,0,6,22.5,29.4,5.0
38.0,6,16,30.625,24.4,25.400890848933606
38.0,2,2,11.7,21.2,6.440731159822426
38.0,1,7,22.5,25.4,10.0
38.0,4,4,11.7,12.2,0.25
38.0,1,1,9.7,18.2,10.0
38.0,5,5,9.7,32.2,7.874016129024594
38.0,4,7,22.5,24.2,5.0
38.0,0,0,10.7,30.2,4.01868063496589
38.0,2,7,22.5,26.0,7.433977847446513
38.0,3,3,10.7,14.2,10.0
38.0,5,6,16.25,31.3,5.414987109655998
38.0,17,38,51.22993490954437,11.993910601427466,5.0
38.0,4,4,10.7,12.2,0.7375
38.0,1,1,11.7,18.2,10.0
38.0,3,3,9.7,14.2,10.0
38.0,0,0,9.7,30.2,4.291409588562012
38.0,0,0,11.7,30.2,4.305171384872035
38.0,17,42,61.042467949138256,5.066885710427016,5.024851890714732
38.0,1,7,16.25,20.9,10.0
38.0,0,9,16.25,29.599999999999998,13.624032641125977
38.0,3,6,22.5,26.2,10.0
38.0,10,31,59.43805846943584,33.3986709968403,5.0
38.0,0,9,22.5,28.599999999999998,8.279793832158276
38.0,3,6,19.375,22.45,10.0
38.0,1,1,10.7,18.2,10.0
38.0,1,7,19.375,23.15,10.0
38.0,2,2,9.7,21.2,7.321989063176544
38.0,17,42,68.90268065329201,5.006379215166569,5.0
38.0,5,5,11.7,32.2,6.0686360865645
39.0,3,6,19.375,22.45,10.0
39.0,2,2,9.7,21.2,6.448363059392579
39.0,0,9,22.5,28.599999999999998,10.996398894084857
39.0,5,6,22.5,29.8,8.56612314792109
39.0,5,5,9.7,32.2,8.807401041061564
39.0,4,4,10.7,12.2,0.950625
39.0,5,5,11.7,32.2,6.959588119189497
39.0,5,6,16.25,31.3,6.0686360865645
39.0,0,6,22.5,29.4,5.062636915296522
39.0,2,2,11.7,21.2,7.032089731215929
39.0,6,16,35.3125,20.4,25.400890848933606
39.0,1,1,10.7,18.2,10.0
39.0,5,5,10.7,32.2,7.874016129024594
39.0,3,3,9.7,14.2,10.0
39.0,0,0,11.7,30.2,4.01868063496589
39.0,3,3,11.7,14.2,10.0
39.0,0,9,16.25,29.599999999999998,16.165220577915353
39.0,5,6,19.375,30.55,5.414987109655998
39.0,17,38,57.46321400083134,17.655502769283686,5.0
39.0,4,4,11.7,12.2,0.7375
39.0,3,3,10.7,14.2,10.0
39.0,1,9,16.25,21.2,10.0
39.0,0,0,10.7,30.2,4.291409588562012
39.0,17,42,68.90268065329201,5.006379215166569,5.024851890714732
39.0,1,7,19.375,23.15,10.0
39.0,0,9,19.375,29.099999999999998,13.624032641125977
39.0,4,4,9.7,12.2,1.14059375
39.0,10,31,62.87602386063237,35.230896827540555,5.0
39.0,10,31,59.43805846943584,33.3986709968403,5.106163193680543
39.0,0,0,9.7,30.2,5.021754395717724
39.0,3,6,22.5,26.2,10.0
39.0,1,1,11.7,18.2,10.0
39.0,1,7,22.5,25.4,10.0
39.0,17,38,51.22993490954437,11.993910601427466,5.066168452861719
39.0,1,1,9.7,18.2,10.0
39.0,2,2,10.7,21.2,7.321989063176544
40.0,3,6,22.5,26.2,10.0
40.0,2,2,10.7,21.2,6.448363059392579
40.0,5,5,10.7,32.2,8.807401041061564
40.0,4,4,11.7,12.2,0.950625
40.0,5,6,19.375,30.55,6.0686360865645
40.0,17,38,51.22993490954437,11.993910601427466,5.130275158809312
40.0,6,16,40.0,16.4,25.400890848933606
40.0,10,31,59.43805846943584,33.3986709968403,5.208392908271462
40.0,1,1,11.7,18.2,10.0
40.0,5,5,11.7,32.2,7.874016129024594
40.0,3,3,10.7,14.2,10.0
40.0,0,9,16.25,29.599999999999998,5.497163554807366
40.0,2,2,9.7,21.2,5.2668138692370166
40.0,0,0,9.7,30.2,5.916565505347193
40.0,0,9,19.375,29.099999999999998,16.165220577915353
40.0,5,6,22.5,29.8,5.414987109655998
40.0,17,38,63.69649309211832,23.317094937139906,5.0
40.0,3,3,9.7,14.2,8.761049281485612
40.0,5,6,16.25,31.3,6.959588119189497
40.0,3,3,11.7,14.2,10.0
40.0,1,9,19.375,23.7,10.0
40.0,0,0,11.7,30.2,4.291409588562012
40.0,1,1,9.7,18.2,10.0
40.0,1,7,22.5,25.4,10.0
40.0,0,9,22.5,28.599999999999998,13.624032641125977
40.0,5,5,9.7,32.2,9.737599149411082
40.0,4,4,10.7,12.2,1.14059375
40.0,4,4,9.7,12.2,1.2841890625
40.0,10,31,66.3139892518289,37.06312265824081,5.0
40.0,1,9,16.25,21.2,10.0
40.0,10,31,62.87602386063237,35.230896827540555,5.106163193680543
40.0,0,0,10.7,30.2,5.021754395717724
40.0,17,38,57.46321400083134,17.655502769283686,5.066168452861719
40.0,1,1,10.7,18.2,10.0
40.0,2,2,11.7,21.2,7.321989063176544
41.0,2,2,11.7,21.2,6.448363059392579
41.0,3,3,9.7,14.2,7.084046098896943
41.0,5,5,11.7,32.2,8.807401041061564
41.0,2,2,9.7,21.2,3.7782426854304045
41.0,5,6,22.5,29.8,6.0686360865645
41.0,17,38,57.46321400083134,17.655502769283686,5.130275158809312
41.0,5,6,16.25,31.3,7.874016129024594
41.0,1,1,9.7,18.2,10.0
41.0,10,31,62.87602386063237,35.230896827540555,5.208392908271462
41.0,3,3,11.7,14.2,10.0
41.0,0,9,19.375,29.099999999999998,5.497163554807366
41.0,2,2,10.7,21.2,5.2668138692370166
41.0,4,4,9.7,12.2,1.373073359375
41.0,0,0,10.7,30.2,5.916565505347193
41.0,0,9,22.5,28.599999999999998,16.165220577915353
41.0,3,3,10.7,14.2,8.761049281485612
41.0,1,9,16.25,21.2,10.0
41.0,10,31,59.43805846943584,33.3986709968403,5.306817083697519
41.0,5,6,19.375,30.55,6.959588119189497
41.0,1,9,22.5,26.2,10.0
41.0,1,1,10.7,18.2,10.0
41.0,5,5,10.7,32.2,9.737599149411082
41.0,4,4,11.7,12.2,1.14059375
41.0,4,4,10.7,12.2,1.2841890625
41.0,5,5,9.7,32.2,10.0
41.0,1,9,19.375,23.7,10.0
41.0,0,0,9.7,30.2,6.67492652688682
41.0,10,31,66.3139892518289,37.06312265824081,5.106163193680543
41.0,0,0,11.7,30.2,5.021754395717724
41.0,31,20,64.8450530953503,29.3739823259607,1.5369831063080728
41.0,17,38,63.69649309211832,23.317094937139906,5.066168452861719
41.0,1,1,11.7,18.2,10.0
42.0,3,3,10.7,14.2,7.084046098896943
42.0,2,2,10.7,21.2,3.7782426854304045
42.0,10,31,59.43805846943584,33.3986709968403,5.369571597899315
42.0,17,38,63.69649309211832,23.317094937139906,5.130275158809312
42.0,5,6,19.375,30.55,7.874016129024594
42.0,2,2,9.7,21.2,2.0416819078444943
42.0,1,1,10.7,18.2,10.0
42.0,1,1,9.7,18.2,10.0
42.0,0,0,9.7,30.2,7.250565648280674
42.0,10,31,66.3139892518289,37.06312265824081,5.208392908271462
42.0,31,20,64.8450530953503,29.3739823259607,1.5571934374509797
42.0,0,9,22.5,28.599999999999998,5.497163554807366
42.0,2,2,11.7,21.2,5.2668138692370166
42.0,5,5,9.7,32.2,10.0
42.0,4,4,10.7,12.2,1.373073359375
42.0,0,0,11.7,30.2,5.916565505347193
42.0,5,6,16.25,31.3,8.807401041061564
42.0,3,3,11.7,14.2,8.761049281485612
42.0,1,9,19.375,23.7,10.0
42.0,10,31,62.87602386063237,35.230896827540555,5.306817083697519
42.0,4,4,9.7,12.2,1.4004837539062498
42.0,5,6,22.5,29.8,6.959588119189497
42.0,1,1,11.7,18.2,10.0
42.0,9,17,30.625,21.3,25.0
42.0,5,5,11.7,32.2,9.737599149411082
42.0,4,4,11.7,12.2,1.2841890625
42.0,5,5,10.7,32.2,10.0
42.0,1,9,22.5,26.2,10.0
42.0,3,3,9.7,14.2,4.990893075437707
42.0,0,0,10.7,30.2,6.67492652688682
42.0,31,20,61.32896270415376,21.74488149526045,1.5369831063080728
43.0,3,3,9.7,14.2,2.5643452390771526
43.0,3,3,11.7,14.2,7.084046098896943
43.0,5,5,9.7,32.2,10.0
43.0,0,0,9.7,30.2,6.464188691904882
43.0,2,2,11.7,21.2,3.7782426854304045
43.0,10,31,62.87602386063237,35.230896827540555,5.369571597899315
43.0,5,6,22.5,29.8,7.874016129024594
43.0,2,2,10.7,21.2,2.0416819078444943
43.0,1,1,11.7,18.2,10.0
43.0,4,4,9.7,12.2,1.6123141755859374
43.0,1,1,10.7,18.2,10.0
43.0,0,0,10.7,30.2,7.250565648280674
43.0,6,16,30.625,24.4,25.479174438019804
43.0,9,10,34.09375,29.099999999999998,25.0
43.0,31,20,61.32896270415376,21.74488149526045,1.5571934374509797
43.0,5,5,10.7,32.2,10.0
43.0,1,1,9.7,18.2,8.872944200731581
43.0,4,4,11.7,12.2,1.373073359375
43.0,5,6,19.375,30.55,8.807401041061564
43.0,1,9,22.5,26.2,10.0
43.0,10,31,66.3139892518289,37.06312265824081,5.306817083697519
43.0,4,4,10.7,12.2,1.4004837539062498
43.0,9,17,30.625,21.3,25.412347899477076
43.0,9,17,35.3125,15.55,25.0
43.0,5,5,11.7,32.2,10.0
43.0,3,3,10.7,14.2,4.990893075437707
43.0,2,2,9.7,21.2,0.1286084756760284
43.0,0,0,11.7,30.2,6.67492652688682
43.0,5,6,16.25,31.3,9.737599149411082
43.0,31,20,57.812872312957225,14.1157806645602,1.5369831063080728
43.0,31,20,64.8450530953503,29.3739823259607,1.5763932520367416
44.0,4,4,9.7,12.2,2.1623665872523024
44.0,3,3,10.7,14.2,2.5643452390771526
44.0,5,5,10.7,32.2,10.0
44.0,0,0,10.7,30.2,6.464188691904882
44.0,4,7,16.25,16.7,5.9540423095866295
44.0,9,10,34.09375,29.099999999999998,25.35601157286712
44.0,10,31,66.3139892518289,37.06312265824081,5.369571597899315
44.0,2,2,11.7,21.2,2.0416819078444943
44.0,1,1,9.7,18.2,7.3022411914265835
44.0,4,4,10.7,12.2,1.6123141755859374
44.0,43,20,68.78326663755396,7.295672171252902,1.0
44.0,1,1,11.7,18.2,10.0
44.0,0,0,9.7,30.2,5.383384257003537
44.0,0,0,11.7,30.2,7.250565648280674
44.0,6,16,35.3125,20.4,25.479174438019804
44.0,9,10,41.671875,29.849999999999998,25.0
44.0,31,20,57.812872312957225,14.1157806645602,1.5571934374509797
44.0,5,5,11.7,32.2,10.0
44.0,1,1,10.7,18.2,8.872944200731581
44.0,5,5,9.7,32.2,10.0
44.0,5,6,22.5,29.8,8.807401041061564
44.0,5,6,16.25,31.3,10.0
44.0,4,4,11.7,12.2,1.4004837539062498
44.0,9,17,35.3125,15.55,25.412347899477076
44.0,9,17,40.0,9.8,25.0
44.0,3,3,11.7,14.2,4.990893075437707
44.0,2,2,10.7,21.2,0.1286084756760284
44.0,5,6,19.375,30.55,9.737599149411082
44.0,16,22,54.15680846943584,14.798670996840297,5.0
44.0,31,20,61.32896270415376,21.74488149526045,1.5763932520367416
45.0,4,4,10.7,12.2,2.1623665872523024
45.0,3,3,11.7,14.2,2.5643452390771526
45.0,5,5,11.7,32.2,10.0
45.0,0,0,11.7,30.2,6.464188691904882
45.0,4,7,19.375,20.45,5.9540423095866295
45.0,9,10,41.671875,29.849999999999998,25.35601157286712
45.0,1,1,10.7,18.2,7.3022411914265835
45.0,4,4,11.7,12.2,1.6123141755859374
45.0,43,20,63.860671409856124,7.55168211009115,1.0
45.0,1,1,9.7,18.2,5.3100733325868354
45.0,0,0,10.7,30.2,5.383384257003537
45.0,6,16,40.0,16.4,25.479174438019804
45.0,9,10,49.25,30.599999999999998,25.0
45.0,5,6,16.25,31.3,10.0
45.0,1,1,11.7,18.2,8.872944200731581
45.0,5,5,10.7,32.2,10.0
45.0,5,6,19.375,30.55,10.0
45.0,0,0,9.7,30.2,3.994091761433226
45.0,5,5,9.7,32.2,10.0
45.0,9,17,40.0,9.8,25.412347899477076
45.0,2,2,11.7,21.2,0.1286084756760284
45.0,16,22,54.15680846943584,14.798670996840297,5.0888163418179495
45.0,4,4,9.7,12.2,2.7291122932544876
45.0,5,6,22.5,29.8,9.737599149411082
45.0,16,22,62.82914886063237,16.130896827540546,5.0
45.0,31,20,57.812872312957225,14.1157806645602,1.5763932520367416
46.0,4,4,11.7,12.2,2.1623665872523024
46.0,4,7,22.5,24.2,5.9540423095866295
46.0,9,10,49.25,30.599999999999998,25.35601157286712
46.0,5,6,16.25,31.3,10.0
46.0,5,5,9.7,32.2,10.0
46.0,1,1,11.7,18.2,7.3022411914265835
46.0,0,0,9.7,30.2,2.601054456046187
46.0,43,20,58.938076182158284,7.807692048929398,1.0
46.0,1,1,10.7,18.2,5.3100733325868354
46.0,0,0,11.7,30.2,5.383384257003537
46.0,5,6,19.375,30.55,10.0
46.0,5,5,11.7,32.2,10.0
46.0,16,22,54.15680846943584,14.798670996840297,5.174301975031746
46.0,1,1,9.7,18.2,3.2238666566524956
46.0,4,4,9.7,12.2,3.2958352302817495
46.0,5,6,22.5,29.8,10.0
46.0,1,9,16.25,21.2,5.0
46.0,0,0,10.7,30.2,3.994091761433226
46.0,5,5,10.7,32.2,10.0
46.0,0,9,16.25,29.599999999999998,5.0
46.0,16,22,62.82914886063237,16.130896827540546,5.0888163418179495
46.0,4,4,10.7,12.2,2.7291122932544876
46.0,16,22,71.5014892518289,17.463122658240795,5.0
47.0,22,33,75.34617003422196,24.77757431964129,1.714526759047067
47.0,1,1,9.7,18.2,1.5474970591312998
47.0,5,6,19.375,30.55,10.0
47.0,16,22,54.15680846943584,14.798670996840297,5.256567929647259
47.0,5,5,10.7,32.2,10.0
47.0,0,0,10.7,30.2,2.601054456046187
47.0,1,9,16.25,21.2,8.412776083755123
47.0,1,1,11.7,18.2,5.3100733325868354
47.0,5,6,22.5,29.8,10.0
47.0,4,7,16.25,16.7,5.1751645167444895
47.0,5,5,9.7,32.2,10.0
47.0,16,22,62.82914886063237,16.130896827540546,5.174301975031746
47.0,1,1,10.7,18.2,3.2238666566524956
47.0,4,4,10.7,12.2,3.2958352302817495
47.0,1,9,19.375,23.7,5.0
47.0,0,0,11.7,30.2,3.994091761433226
47.0,5,5,11.7,32.2,10.0
47.0,0,9,16.25,29.599999999999998,7.992137279567368
47.0,5,6,16.25,31.3,10.0
47.0,0,9,19.375,29.099999999999998,5.0
47.0,0,0,9.7,30.2,1.6581066670566913
47.0,16,22,71.5014892518289,17.463122658240795,5.0888163418179495
47.0,4,4,11.7,12.2,2.7291122932544876
47.0,4,4,9.7,12.2,4.088745702021235
48.0,16,22,54.15680846943584,14.798670996840297,5.335722459441283
48.0,22,33,72.76851042541848,29.98480015034154,1.714526759047067
48.0,17,39,51.36339355109734,12.535373594944474,5.0
48.0,1,1,10.7,18.2,1.5474970591312998
48.0,5,6,22.5,29.8,10.0
48.0,16,22,62.82914886063237,16.130896827540546,5.256567929647259
48.0,5,5,11.7,32.2,10.0
48.0,0,0,11.7,30.2,2.601054456046187
48.0,1,9,19.375,23.7,8.412776083755123
48.0,4,7,19.375,20.45,5.1751645167444895
48.0,5,5,10.7,32.2,10.0
48.0,16,22,71.5014892518289,17.463122658240795,5.174301975031746
48.0,1,1,11.7,18.2,3.2238666566524956
48.0,4,4,11.7,12.2,3.2958352302817495
48.0,4,4,9.7,12.2,4.804624699023281
48.0,1,1,9.7,18.2,0.4447041157423719
48.0,5,6,16.25,31.3,10.0
48.0,0,0,9.7,30.2,1.2476200850873633
48.0,1,9,22.5,26.2,5.0
48.0,0,9,19.375,29.099999999999998,7.992137279567368
48.0,5,6,19.375,30.55,10.0
48.0,0,9,16.25,29.599999999999998,10.708230833279716
48.0,5,5,9.7,32.2,10.0
48.0,0,9,22.5,28.599999999999998,5.0
48.0,0,0,10.7,30.2,1.6581066670566913
48.0,4,4,10.7,12.2,4.088745702021235
48.0,1,9,16.25,21.2,11.692460733955876
48.0,22,33,75.34617003422196,24.77757431964129,1.7308473939734565
49.0,16,22,62.82914886063237,16.130896827540546,5.335722459441283
49.0,22,33,70.19085081661501,35.19202598104179,1.714526759047067
49.0,17,39,57.70788817701179,18.64818492406487,5.0
49.0,5,5,9.7,32.2,10.0
49.0,1,1,11.7,18.2,1.5474970591312998
49.0,4,4,9.7,12.2,5.715642605468441
49.0,16,22,71.5014892518289,17.463122658240795,5.256567929647259
49.0,0,9,16.25,29.599999999999998,13.179627493591305
49.0,1,9,22.5,26.2,8.412776083755123
49.0,10,53,55.444420163323,35.135905196208356,5.0
49.0,4,7,22.5,24.2,5.1751645167444895
49.0,5,5,11.7,32.2,10.0
49.0,4,4,10.7,12.2,4.804624699023281
49.0,1,1,10.7,18.2,0.4447041157423719
49.0,5,6,19.375,30.55,10.0
49.0,0,0,9.7,30.2,1.522391161779375
49.0,1,1,9.7,18.2,0.1427178191599695
49.0,22,33,75.34617003422196,24.77757431964129,1.7463519971535266
49.0,0,0,10.7,30.2,1.2476200850873633
49.0,0,9,22.5,28.599999999999998,7.992137279567368
49.0,16,22,54.15680846943584,14.798670996840297,5.411871042009428
49.0,5,6,22.5,29.8,10.0
49.0,4,7,16.25,16.7,6.0249475235362375
49.0,0,9,19.375,29.099999999999998,10.708230833279716
49.0,5,5,10.7,32.2,10.0
49.0,0,0,11.7,30.2,1.6581066670566913
49.0,1,9,16.25,21.2,14.857521999193324
49.0,4,4,11.7,12.2,4.088745702021235
49.0,1,9,19.375,23.7,11.692460733955876
49.0,22,33,72.76851042541848,29.98480015034154,1.7308473939734565
49.0,17,39,51.36339355109734,12.535373594944474,5.2052007075311195
50.0,16,22,71.5014892518289,17.463122658240795,5.335722459441283
50.0,1,1,9.7,18.2,0.8322830316414516
50.0,17,39,64.05238280292625,24.76099625318527,5.0
50.0,5,5,10.7,32.2,10.0
50.0,1,9,16.25,21.2,17.911479678589135
50.0,4,4,10.7,12.2,5.715642605468441
50.0,10,53,55.444420163323,35.135905196208356,5.166081388403018
50.0,5,5,9.7,32.2,8.789869382424513
50.0,0,0,9.7,30.2,2.442890778889559
50.0,0,9,19.375,29.099999999999998,13.179627493591305
50.0,10,53,55.55435363275884,38.41582619304865,5.0
50.0,4,4,11.7,12.2,4.804624699023281
50.0,1,1,11.7,18.2,0.4447041157423719
50.0,5,6,22.5,29.8,10.0
50.0,0,0,10.7,30.2,1.522391161779375
50.0,1,1,10.7,18.2,0.1427178191599695
50.0,22,33,72.76851042541848,29.98480015034154,1.7463519971535266
50.0,0,0,11.7,30.2,1.2476200850873633
50.0,16,22,62.82914886063237,16.130896827540546,5.411871042009428
50.0,4,7,19.375,20.45,6.0249475235362375
50.0,0,9,22.5,28.599999999999998,10.708230833279716
50.0,4,4,9.7,12.2,6.4667687249684
50.0,5,5,11.7,32.2,10.0
50.0,0,9,16.25,29.599999999999998,12.376051891800556
50.0,22,33,75.34617003422196,24.77757431964129,1.761081370174593
50.0,1,9,19.375,23.7,14.857521999193324
50.0,17,39,51.36339355109734,12.535373594944474,5.401481526554496
50.0,1,9,22.5,26.2,11.692460733955876
50.0,22,33,70.19085081661501,35.19202598104179,1.7308473939734565
50.0,17,39,57.70788817701179,18.64818492406487,5.2052007075311195
51.0,1,1,10.7,18.2,0.8322830316414516
51.0,4,7,16.25,16.7,8.893370401044516
51.0,5,5,11.7,32.2,10.0
51.0,1,9,19.375,23.7,17.911479678589135
51.0,0,0,9.7,30.2,3.3670983319271883
51.0,4,4,11.7,12.2,5.715642605468441
51.0,10,53,55.55435363275884,38.41582619304865,5.166081388403018
51.0,5,5,10.7,32.2,8.789869382424513
51.0,17,39,51.36339355109734,12.535373594944474,5.589221444152077
51.0,0,0,10.7,30.2,2.442890778889559
51.0,0,9,22.5,28.599999999999998,13.179627493591305
51.0,4,4,9.7,12.2,7.455808152149865
51.0,1,9,16.25,21.2,8.827088060777708
51.0,10,53,55.444420163323,35.135905196208356,5.324328281303972
51.0,1,1,9.7,18.2,2.0591870647204167
51.0,10,53,55.66428710219468,41.69574718988895,5.0
51.0,5,5,9.7,32.2,7.1402452957278
51.0,0,0,11.7,30.2,1.522391161779375
51.0,1,1,11.7,18.2,0.1427178191599695
51.0,22,33,70.19085081661501,35.19202598104179,1.7463519971535266
51.0,22,33,75.34617003422196,24.77757431964129,1.7750742745446064
51.0,16,22,71.5014892518289,17.463122658240795,5.411871042009428
51.0,4,7,22.5,24.2,6.0249475235362375
51.0,39,54,65.13294055422217,34.59488633995399,2.001823059074366
51.0,4,4,10.7,12.2,6.4667687249684
51.0,0,9,19.375,29.099999999999998,12.376051891800556
51.0,22,33,72.76851042541848,29.98480015034154,1.761081370174593
51.0,1,9,22.5,26.2,14.857521999193324
51.0,17,39,57.70788817701179,18.64818492406487,5.401481526554496
51.0,17,39,64.05238280292625,24.76099625318527,5.2052007075311195
52.0,1,1,11.7,18.2,0.8322830316414516
52.0,4,7,19.375,20.45,8.893370401044516
52.0,5,5,9.7,32.2,5.073102413365922
52.0,1,9,22.5,26.2,17.911479678589135
52.0,8,17,30.625,15.0,25.0
52.0,0,0,10.7,30.2,3.3670983319271883
52.0,53,24,62.1108573513508,36.513265539368504,1.8315636897415644
52.0,10,53,55.66428710219468,41.69574718988895,5.166081388403018
52.0,5,5,11.7,32.2,8.789869382424513
52.0,17,39,57.70788817701179,18.64818492406487,5.589221444152077
52.0,0,0,11.7,30.2,2.442890778889559
52.0,4,7,16.25,16.7,5.715642605468441
52.0,7,11,34.09375,29.3,30.30104377323679
52.0,0,0,9.7,30.2,4.270370367185508
52.0,4,4,10.7,12.2,7.455808152149865
52.0,1,9,19.375,23.7,8.827088060777708
52.0,10,53,55.55435363275884,38.41582619304865,5.324328281303972
52.0,1,1,10.7,18.2,2.0591870647204167
52.0,1,1,9.7,18.2,3.3649249343952095
52.0,10,53,55.444420163323,35.135905196208356,5.47510892478206
52.0,5,5,10.7,32.2,7.1402452957278
52.0,22,33,72.76851042541848,29.98480015034154,1.7750742745446064
52.0,39,54,65.13294055422217,34.59488633995399,2.0215256809845856
52.0,39,54,61.803742263025825,38.71458719284765,2.001823059074366
52.0,22,33,75.34617003422196,24.77757431964129,1.788367533696119
52.0,4,4,11.7,12.2,6.4667687249684
52.0,0,9,22.5,28.599999999999998,12.376051891800556
52.0,22,33,70.19085081661501,35.19202598104179,1.761081370174593
52.0,17,39,51.36339355109734,12.535373594944474,5.768783848418883
52.0,4,4,9.7,12.2,8.463185887598863
52.0,17,39,64.05238280292625,24.76099625318527,5.401481526554496
53.0,4,7,22.5,24.2,8.893370401044516
53.0,5,5,10.7,32.2,5.073102413365922
53.0,8,17,35.3125,11.5,25.0
53.0,0,0,11.7,30.2,3.3670983319271883
53.0,17,39,64.05238280292625,24.76099625318527,5.589221444152077
53.0,0,0,9.7,30.2,5.008685436220055
53.0,4,7,19.375,20.45,5.715642605468441
53.0,7,11,41.671875,31.05,30.30104377323679
53.0,0,0,10.7,30.2,4.270370367185508
53.0,4,4,11.7,12.2,7.455808152149865
53.0,1,9,22.5,26.2,8.827088060777708
53.0,10,53,55.66428710219468,41.69574718988895,5.324328281303972
53.0,1,1,11.7,18.2,2.0591870647204167
53.0,1,1,10.7,18.2,3.3649249343952095
53.0,4,4,9.7,12.2,9.484889591044675
53.0,10,53,55.55435363275884,38.41582619304865,5.47510892478206
53.0,4,7,16.25,16.7,6.4667687249684
53.0,5,5,11.7,32.2,7.1402452957278
53.0,22,33,75.34617003422196,24.77757431964129,1.749789063518205
53.0,1,1,9.7,18.2,4.612157190759497
53.0,10,53,55.444420163323,35.135905196208356,5.618774326547318
53.0,22,33,70.19085081661501,35.19202598104179,1.7750742745446064
53.0,39,54,65.13294055422217,34.59488633995399,2.040243171799294
53.0,5,5,9.7,32.2,2.6698232060009137
53.0,39,54,61.803742263025825,38.71458719284765,2.0215256809845856
53.0,39,54,58.474543971829476,42.83428804574132,2.001823059074366
53.0,22,33,72.76851042541848,29.98480015034154,1.788367533696119
53.0,17,39,51.36339355109734,12.535373594944474,5.940517140893996
53.0,17,39,57.70788817701179,18.64818492406487,5.768783848418883
53.0,4,4,10.7,12.2,8.463185887598863
54.0,5,5,11.7,32.2,5.073102413365922
54.0,8,17,40.0,8.0,25.0
54.0,4,4,9.7,12.2,10.0
54.0,1,1,9.7,18.2,4.602784136177011
54.0,0,0,10.7,30.2,5.008685436220055
54.0,5,5,9.7,32.2,0.27969569421776486
54.0,4,7,22.5,24.2,5.715642605468441
54.0,7,11,49.25,32.800000000000004,30.30104377323679
54.0,0,0,11.7,30.2,4.270370367185508
54.0,0,0,9.7,30.2,4.666888947044464
54.0,1,1,11.7,18.2,3.3649249343952095
54.0,4,4,10.7,12.2,9.484889591044675
54.0,5,9,16.25,31.0,5.0
54.0,39,54,65.13294055422217,34.59488633995399,2.058024788073267
54.0,4,9,16.25,17.0,5.0
54.0,10,53,55.66428710219468,41.69574718988895,5.47510892478206
54.0,4,7,19.375,20.45,6.4667687249684
54.0,22,33,72.76851042541848,29.98480015034154,1.749789063518205
54.0,1,1,10.7,18.2,4.612157190759497
54.0,10,53,55.55435363275884,38.41582619304865,5.618774326547318
54.0,16,12,48.425534751038576,18.336553363489454,5.0
54.0,39,54,61.803742263025825,38.71458719284765,2.040243171799294
54.0,5,5,10.7,32.2,2.6698232060009137
54.0,39,54,58.474543971829476,42.83428804574132,2.0215256809845856
54.0,17,39,51.36339355109734,12.535373594944474,5.954846479699638
54.0,22,33,70.19085081661501,35.19202598104179,1.788367533696119
54.0,17,39,57.70788817701179,18.64818492406487,5.940517140893996
54.0,10,53,55.444420163323,35.135905196208356,5.755659059162333
54.0,17,39,64.05238280292625,24.76099625318527,5.768783848418883
54.0,4,4,11.7,12.2,8.463185887598863
55.0,4,4,10.7,12.2,10.0
55.0,1,1,10.7,18.2,4.602784136177011
55.0,39,54,65.13294055422217,34.59488633995399,2.0749173235335414
55.0,1,1,9.7,18.2,4.425633487603889
55.0,0,0,11.7,30.2,5.008685436220055
55.0,5,5,10.7,32.2,0.27969569421776486
55.0,0,0,9.7,30.2,4.128663763968379
55.0,0,0,10.7,30.2,4.666888947044464
55.0,16,12,48.425534751038576,18.336553363489454,5.19365504788953
55.0,4,4,11.7,12.2,9.484889591044675
55.0,5,9,19.375,30.0,5.0
55.0,39,54,61.803742263025825,38.71458719284765,2.058024788073267
55.0,5,9,16.25,31.0,6.799921531932924
55.0,4,9,19.375,21.0,5.0
55.0,4,7,22.5,24.2,6.4667687249684
55.0,22,33,70.19085081661501,35.19202598104179,1.749789063518205
55.0,1,1,11.7,18.2,4.612157190759497
55.0,10,53,55.66428710219468,41.69574718988895,5.618774326547318
55.0,4,4,9.7,12.2,10.0
55.0,16,12,52.321813710237386,22.617014499730665,5.0
55.0,4,9,16.25,17.0,6.459925455336277
55.0,39,54,58.474543971829476,42.83428804574132,2.040243171799294
55.0,5,5,11.7,32.2,2.6698232060009137
55.0,17,39,57.70788817701179,18.64818492406487,5.954846479699638
55.0,17,39,64.05238280292625,24.76099625318527,5.940517140893996
55.0,10,53,55.55435363275884,38.41582619304865,5.755659059162333
55.0,10,53,55.444420163323,35.135905196208356,5.727660210524794
55.0,17,39,51.36339355109734,12.535373594944474,5.2399298209301355
56.0,4,4,11.7,12.2,10.0
56.0,1,1,11.7,18.2,4.602784136177011
56.0,39,54,61.803742263025825,38.71458719284765,2.0749173235335414
56.0,1,1,10.7,18.2,4.425633487603889
56.0,0,0,9.7,30.2,3.3669155682350946
56.0,5,5,11.7,32.2,0.27969569421776486
56.0,0,0,10.7,30.2,4.128663763968379
56.0,4,7,16.25,16.7,5.94082499667986
56.0,0,0,11.7,30.2,4.666888947044464
56.0,16,12,52.321813710237386,22.617014499730665,5.19365504788953
56.0,5,9,16.25,31.0,9.244464548890763
56.0,5,9,22.5,29.0,5.0
56.0,39,54,58.474543971829476,42.83428804574132,2.058024788073267
56.0,39,54,65.13294055422217,34.59488633995399,2.090965232220802
56.0,5,9,19.375,30.0,6.799921531932924
56.0,4,9,22.5,25.0,5.0
56.0,1,1,9.7,18.2,4.026732511921448
56.0,4,4,10.7,12.2,10.0
56.0,16,12,56.218092669436196,26.897475635971876,5.0
56.0,4,9,16.25,17.0,8.003133178777267
56.0,4,9,19.375,21.0,6.459925455336277
56.0,16,12,48.425534751038576,18.336553363489454,5.377916481224553
56.0,17,39,64.05238280292625,24.76099625318527,5.954846479699638
56.0,10,53,55.66428710219468,41.69574718988895,5.755659059162333
56.0,17,39,51.36339355109734,12.535373594944474,5.267701225918383
56.0,4,4,9.7,12.2,10.0
56.0,10,53,55.55435363275884,38.41582619304865,5.727660210524794
56.0,17,39,57.70788817701179,18.64818492406487,5.2399298209301355
57.0,39,54,58.474543971829476,42.83428804574132,2.0749173235335414
57.0,1,1,11.7,18.2,4.425633487603889
57.0,0,0,10.7,30.2,3.3669155682350946
57.0,17,39,51.36339355109734,12.535373594944474,5.2940840606572195
57.0,0,0,11.7,30.2,4.128663763968379
57.0,4,7,19.375,20.45,5.94082499667986
57.0,16,12,56.218092669436196,26.897475635971876,5.19365504788953
57.0,5,9,19.375,30.0,9.244464548890763
57.0,39,54,65.13294055422217,34.59488633995399,2.053230617851523
57.0,0,0,9.7,30.2,2.409910334936251
57.0,39,54,61.803742263025825,38.71458719284765,2.090965232220802
57.0,5,9,22.5,29.0,6.799921531932924
57.0,5,9,16.25,31.0,12.26407298343012
57.0,12,63,68.94087831654052,27.10262337502287,2.1979698731088657
57.0,1,1,10.7,18.2,4.026732511921448
57.0,4,4,11.7,12.2,10.0
57.0,4,4,9.7,12.2,10.0
57.0,16,12,48.425534751038576,18.336553363489454,5.553239523840796
57.0,4,9,19.375,21.0,8.003133178777267
57.0,4,9,22.5,25.0,6.459925455336277
57.0,16,12,52.321813710237386,22.617014499730665,5.377916481224553
57.0,4,9,16.25,17.0,10.0
57.0,17,39,57.70788817701179,18.64818492406487,5.267701225918383
57.0,4,4,10.7,12.2,10.0
57.0,10,53,55.66428710219468,41.69574718988895,5.727660210524794
57.0,17,39,64.05238280292625,24.76099625318527,5.2399298209301355
57.0,1,1,9.7,18.2,3.417637378214279
58.0,5,9,16.25,31.0,13.199454185956387
58.0,12,63,68.94087831654052,27.10262337502287,2.202220730737563
58.0,5,5,9.7,32.2,0.03083189451968256
58.0,4,9,16.25,17.0,10.0
58.0,0,0,11.7,30.2,3.3669155682350946
58.0,17,39,57.70788817701179,18.64818492406487,5.2940840606572195
58.0,4,7,22.5,24.2,5.94082499667986
58.0,5,9,22.5,29.0,9.244464548890763
58.0,39,54,61.803742263025825,38.71458719284765,2.053230617851523
58.0,0,0,10.7,30.2,2.409910334936251
58.0,39,54,58.474543971829476,42.83428804574132,2.090965232220802
58.0,5,9,19.375,30.0,12.26407298343012
58.0,12,63,76.94568038299492,24.41993906673789,2.1979698731088657
58.0,1,1,11.7,18.2,4.026732511921448
58.0,17,39,51.36339355109734,12.535373594944474,5.319147753659114
58.0,0,0,9.7,30.2,1.2943221751039315
58.0,16,12,48.425534751038576,18.336553363489454,5.7200573612268
58.0,4,4,10.7,12.2,10.0
58.0,1,1,9.7,18.2,2.6177153268122737
58.0,16,12,52.321813710237386,22.617014499730665,5.553239523840796
58.0,4,9,22.5,25.0,8.003133178777267
58.0,16,12,56.218092669436196,26.897475635971876,5.377916481224553
58.0,4,4,9.7,12.2,10.0
58.0,4,9,19.375,21.0,10.0
58.0,11,43,61.12586427323741,26.0365380733941,5.0
58.0,17,39,64.05238280292625,24.76099625318527,5.267701225918383
58.0,4,4,11.7,12.2,10.0
58.0,1,1,10.7,18.2,3.417637378214279
58.0,9,10,34.09375,29.099999999999998,25.0
59.0,5,9,19.375,30.0,13.199454185956387
59.0,16,12,48.425534751038576,18.336553363489454,5.878782206299049
59.0,6,16,30.625,24.4,25.0
59.0,12,63,76.94568038299492,24.41993906673789,2.202220730737563
59.0,11,43,61.12586427323741,26.0365380733941,5.090232680371189
59.0,5,5,10.7,32.2,0.03083189451968256
59.0,4,9,19.375,21.0,10.0
59.0,12,63,68.94087831654052,27.10262337502287,2.2062590454848254
59.0,17,39,64.05238280292625,24.76099625318527,5.2940840606572195
59.0,4,4,9.7,12.2,10.0
59.0,5,9,16.25,31.0,13.940073158167197
59.0,5,5,9.7,32.2,0.8038949123480543
59.0,39,54,58.474543971829476,42.83428804574132,2.053230617851523
59.0,0,0,11.7,30.2,2.409910334936251
59.0,5,9,22.5,29.0,12.26407298343012
59.0,12,63,84.95048244944932,21.73725475845291,2.1979698731088657
59.0,17,39,57.70788817701179,18.64818492406487,5.319147753659114
59.0,0,0,10.7,30.2,1.2943221751039315
59.0,16,12,52.321813710237386,22.617014499730665,5.7200573612268
59.0,4,4,11.7,12.2,10.0
59.0,1,1,10.7,18.2,2.6177153268122737
59.0,1,1,9.7,18.2,1.6564527523842962
59.0,4,9,16.25,17.0,10.0
59.0,16,12,56.218092669436196,26.897475635971876,5.553239523840796
59.0,9,10,34.09375,29.099999999999998,25.617141551603712
59.0,4,4,10.7,12.2,10.0
59.0,4,9,22.5,25.0,10.0
59.0,0,0,9.7,30.2,0.06616764485147297
59.0,11,43,65.97033450093525,19.23365313455585,5.0
59.0,1,1,11.7,18.2,3.417637378214279
59.0,9,10,41.671875,29.849999999999998,25.0
60.0,9,10,34.09375,29.099999999999998,26.203852116722196
60.0,5,9,22.5,29.0,13.199454185956387
60.0,16,12,52.321813710237386,22.617014499730665,5.878782206299049
60.0,6,16,35.3125,20.4,25.0
60.0,11,43,65.97033450093525,19.23365313455585,5.090232680371189
60.0,5,5,11.7,32.2,0.03083189451968256
60.0,4,9,22.5,25.0,10.0
60.0,4,4,10.7,12.2,10.0
60.0,5,9,19.375,30.0,13.940073158167197
60.0,5,5,10.7,32.2,0.8038949123480543
60.0,4,9,16.25,17.0,10.0
60.0,6,16,30.625,24.4,25.32290854675008
60.0,17,39,64.05238280292625,24.76099625318527,5.319147753659114
60.0,0,0,11.7,30.2,1.2943221751039315
60.0,16,12,56.218092669436196,26.897475635971876,5.7200573612268
60.0,1,1,11.7,18.2,2.6177153268122737
60.0,1,1,10.7,18.2,1.6564527523842962
60.0,4,9,19.375,21.0,10.0
60.0,11,43,61.12586427323741,26.0365380733941,5.178195185899302
60.0,9,10,41.671875,29.849999999999998,25.617141551603712
60.0,4,4,11.7,12.2,10.0
60.0,0,0,10.7,30.2,0.06616764485147297
60.0,11,43,70.81480472863309,12.4307681957176,5.0
60.0,16,12,48.425534751038576,18.336553363489454,5.8897048073508955
60.0,1,1,9.7,18.2,0.5723714377670035
60.0,5,5,9.7,32.2,1.5753357278955478
60.0,9,10,49.25,30.599999999999998,25.0
60.0,4,4,9.7,12.2,10.0
61.0,9,10,41.671875,29.849999999999998,26.203852116722196
61.0,4,4,9.7,12.2,10.0
61.0,16,12,56.218092669436196,26.897475635971876,5.878782206299049
61.0,11,43,61.12586427323741,26.0365380733941,5.263888952367716
61.0,6,16,40.0,16.4,25.0
61.0,11,43,70.81480472863309,12.4307681957176,5.090232680371189
61.0,9,10,34.09375,29.099999999999998,26.761631940124968
61.0,4,4,11.7,12.2,10.0
61.0,5,9,22.5,29.0,13.940073158167197
61.0,5,5,11.7,32.2,0.8038949123480543
61.0,5,5,9.7,32.2,2.3860396797219887
61.0,4,9,19.375,21.0,10.0
61.0,6,16,35.3125,20.4,25.32290854675008
61.0,4,9,16.25,17.0,10.0
61.0,1,1,11.7,18.2,1.6564527523842962
61.0,4,9,22.5,25.0,10.0
61.0,11,43,65.97033450093525,19.23365313455585,5.178195185899302
61.0,6,16,30.625,24.4,25.694714600996463
61.0,9,10,49.25,30.599999999999998,25.617141551603712
61.0,0,0,11.7,30.2,0.06616764485147297
61.0,16,12,52.321813710237386,22.617014499730665,5.8897048073508955
61.0,1,1,10.7,18.2,0.5723714377670035
61.0,43,20,68.78326663755396,7.295672171252902,1.2821183439405721
61.0,5,5,10.7,32.2,1.5753357278955478
61.0,4,4,10.7,12.2,10.0
62.0,9,10,49.25,30.599999999999998,26.203852116722196
62.0,4,4,10.7,12.2,10.0
62.0,11,43,65.97033450093525,19.23365313455585,5.263888952367716
62.0,4,9,16.25,17.0,10.0
62.0,9,10,41.671875,29.849999999999998,26.761631940124968
62.0,5,5,9.7,32.2,3.1593819156479777
62.0,5,5,10.7,32.2,2.3860396797219887
62.0,4,9,22.5,25.0,10.0
62.0,6,16,40.0,16.4,25.32290854675008
62.0,4,9,19.375,21.0,10.0
62.0,9,10,34.09375,29.099999999999998,27.291907319570804
62.0,11,43,70.81480472863309,12.4307681957176,5.178195185899302
62.0,4,4,9.7,12.2,10.0
62.0,6,16,35.3125,20.4,25.694714600996463
62.0,43,20,68.78326663755396,7.295672171252902,1.3150719132018542
62.0,16,12,56.218092669436196,26.897475635971876,5.8897048073508955
62.0,1,1,11.7,18.2,0.5723714377670035
62.0,43,20,63.860671409856124,7.55168211009115,1.2821183439405721
62.0,11,43,61.12586427323741,26.0365380733941,5.3473209474185825
62.0,5,5,11.7,32.2,1.5753357278955478
62.0,4,4,11.7,12.2,10.0
62.0,10,53,55.444420163323,35.135905196208356,5.112835201830273
63.0,4,4,11.7,12.2,10.0
63.0,11,43,70.81480472863309,12.4307681957176,5.263888952367716
63.0,4,9,19.375,21.0,10.0
63.0,9,10,49.25,30.599999999999998,26.761631940124968
63.0,5,5,10.7,32.2,3.1593819156479777
63.0,5,9,16.25,31.0,5.914812118122812
63.0,10,53,55.444420163323,35.135905196208356,5.118786307893147
63.0,5,5,11.7,32.2,2.3860396797219887
63.0,5,5,9.7,32.2,4.132760426019772
63.0,3,6,16.25,18.7,5.0
63.0,0,6,16.25,29.9,5.0
63.0,4,9,22.5,25.0,10.0
63.0,9,10,41.671875,29.849999999999998,27.291907319570804
63.0,4,4,10.7,12.2,10.0
63.0,4,9,16.25,17.0,10.0
63.0,11,43,61.12586427323741,26.0365380733941,5.428503113777485
63.0,6,16,40.0,16.4,25.694714600996463
63.0,43,20,63.860671409856124,7.55168211009115,1.3150719132018542
63.0,43,20,58.938076182158284,7.807692048929398,1.2821183439405721
63.0,4,4,9.7,12.2,10.0
63.0,11,43,65.97033450093525,19.23365313455585,5.3473209474185825
63.0,43,20,68.78326663755396,7.295672171252902,1.3463778040000722
63.0,10,53,55.55435363275884,38.41582619304865,5.112835201830273
64.0,4,9,22.5,25.0,10.0
64.0,5,5,11.7,32.2,3.1593819156479777
64.0,43,20,68.78326663755396,7.295672171252902,1.3761184002583793
64.0,5,9,19.375,30.0,5.914812118122812
64.0,10,53,55.55435363275884,38.41582619304865,5.118786307893147
64.0,5,5,10.7,32.2,4.132760426019772
64.0,5,5,9.7,32.2,5.009487614182023
64.0,3,6,19.375,22.45,5.0
64.0,1,6,16.25,21.5,5.0
64.0,3,6,16.25,18.7,6.518640238438275
64.0,10,53,55.444420163323,35.135905196208356,5.1244398586528765
64.0,4,4,9.7,12.2,10.0
64.0,0,6,19.375,29.65,5.0
64.0,9,10,49.25,30.599999999999998,27.291907319570804
64.0,4,9,16.25,17.0,10.0
64.0,4,4,11.7,12.2,10.0
64.0,4,9,19.375,21.0,10.0
64.0,11,43,65.97033450093525,19.23365313455585,5.428503113777485
64.0,0,6,16.25,29.9,6.861726566777133
64.0,43,20,58.938076182158284,7.807692048929398,1.3150719132018542
64.0,4,4,10.7,12.2,10.0
64.0,11,43,70.81480472863309,12.4307681957176,5.3473209474185825
64.0,43,20,63.860671409856124,7.55168211009115,1.3463778040000722
64.0,22,44,77.49133649784287,16.167504253586003,1.0
64.0,10,53,55.66428710219468,41.69574718988895,5.112835201830273
65.0,43,20,68.78326663755396,7.295672171252902,1.404371966703771
65.0,5,5,9.7,32.2,6.039806255650867
65.0,1,6,16.25,21.5,5.694019503699937
65.0,10,53,55.444420163323,35.135905196208356,5.1298107318746204
65.0,4,9,16.25,17.0,10.0
65.0,22,44,77.49133649784287,16.167504253586003,1.0262458048202097
65.0,43,20,63.860671409856124,7.55168211009115,1.3761184002583793
65.0,5,9,22.5,29.0,5.914812118122812
65.0,10,53,55.66428710219468,41.69574718988895,5.118786307893147
65.0,5,5,11.7,32.2,4.132760426019772
65.0,5,5,10.7,32.2,5.009487614182023
65.0,3,6,22.5,26.2,5.0
65.0,1,6,19.375,24.25,5.0
65.0,3,6,16.25,18.7,7.890577240609425
65.0,3,6,19.375,22.45,6.518640238438275
65.0,10,53,55.55435363275884,38.41582619304865,5.1244398586528765
65.0,4,4,10.7,12.2,10.0
65.0,0,6,22.5,29.4,5.0
65.0,4,9,19.375,21.0,10.0
65.0,4,9,22.5,25.0,10.0
65.0,11,43,70.81480472863309,12.4307681957176,5.428503113777485
65.0,0,6,16.25,29.9,8.648957107927727
65.0,0,0,9.7,30.2,0.016662082832254923
65.0,0,6,19.375,29.65,6.861726566777133
65.0,5,9,16.25,31.0,5.545421595369966
65.0,4,4,11.7,12.2,10.0
65.0,4,4,9.7,12.2,10.0
65.0,43,20,58.938076182158284,7.807692048929398,1.3463778040000722
65.0,22,44,76.70131560872348,14.199671695906847,1.0
66.0,1,6,16.25,21.5,6.183111541902855
66.0,43,20,63.860671409856124,7.55168211009115,1.404371966703771
66.0,22,44,77.49133649784287,16.167504253586003,1.0511793193994088
66.0,5,5,10.7,32.2,6.039806255650867
66.0,1,6,19.375,24.25,5.694019503699937
66.0,10,53,55.55435363275884,38.41582619304865,5.1298107318746204
66.0,4,9,19.375,21.0,10.0
66.0,22,44,76.70131560872348,14.199671695906847,1.0262458048202097
66.0,5,5,9.7,32.2,6.895964515999472
66.0,43,20,58.938076182158284,7.807692048929398,1.3761184002583793
66.0,43,20,68.78326663755396,7.295672171252902,1.4312128548268932
66.0,5,5,11.7,32.2,5.009487614182023
66.0,1,6,22.5,27.0,5.0
66.0,3,6,19.375,22.45,7.890577240609425
66.0,3,6,22.5,26.2,6.518640238438275
66.0,10,53,55.66428710219468,41.69574718988895,5.1244398586528765
66.0,4,4,11.7,12.2,10.0
66.0,4,9,16.25,17.0,10.0
66.0,4,9,22.5,25.0,10.0
66.0,10,53,55.444420163323,35.135905196208356,5.1349130614352765
66.0,0,6,19.375,29.65,8.648957107927727
66.0,0,0,10.7,30.2,0.016662082832254923
66.0,0,6,22.5,29.4,6.861726566777133
66.0,5,9,19.375,30.0,5.545421595369966
66.0,3,6,16.25,18.7,9.126197882529025
66.0,0,0,9.7,30.2,0.6400977862899747
66.0,4,4,9.7,12.2,10.0
66.0,4,4,10.7,12.2,10.0
66.0,0,6,16.25,29.9,10.36490395419096
66.0,22,44,75.91129471960409,12.231839138227691,1.0
67.0,1,6,19.375,24.25,6.183111541902855
67.0,4,9,16.25,17.0,10.0
67.0,4,4,9.7,12.2,10.0
67.0,43,20,58.938076182158284,7.807692048929398,1.404371966703771
67.0,22,44,76.70131560872348,14.199671695906847,1.0511793193994088
67.0,5,5,11.7,32.2,6.039806255650867
67.0,1,6,22.5,27.0,5.694019503699937
67.0,10,53,55.66428710219468,41.69574718988895,5.1298107318746204
67.0,4,9,22.5,25.0,10.0
67.0,0,0,9.7,30.2,1.31815904688797
67.0,22,44,75.91129471960409,12.231839138227691,1.0262458048202097
67.0,5,5,10.7,32.2,6.895964515999472
67.0,1,1,9.7,18.2,0.2341667852174271
67.0,43,20,63.860671409856124,7.55168211009115,1.4312128548268932
67.0,3,6,22.5,26.2,7.890577240609425
67.0,4,9,19.375,21.0,10.0
67.0,10,53,55.55435363275884,38.41582619304865,5.1349130614352765
67.0,22,44,77.49133649784287,16.167504253586003,1.0748661582496482
67.0,0,6,22.5,29.4,8.648957107927727
67.0,3,6,16.25,18.7,10.235222232195763
67.0,0,0,11.7,30.2,0.016662082832254923
67.0,10,53,55.444420163323,35.135905196208356,5.1397602745179
67.0,5,9,22.5,29.0,5.545421595369966
67.0,3,6,19.375,22.45,9.126197882529025
67.0,5,5,9.7,32.2,7.467425689392442
67.0,1,6,16.25,21.5,6.494806173768025
67.0,0,0,10.7,30.2,0.6400977862899747
67.0,4,4,10.7,12.2,10.0
67.0,43,20,68.78326663755396,7.295672171252902,1.4238363438251347
67.0,4,4,11.7,12.2,10.0
67.0,0,6,19.375,29.65,10.36490395419096
68.0,1,6,22.5,27.0,6.183111541902855
68.0,4,9,19.375,21.0,10.0
68.0,4,4,10.7,12.2,10.0
68.0,0,0,9.7,30.2,2.043870153145673
68.0,22,44,75.91129471960409,12.231839138227691,1.0511793193994088
68.0,0,0,10.7,30.2,1.31815904688797
68.0,5,5,9.7,32.2,6.624821072554699
68.0,5,5,11.7,32.2,6.895964515999472
68.0,1,1,10.7,18.2,0.2341667852174271
68.0,43,20,58.938076182158284,7.807692048929398,1.4312128548268932
68.0,3,6,16.25,18.7,11.226412197655597
68.0,3,3,9.7,14.2,0.10264619792193336
68.0,4,9,22.5,25.0,10.0
68.0,4,9,16.25,17.0,10.0
68.0,4,4,9.7,12.2,10.0
68.0,10,53,55.66428710219468,41.69574718988895,5.1349130614352765
68.0,22,44,76.70131560872348,14.199671695906847,1.0748661582496482
68.0,3,6,19.375,22.45,10.235222232195763
68.0,22,44,77.49133649784287,16.167504253586003,1.0973686551573754
68.0,1,6,16.25,21.5,6.653528031845188
68.0,10,53,55.55435363275884,38.41582619304865,5.1397602745179
68.0,3,6,22.5,26.2,9.126197882529025
68.0,5,5,10.7,32.2,7.467425689392442
68.0,1,6,19.375,24.25,6.494806173768025
68.0,1,1,9.7,18.2,0.8048863643595008
68.0,0,0,11.7,30.2,0.6400977862899747
68.0,4,4,11.7,12.2,10.0
68.0,43,20,63.860671409856124,7.55168211009115,1.4238363438251347
68.0,0,6,22.5,29.4,10.36490395419096
69.0,4,9,22.5,25.0,10.0
69.0,4,4,11.7,12.2,10.0
69.0,0,0,10.7,30.2,2.043870153145673
69.0,5,5,9.7,32.2,5.47954846075887
69.0,0,0,11.7,30.2,1.31815904688797
69.0,5,5,10.7,32.2,6.624821072554699
69.0,1,1,11.7,18.2,0.2341667852174271
69.0,4,4,9.7,12.2,10.0
69.0,3,6,19.375,22.45,11.226412197655597
69.0,3,3,10.7,14.2,0.10264619792193336
69.0,4,7,16.25,16.7,10.0
69.0,3,3,9.7,14.2,0.2497195842207618
69.0,22,44,77.49133649784287,16.167504253586003,1.1187460272197163
69.0,4,9,19.375,21.0,10.0
69.0,4,4,10.7,12.2,10.0
69.0,22,44,75.91129471960409,12.231839138227691,1.0748661582496482
69.0,1,1,9.7,18.2,1.3550060574483287
69.0,3,6,22.5,26.2,10.235222232195763
69.0,22,44,76.70131560872348,14.199671695906847,1.0973686551573754
69.0,1,6,19.375,24.25,6.653528031845188
69.0,10,53,55.66428710219468,41.69574718988895,5.1397602745179
69.0,5,5,11.7,32.2,7.467425689392442
69.0,1,6,22.5,27.0,6.494806173768025
69.0,1,1,10.7,18.2,0.8048863643595008
69.0,22,33,75.34617003422196,24.77757431964129,1.0
69.0,43,20,58.938076182158284,7.807692048929398,1.4238363438251347
69.0,0,0,9.7,30.2,2.7803935030428146
70.0,0,0,11.7,30.2,2.043870153145673
70.0,5,5,10.7,32.2,5.47954846075887
70.0,1,1,9.7,18.2,1.5332350250295845
70.0,0,0,9.7,30.2,3.3974750951323025
70.0,5,5,11.7,32.2,6.624821072554699
70.0,4,4,10.7,12.2,10.0
70.0,3,6,22.5,26.2,11.226412197655597
70.0,3,3,11.7,14.2,0.10264619792193336
70.0,4,7,19.375,20.45,10.0
70.0,3,3,10.7,14.2,0.2497195842207618
70.0,22,44,76.70131560872348,14.199671695906847,1.1187460272197163
70.0,4,9,22.5,25.0,10.0
70.0,4,4,11.7,12.2,10.0
70.0,1,1,10.7,18.2,1.3550060574483287
70.0,22,44,75.91129471960409,12.231839138227691,1.0973686551573754
70.0,1,6,22.5,27.0,6.653528031845188
70.0,39,54,65.13294055422217,34.59488633995399,1.0
70.0,1,1,11.7,18.2,0.8048863643595008
70.0,4,7,16.25,16.7,10.0
70.0,4,4,9.7,12.2,10.0
70.0,22,33,72.76851042541848,29.98480015034154,1.0
70.0,22,33,75.34617003422196,24.77757431964129,1.052046972878743
70.0,0,0,10.7,30.2,2.7803935030428146
70.0,5,5,9.7,32.2,4.01816819508321
71.0,22,33,75.34617003422196,24.77757431964129,1.1014915971135486
71.0,5,5,11.7,32.2,5.47954846075887
71.0,1,1,10.7,18.2,1.5332350250295845
71.0,4,7,16.25,16.7,10.0
71.0,0,0,10.7,30.2,3.3974750951323025
71.0,4,4,11.7,12.2,10.0
71.0,4,4,9.7,12.2,10.0
71.0,0,0,9.7,30.2,3.2184828391208398
71.0,4,7,22.5,24.2,10.0
71.0,3,3,11.7,14.2,0.2497195842207618
71.0,22,44,75.91129471960409,12.231839138227691,1.1187460272197163
71.0,1,1,11.7,18.2,1.3550060574483287
71.0,5,5,9.7,32.2,2.2986158890635986
71.0,39,54,61.803742263025825,38.71458719284765,1.0
71.0,4,7,19.375,20.45,10.0
71.0,4,4,10.7,12.2,10.0
71.0,22,33,70.19085081661501,35.19202598104179,1.0
71.0,22,33,72.76851042541848,29.98480015034154,1.052046972878743
71.0,0,0,11.7,30.2,2.7803935030428146
71.0,39,54,65.13294055422217,34.59488633995399,1.0594226611601973
71.0,1,1,9.7,18.2,1.6623082260138027
71.0,5,5,10.7,32.2,4.01816819508321
72.0,22,33,75.34617003422196,24.77757431964129,1.148463990136614
72.0,22,33,72.76851042541848,29.98480015034154,1.1014915971135486
72.0,39,54,65.13294055422217,34.59488633995399,1.1262453029661255
72.0,1,1,11.7,18.2,1.5332350250295845
72.0,4,7,19.375,20.45,10.0
72.0,0,0,11.7,30.2,3.3974750951323025
72.0,4,4,10.7,12.2,10.0
72.0,5,5,9.7,32.2,0.3910637753070245
72.0,0,0,10.7,30.2,3.2184828391208398
72.0,0,0,9.7,30.2,2.9094205207578097
72.0,4,7,16.25,16.7,10.0
72.0,5,5,10.7,32.2,2.2986158890635986
72.0,39,54,58.474543971829476,42.83428804574132,1.0
72.0,4,7,22.5,24.2,10.0
72.0,4,4,11.7,12.2,10.0
72.0,4,4,9.7,12.2,10.0
72.0,22,33,70.19085081661501,35.19202598104179,1.052046972878743
72.0,39,54,61.803742263025825,38.71458719284765,1.0594226611601973
72.0,1,1,10.7,18.2,1.6623082260138027
72.0,1,1,9.7,18.2,1.7171774640763933
72.0,5,5,11.7,32.2,4.01816819508321
73.0,22,33,72.76851042541848,29.98480015034154,1.148463990136614
73.0,22,33,70.19085081661501,35.19202598104179,1.1014915971135486
73.0,39,54,61.803742263025825,38.71458719284765,1.1262453029661255
73.0,4,7,22.5,24.2,10.0
73.0,39,54,65.13294055422217,34.59488633995399,1.189726812681757
73.0,4,4,11.7,12.2,10.0
73.0,5,5,10.7,32.2,0.3910637753070245
73.0,0,0,11.7,30.2,3.2184828391208398
73.0,4,7,16.25,16.7,10.0
73.0,1,1,9.7,18.2,1.6926414889843753
73.0,0,0,10.7,30.2,2.9094205207578097
73.0,4,7,19.375,20.45,10.0
73.0,5,5,11.7,32.2,2.2986158890635986
73.0,0,0,9.7,30.2,2.4459375635563156
73.0,22,33,75.34617003422196,24.77757431964129,1.1930877635085262
73.0,4,4,10.7,12.2,10.0
73.0,4,4,9.7,12.2,10.0
73.0,39,54,58.474543971829476,42.83428804574132,1.0594226611601973
73.0,1,1,11.7,18.2,1.6623082260138027
73.0,1,1,10.7,18.2,1.7171774640763933
74.0,22,33,70.19085081661501,35.19202598104179,1.148463990136614
74.0,39,54,58.474543971829476,42.83428804574132,1.1262453029661255
74.0,0,0,9.7,30.2,1.8447046122588546
74.0,39,54,61.803742263025825,38.71458719284765,1.189726812681757
74.0,4,4,9.7,12.2,10.0
74.0,5,5,11.7,32.2,0.3910637753070245
74.0,4,7,16.25,16.7,10.0
74.0,39,54,65.13294055422217,34.59488633995399,1.250034246911607
74.0,4,7,19.375,20.45,10.0
74.0,1,1,10.7,18.2,1.6926414889843753
74.0,0,0,11.7,30.2,2.9094205207578097
74.0,4,7,22.5,24.2,10.0
74.0,1,1,9.7,18.2,1.586216901346268
74.0,0,0,10.7,30.2,2.4459375635563156
74.0,22,33,72.76851042541848,29.98480015034154,1.1930877635085262
74.0,4,4,11.7,12.2,10.0
74.0,4,4,10.7,12.2,10.0
74.0,1,1,11.7,18.2,1.7171774640763933
74.0,22,33,75.34617003422196,24.77757431964129,1.2354803482118428
75.0,0,0,9.7,30.2,1.1280622824883761
75.0,19,54,52.73746890844124,18.007542853102976,1.0
75.0,0,0,10.7,30.2,1.8447046122588546
75.0,39,54,58.474543971829476,42.83428804574132,1.189726812681757
75.0,4,4,10.7,12.2,10.0
75.0,4,7,19.375,20.45,10.0
75.0,39,54,61.803742263025825,38.71458719284765,1.250034246911607
75.0,10,18,54.144798560048365,24.86098789942024,5.0
75.0,4,7,22.5,24.2,10.0
75.0,1,1,11.7,18.2,1.6926414889843753
75.0,39,54,65.13294055422217,34.59488633995399,1.3073263094299645
75.0,4,4,9.7,12.2,10.0
75.0,1,1,10.7,18.2,1.586216901346268
75.0,0,0,11.7,30.2,2.4459375635563156
75.0,22,33,70.19085081661501,35.19202598104179,1.1930877635085262
75.0,4,8,16.25,14.3,10.0
75.0,1,1,9.7,18.2,1.3992546698862462
75.0,4,4,11.7,12.2,10.0
75.0,22,33,75.34617003422196,24.77757431964129,1.260272575260496
75.0,22,33,72.76851042541848,29.98480015034154,1.2354803482118428
76.0,0,0,10.7,30.2,1.1280622824883761
76.0,39,54,65.13294055422217,34.59488633995399,1.358864794153946
76.0,0,0,9.7,30.2,0.3249551910286057
76.0,19,54,53.835224776452364,28.05129495130057,1.0
76.0,1,1,9.7,18.2,1.137008475550007
76.0,0,0,11.7,30.2,1.8447046122588546
76.0,11,34,56.17804363693046,30.36698674821567,5.0
76.0,4,4,11.7,12.2,10.0
76.0,4,7,22.5,24.2,10.0
76.0,39,54,58.474543971829476,42.83428804574132,1.250034246911607
76.0,10,18,53.17171402675534,19.578477815603776,5.0
76.0,39,54,61.803742263025825,38.71458719284765,1.3073263094299645
76.0,4,4,9.7,12.2,10.0
76.0,22,33,75.34617003422196,24.77757431964129,1.2657421138932816
76.0,4,4,10.7,12.2,10.0
76.0,1,1,11.7,18.2,1.586216901346268
76.0,4,8,19.375,16.05,10.0
76.0,1,1,10.7,18.2,1.3992546698862462
76.0,22,33,72.76851042541848,29.98480015034154,1.260272575260496
76.0,4,8,16.25,14.3,10.0
76.0,22,33,70.19085081661501,35.19202598104179,1.2354803482118428
76.0,10,18,54.144798560048365,24.86098789942024,5.001748570648488
77.0,39,54,65.13294055422217,34.59488633995399,1.4019662469152605
77.0,0,0,11.7,30.2,1.1280622824883761
77.0,39,54,61.803742263025825,38.71458719284765,1.358864794153946
77.0,1,1,9.7,18.2,0.8085637458632662
77.0,0,0,10.7,30.2,0.3249551910286057
77.0,19,54,54.93298064446349,38.09504704949816,1.0
77.0,1,1,10.7,18.2,1.137008475550007
77.0,11,34,56.17804363693046,30.36698674821567,5.0401958521979395
77.0,11,34,56.899330001039175,27.172809038395393,5.0
77.0,10,18,52.19862949346231,14.29596773178731,5.0
77.0,4,4,9.7,12.2,10.0
77.0,39,54,58.474543971829476,42.83428804574132,1.3073263094299645
77.0,4,4,10.7,12.2,10.0
77.0,10,18,54.144798560048365,24.86098789942024,5.053409712764551
77.0,22,33,72.76851042541848,29.98480015034154,1.2657421138932816
77.0,4,4,11.7,12.2,10.0
77.0,4,8,22.5,17.8,10.0
77.0,1,1,11.7,18.2,1.3992546698862462
77.0,4,8,16.25,14.3,10.0
77.0,22,33,70.19085081661501,35.19202598104179,1.260272575260496
77.0,4,8,19.375,16.05,10.0
77.0,10,18,53.17171402675534,19.578477815603776,5.001748570648488
78.0,39,54,61.803742263025825,38.71458719284765,1.4019662469152605
78.0,39,54,58.474543971829476,42.83428804574132,1.358864794153946
78.0,1,1,10.7,18.2,0.8085637458632662
78.0,1,1,9.7,18.2,0.42657851916655026
78.0,0,0,11.7,30.2,0.3249551910286057
78.0,1,1,11.7,18.2,1.137008475550007
78.0,11,34,56.899330001039175,27.172809038395393,5.0401958521979395
78.0,11,34,57.620616365147896,23.978631328575116,5.0
78.0,4,4,10.7,12.2,10.0
78.0,4,4,11.7,12.2,10.0
78.0,10,18,53.17171402675534,19.578477815603776,5.053409712764551
78.0,39,54,65.13294055422217,34.59488633995399,1.4337113872217448
78.0,4,8,16.25,14.3,10.0
78.0,22,33,70.19085081661501,35.19202598104179,1.2657421138932816
78.0,11,34,56.17804363693046,30.36698674821567,5.128381911785982
78.0,10,18,54.144798560048365,24.86098789942024,5.052487797774811
78.0,4,8,19.375,16.05,10.0
78.0,4,8,22.5,17.8,10.0
78.0,10,18,52.19862949346231,14.29596773178731,5.001748570648488
78.0,4,4,9.7,12.2,10.0
79.0,39,54,58.474543971829476,42.83428804574132,1.4019662469152605
79.0,1,1,11.7,18.2,0.8085637458632662
79.0,1,1,10.7,18.2,0.42657851916655026
79.0,11,34,57.620616365147896,23.978631328575116,5.0401958521979395
79.0,1,1,9.7,18.2,0.006842130027169824
79.0,4,4,9.7,12.2,10.0
79.0,11,34,56.17804363693046,30.36698674821567,5.162158668394622
79.0,4,4,11.7,12.2,10.0
79.0,10,18,52.19862949346231,14.29596773178731,5.053409712764551
79.0,10,18,54.144798560048365,24.86098789942024,5.051611978534558
79.0,4,8,16.25,14.3,10.0
79.0,39,54,61.803742263025825,38.71458719284765,1.4337113872217448
79.0,4,8,19.375,16.05,10.0
79.0,11,34,56.899330001039175,27.172809038395393,5.128381911785982
79.0,39,54,65.13294055422217,34.59488633995399,1.451493955210359
79.0,10,18,53.17171402675534,19.578477815603776,5.052487797774811
79.0,4,8,22.5,17.8,10.0
79.0,16,19,46.051048560048365,11.026512100579756,5.0
79.0,4,4,10.7,12.2,10.0
80.0,1,1,11.7,18.2,0.42657851916655026
80.0,1,1,10.7,18.2,0.006842130027169824
80.0,4,4,10.7,12.2,10.0
80.0,4,8,16.25,14.3,10.0
80.0,11,34,56.899330001039175,27.172809038395393,5.162158668394622
80.0,43,20,68.78326663755396,7.295672171252902,1.0
80.0,11,34,56.17804363693046,30.36698674821567,5.19424658717283
80.0,39,54,65.13294055422217,34.59488633995399,1.452996707785504
80.0,10,18,53.17171402675534,19.578477815603776,5.051611978534558
80.0,4,8,19.375,16.05,10.0
80.0,39,54,58.474543971829476,42.83428804574132,1.4337113872217448
80.0,4,8,22.5,17.8,10.0
80.0,10,18,54.144798560048365,24.86098789942024,5.0507799502563175
80.0,11,34,57.620616365147896,23.978631328575116,5.128381911785982
80.0,39,54,61.803742263025825,38.71458719284765,1.451493955210359
80.0,10,18,52.19862949346231,14.29596773178731,5.052487797774811
80.0,4,4,9.7,12.2,10.0
80.0,16,19,47.96858902675534,9.215272184396222,5.0
80.0,16,19,46.051048560048365,11.026512100579756,5.056167236063629
80.0,4,4,11.7,12.2,10.0
81.0,1,1,11.7,18.2,0.006842130027169824
81.0,4,8,16.25,14.3,10.0
81.0,4,4,11.7,12.2,10.0
81.0,4,8,19.375,16.05,10.0
81.0,11,34,57.620616365147896,23.978631328575116,5.162158668394622
81.0,43,20,63.860671409856124,7.55168211009115,1.0
81.0,11,34,56.899330001039175,27.172809038395393,5.19424658717283
81.0,39,54,61.803742263025825,38.71458719284765,1.452996707785504
81.0,16,19,46.051048560048365,11.026512100579756,5.109526110324077
81.0,11,34,56.17804363693046,30.36698674821567,5.2247301100121275
81.0,10,18,52.19862949346231,14.29596773178731,5.051611978534558
81.0,4,8,22.5,17.8,10.0
81.0,10,18,53.17171402675534,19.578477815603776,5.0507799502563175
81.0,39,54,58.474543971829476,42.83428804574132,1.451493955210359
81.0,4,4,10.7,12.2,10.0
81.0,16,19,49.88612949346231,7.404032268212687,5.0
81.0,16,19,47.96858902675534,9.215272184396222,5.056167236063629
81.0,4,4,9.7,12.2,10.0
81.0,43,20,68.78326663755396,7.295672171252902,1.0365625422950355
82.0,4,8,16.25,14.3,10.0
82.0,7,11,34.09375,29.3,25.0
82.0,43,20,68.78326663755396,7.295672171252902,1.0817939016385947
82.0,4,8,19.375,16.05,10.0
82.0,4,8,22.5,17.8,10.0
82.0,43,20,58.938076182158284,7.807692048929398,1.0
82.0,11,34,57.620616365147896,23.978631328575116,5.19424658717283
82.0,39,54,58.474543971829476,42.83428804574132,1.452996707785504
82.0,16,19,47.96858902675534,9.215272184396222,5.109526110324077
82.0,11,34,56.899330001039175,27.172809038395393,5.2247301100121275
82.0,4,4,9.7,12.2,10.0
82.0,10,18,52.19862949346231,14.29596773178731,5.0507799502563175
82.0,4,4,11.7,12.2,10.0
82.0,16,19,49.88612949346231,7.404032268212687,5.056167236063629
82.0,4,4,10.7,12.2,10.0
82.0,16,19,46.051048560048365,11.026512100579756,5.160217040871502
82.0,43,20,63.860671409856124,7.55168211009115,1.0365625422950355
83.0,4,8,19.375,16.05,10.0
83.0,7,11,41.671875,31.05,25.0
83.0,43,20,63.860671409856124,7.55168211009115,1.0817939016385947
83.0,16,19,46.051048560048365,11.026512100579756,5.208373424891556
83.0,4,8,22.5,17.8,10.0
83.0,16,19,49.88612949346231,7.404032268212687,5.109526110324077
83.0,4,4,9.7,12.2,10.0
83.0,11,34,57.620616365147896,23.978631328575116,5.2247301100121275
83.0,7,11,34.09375,29.3,25.342368019317938
83.0,4,4,10.7,12.2,10.0
83.0,4,4,11.7,12.2,10.0
83.0,43,20,68.78326663755396,7.295672171252902,1.1247636930149758
83.0,16,19,47.96858902675534,9.215272184396222,5.160217040871502
83.0,43,20,58.938076182158284,7.807692048929398,1.0365625422950355
84.0,4,8,22.5,17.8,10.0
84.0,7,11,49.25,32.800000000000004,25.0
84.0,43,20,58.938076182158284,7.807692048929398,1.0817939016385947
84.0,16,19,47.96858902675534,9.215272184396222,5.208373424891556
84.0,7,11,34.09375,29.3,25.930458539109495
84.0,43,20,68.78326663755396,7.295672171252902,1.1655849948225376
84.0,4,4,9.7,12.2,8.760903056885581
84.0,4,4,10.7,12.2,10.0
84.0,7,11,41.671875,31.05,25.342368019317938
84.0,4,4,11.7,12.2,10.0
84.0,16,19,46.051048560048365,11.026512100579756,5.254121989710607
84.0,43,20,63.860671409856124,7.55168211009115,1.1247636930149758
84.0,16,19,49.88612949346231,7.404032268212687,5.160217040871502
84.0,12,64,65.77312964580504,27.152529080895633,1.0
85.0,19,64,60.23266186682788,10.095766134106343,1.0
85.0,16,19,49.88612949346231,7.404032268212687,5.208373424891556
85.0,7,11,41.671875,31.05,25.930458539109495
85.0,43,20,63.860671409856124,7.55168211009115,1.1655849948225376
85.0,4,4,10.7,12.2,8.760903056885581
85.0,4,4,11.7,12.2,10.0
85.0,7,11,49.25,32.800000000000004,25.342368019317938
85.0,4,4,9.7,12.2,7.083760960926883
85.0,43,20,68.78326663755396,7.295672171252902,1.2043652315397217
85.0,16,19,47.96858902675534,9.215272184396222,5.254121989710607
85.0,43,20,58.938076182158284,7.807692048929398,1.1247636930149758
85.0,12,64,71.1381411533132,24.511432860837957,1.0
86.0,22,33,75.34617003422196,24.77757431964129,1.0
86.0,12,64,65.77312964580504,27.152529080895633,1.0
86.0,19,64,67.57641186682788,13.546370966473413,1.0
86.0,7,11,49.25,32.800000000000004,25.930458539109495
86.0,2,7,16.25,23.0,5.0
86.0,1,7,16.25,20.9,5.0
86.0,43,20,58.938076182158284,7.807692048929398,1.1655849948225376
86.0,4,4,11.7,12.2,8.760903056885581
86.0,4,4,10.7,12.2,7.083760960926883
86.0,43,20,68.78326663755396,7.295672171252902,1.2224370188993503
86.0,4,4,9.7,12.2,4.99047596976612
86.0,43,20,63.860671409856124,7.55168211009115,1.2043652315397217
86.0,16,19,49.88612949346231,7.404032268212687,5.254121989710607
86.0,12,64,76.50315266082136,21.87033664078028,1.0
87.0,22,33,72.76851042541848,29.98480015034154,1.0
87.0,43,20,68.78326663755396,7.295672171252902,1.2190076522545497
87.0,12,64,71.1381411533132,24.511432860837957,1.0
87.0,19,64,74.92016186682788,16.99697579884048,1.0
87.0,22,33,75.34617003422196,24.77757431964129,1.0379682353751214
87.0,2,7,19.375,24.5,5.0
87.0,1,7,19.375,23.15,5.0
87.0,12,64,65.77312964580504,27.152529080895633,1.0442140186380129
87.0,4,4,9.7,12.2,2.5638100753191155
87.0,4,4,11.7,12.2,7.083760960926883
87.0,43,20,63.860671409856124,7.55168211009115,1.2224370188993503
87.0,3,7,16.25,18.099999999999998,5.0
87.0,4,4,10.7,12.2,4.99047596976612
87.0,43,20,58.938076182158284,7.807692048929398,1.2043652315397217
87.0,0,7,16.25,29.3,5.0
87.0,2,7,16.25,23.0,6.242882920149362
87.0,1,1,9.7,18.2,0.3680661023371168
87.0,1,7,16.25,20.9,6.571455705420381
88.0,22,33,70.19085081661501,35.19202598104179,1.0
88.0,43,20,63.860671409856124,7.55168211009115,1.2190076522545497
88.0,12,64,76.50315266082136,21.87033664078028,1.0
88.0,1,1,9.7,18.2,1.051179783222861
88.0,22,33,72.76851042541848,29.98480015034154,1.0379682353751214
88.0,2,7,16.25,23.0,7.376911847973886
88.0,2,7,22.5,26.0,5.0
88.0,1,7,22.5,25.4,5.0
88.0,22,44,77.49133649784287,16.167504253586003,1.0
88.0,3,7,16.25,18.099999999999998,5.009163051993552
88.0,3,3,9.7,14.2,0.3237249498046881
88.0,12,64,71.1381411533132,24.511432860837957,1.0442140186380129
88.0,19,64,60.23266186682788,10.095766134106343,1.0
88.0,1,7,16.25,20.9,5.097561967889287
88.0,4,4,10.7,12.2,2.5638100753191155
88.0,0,7,16.25,29.3,5.535961107361634
88.0,43,20,58.938076182158284,7.807692048929398,1.2224370188993503
88.0,3,7,19.375,21.349999999999998,5.0
88.0,4,4,11.7,12.2,4.99047596976612
88.0,0,7,19.375,28.55,5.0
88.0,2,7,19.375,24.5,6.242882920149362
88.0,1,1,10.7,18.2,0.3680661023371168
88.0,1,7,19.375,23.15,6.571455705420381
89.0,43,20,58.938076182158284,7.807692048929398,1.2190076522545497
89.0,12,64,65.77312964580504,27.152529080895633,1.0
89.0,0,0,9.7,30.2,0.17414414941681305
89.0,1,1,10.7,18.2,1.051179783222861
89.0,22,33,70.19085081661501,35.19202598104179,1.0379682353751214
89.0,2,7,19.375,24.5,7.376911847973886
89.0,22,44,76.70131560872348,14.199671695906847,1.0
89.0,0,7,16.25,29.3,5.642762406095865
89.0,3,7,19.375,21.349999999999998,5.009163051993552
89.0,3,3,10.7,14.2,0.3237249498046881
89.0,12,64,76.50315266082136,21.87033664078028,1.0442140186380129
89.0,19,64,67.57641186682788,13.546370966473413,1.0
89.0,3,3,9.7,14.2,0.6317218047188193
89.0,1,7,19.375,23.15,5.097561967889287
89.0,4,4,11.7,12.2,2.5638100753191155
89.0,0,7,19.375,28.55,5.535961107361634
89.0,2,7,16.25,23.0,8.408540658787922
89.0,3,7,22.5,24.599999999999998,5.0
89.0,0,7,22.5,27.8,5.0
89.0,2,7,22.5,26.0,6.242882920149362
89.0,1,1,11.7,18.2,0.3680661023371168
89.0,1,7,22.5,25.4,6.571455705420381
89.0,1,1,9.7,18.2,1.776252152371265
90.0,12,64,71.1381411533132,24.511432860837957,1.0
90.0,0,0,10.7,30.2,0.17414414941681305
90.0,12,64,65.77312964580504,27.152529080895633,1.0290276707324664
90.0,3,3,9.7,14.2,0.9445082565768395
90.0,1,1,11.7,18.2,1.051179783222861
90.0,1,1,9.7,18.2,2.5203767770618524
90.0,2,7,22.5,26.0,7.376911847973886
90.0,2,7,16.25,23.0,9.331435058808061
90.0,22,44,75.91129471960409,12.231839138227691,1.0
90.0,0,7,19.375,28.55,5.642762406095865
90.0,3,7,22.5,24.599999999999998,5.009163051993552
90.0,3,3,11.7,14.2,0.3237249498046881
90.0,19,64,74.92016186682788,16.99697579884048,1.0
90.0,3,3,10.7,14.2,0.6317218047188193
90.0,2,2,9.7,21.2,0.12999956700157017
90.0,1,7,22.5,25.4,5.097561967889287
90.0,0,7,22.5,27.8,5.535961107361634
90.0,2,7,19.375,24.5,8.408540658787922
90.0,19,54,52.73746890844124,18.007542853102976,1.0
90.0,1,1,10.7,18.2,1.776252152371265
90.0,0,0,9.7,30.2,0.34492115629949704
91.0,16,22,54.15680846943584,14.798670996840297,5.0
91.0,12,64,76.50315266082136,21.87033664078028,1.0
91.0,0,0,11.7,30.2,0.17414414941681305
91.0,19,64,60.23266186682788,10.095766134106343,1.0
91.0,2,2,9.7,21.2,0.8073061696336332
91.0,12,64,71.1381411533132,24.511432860837957,1.0290276707324664
91.0,3,3,10.7,14.2,0.9445082565768395
91.0,1,1,10.7,18.2,2.5203767770618524
91.0,2,7,16.25,23.0,10.153245879591287
91.0,2,7,19.375,24.5,9.331435058808061
91.0,39,54,65.13294055422217,34.59488633995399,1.0
91.0,0,7,22.5,27.8,5.642762406095865
91.0,3,3,11.7,14.2,0.6317218047188193
91.0,2,2,10.7,21.2,0.12999956700157017
91.0,3,3,9.7,14.2,1.2381068484037863
91.0,19,54,52.73746890844124,18.007542853102976,1.069793774863938
91.0,1,1,9.7,18.2,3.245437309407269
91.0,2,7,22.5,26.0,8.408540658787922
91.0,0,0,9.7,30.2,0.2250211925332536
91.0,19,54,53.835224776452364,28.05129495130057,1.0
91.0,1,1,11.7,18.2,1.776252152371265
91.0,0,0,10.7,30.2,0.34492115629949704
92.0,16,22,62.82914886063237,16.130896827540546,5.0
92.0,1,1,9.7,18.2,3.913241816660201
92.0,0,0,9.7,30.2,0.10240901948448163
92.0,19,64,67.57641186682788,13.546370966473413,1.0
92.0,2,2,10.7,21.2,0.8073061696336332
92.0,12,64,76.50315266082136,21.87033664078028,1.0290276707324664
92.0,3,3,11.7,14.2,0.9445082565768395
92.0,1,1,11.7,18.2,2.5203767770618524
92.0,2,7,19.375,24.5,10.153245879591287
92.0,2,7,22.5,26.0,9.331435058808061
92.0,39,54,61.803742263025825,38.71458719284765,1.0
92.0,2,2,11.7,21.2,0.12999956700157017
92.0,3,3,10.7,14.2,1.2381068484037863
92.0,19,54,53.835224776452364,28.05129495130057,1.069793774863938
92.0,1,1,10.7,18.2,3.245437309407269
92.0,0,0,10.7,30.2,0.2250211925332536
92.0,2,2,9.7,21.2,1.4918379831732542
92.0,16,22,54.15680846943584,14.798670996840297,5.096463288767564
92.0,19,54,54.93298064446349,38.09504704949816,1.0
92.0,19,54,52.73746890844124,18.007542853102976,1.1360978609846788
92.0,3,3,9.7,14.2,1.4915753439565116
92.0,39,54,65.13294055422217,34.59488633995399,1.012988881814704
92.0,0,0,11.7,30.2,0.34492115629949704
93.0,16,22,71.5014892518289,17.463122658240795,5.0
93.0,1,1,10.7,18.2,3.913241816660201
93.0,0,0,10.7,30.2,0.10240901948448163
93.0,1,1,9.7,18.2,3.804730185809117
93.0,19,64,74.92016186682788,16.99697579884048,1.0
93.0,2,2,11.7,21.2,0.8073061696336332
93.0,16,22,54.15680846943584,14.798670996840297,5.191797759990484
93.0,2,7,22.5,26.0,10.153245879591287
93.0,2,2,9.7,21.2,1.6279809337062514
93.0,39,54,58.474543971829476,42.83428804574132,1.0
93.0,3,3,11.7,14.2,1.2381068484037863
93.0,19,54,52.73746890844124,18.007542853102976,1.1990867427993828
93.0,19,54,54.93298064446349,38.09504704949816,1.069793774863938
93.0,1,1,11.7,18.2,3.245437309407269
93.0,39,54,65.13294055422217,34.59488633995399,1.0221788754479375
93.0,0,0,11.7,30.2,0.2250211925332536
93.0,2,2,10.7,21.2,1.4918379831732542
93.0,16,22,62.82914886063237,16.130896827540546,5.096463288767564
93.0,19,54,53.835224776452364,28.05129495130057,1.1360978609846788
93.0,3,3,10.7,14.2,1.4915753439565116
93.0,39,54,61.803742263025825,38.71458719284765,1.012988881814704
93.0,3,3,9.7,14.2,1.3957237760083565
94.0,1,1,11.7,18.2,3.913241816660201
94.0,0,0,11.7,30.2,0.10240901948448163
94.0,16,22,54.15680846943584,14.798670996840297,5.285875137201306
94.0,1,1,10.7,18.2,3.804730185809117
94.0,16,22,62.82914886063237,16.130896827540546,5.191797759990484
94.0,2,2,10.7,21.2,1.6279809337062514
94.0,2,2,9.7,21.2,1.7169514282309168
94.0,22,33,75.34617003422196,24.77757431964129,1.29533901362809
94.0,1,1,9.7,18.2,3.539372271030224
94.0,19,54,52.73746890844124,18.007542853102976,1.2589261805233516
94.0,3,3,9.7,14.2,1.2427594440374201
94.0,39,54,65.13294055422217,34.59488633995399,1.027917397513311
94.0,19,54,53.835224776452364,28.05129495130057,1.1990867427993828
94.0,39,54,61.803742263025825,38.71458719284765,1.0221788754479375
94.0,2,2,11.7,21.2,1.4918379831732542
94.0,16,22,71.5014892518289,17.463122658240795,5.096463288767564
94.0,19,54,54.93298064446349,38.09504704949816,1.1360978609846788
94.0,3,3,11.7,14.2,1.4915753439565116
94.0,39,54,58.474543971829476,42.83428804574132,1.012988881814704
94.0,3,3,10.7,14.2,1.3957237760083565
95.0,16,22,62.82914886063237,16.130896827540546,5.285875137201306
95.0,22,44,77.49133649784287,16.167504253586003,1.0
95.0,1,1,11.7,18.2,3.804730185809117
95.0,16,22,71.5014892518289,17.463122658240795,5.191797759990484
95.0,3,3,9.7,14.2,1.0228645614672047
95.0,2,2,11.7,21.2,1.6279809337062514
95.0,2,2,10.7,21.2,1.7169514282309168
95.0,2,2,9.7,21.2,1.7268814988706864
95.0,22,33,72.76851042541848,29.98480015034154,1.29533901362809
95.0,19,54,52.73746890844124,18.007542853102976,1.3157736463611218
95.0,22,33,75.34617003422196,24.77757431964129,1.3326190358254284
95.0,1,1,10.7,18.2,3.539372271030224
95.0,19,54,53.835224776452364,28.05129495130057,1.2589261805233516
95.0,3,3,10.7,14.2,1.2427594440374201
95.0,16,22,54.15680846943584,14.798670996840297,5.378582793623183
95.0,39,54,61.803742263025825,38.71458719284765,1.027917397513311
95.0,1,1,9.7,18.2,3.091620161157265
95.0,19,54,54.93298064446349,38.09504704949816,1.1990867427993828
95.0,39,54,58.474543971829476,42.83428804574132,1.0221788754479375
95.0,39,54,65.13294055422217,34.59488633995399,1.030526620183527
95.0,3,3,11.7,14.2,1.3957237760083565
96.0,3,3,9.7,14.2,0.7441782342250824
96.0,16,22,71.5014892518289,17.463122658240795,5.285875137201306
96.0,22,44,76.70131560872348,14.199671695906847,1.0
96.0,3,3,10.7,14.2,1.0228645614672047
96.0,2,2,9.7,21.2,1.654916019293155
96.0,2,2,11.7,21.2,1.7169514282309168
96.0,2,2,10.7,21.2,1.7268814988706864
96.0,22,33,70.19085081661501,35.19202598104179,1.29533901362809
96.0,19,54,53.835224776452364,28.05129495130057,1.3157736463611218
96.0,22,44,77.49133649784287,16.167504253586003,1.0241667288448661
96.0,19,54,52.73746890844124,18.007542853102976,1.3668897642385454
96.0,22,33,72.76851042541848,29.98480015034154,1.3326190358254284
96.0,1,1,11.7,18.2,3.539372271030224
96.0,19,54,54.93298064446349,38.09504704949816,1.2589261805233516
96.0,3,3,11.7,14.2,1.2427594440374201
96.0,16,22,62.82914886063237,16.130896827540546,5.378582793623183
96.0,39,54,58.474543971829476,42.83428804574132,1.027917397513311
96.0,1,1,10.7,18.2,3.091620161157265
96.0,1,1,9.7,18.2,2.4760191474874986
96.0,16,22,54.15680846943584,14.798670996840297,5.469048471471007
96.0,39,54,61.803742263025825,38.71458719284765,1.030526620183527
96.0,22,33,75.34617003422196,24.77757431964129,1.3680350569128998
97.0,3,3,10.7,14.2,0.7441782342250824
97.0,1,1,9.7,18.2,1.7142295709497093
97.0,22,44,75.91129471960409,12.231839138227691,1.0
97.0,3,3,9.7,14.2,0.4172882511431953
97.0,3,3,11.7,14.2,1.0228645614672047
97.0,2,2,10.7,21.2,1.654916019293155
97.0,2,2,9.7,21.2,1.5007012422829542
97.0,2,2,11.7,21.2,1.7268814988706864
97.0,19,54,54.93298064446349,38.09504704949816,1.3157736463611218
97.0,22,44,76.70131560872348,14.199671695906847,1.0241667288448661
97.0,19,54,53.835224776452364,28.05129495130057,1.3668897642385454
97.0,22,33,75.34617003422196,24.77757431964129,1.4016802769459977
97.0,22,33,70.19085081661501,35.19202598104179,1.3326190358254284
97.0,16,22,71.5014892518289,17.463122658240795,5.378582793623183
97.0,1,1,11.7,18.2,3.091620161157265
97.0,1,1,10.7,18.2,2.4760191474874986
97.0,19,54,52.73746890844124,18.007542853102976,1.3590714128104429
97.0,16,22,62.82914886063237,16.130896827540546,5.469048471471007
97.0,39,54,58.474543971829476,42.83428804574132,1.030526620183527
97.0,22,33,72.76851042541848,29.98480015034154,1.3680350569128998
97.0,22,44,77.49133649784287,16.167504253586003,1.0492041972228325
98.0,3,3,11.7,14.2,0.7441782342250824
98.0,1,1,10.7,18.2,1.7142295709497093
98.0,3,3,10.7,14.2,0.4172882511431953
98.0,2,2,11.7,21.2,1.654916019293155
98.0,22,44,77.49133649784287,16.167504253586003,1.0729897921819007
98.0,2,2,10.7,21.2,1.5007012422829542
98.0,22,44,75.91129471960409,12.231839138227691,1.0241667288448661
98.0,3,3,9.7,14.2,0.05559953914204224
98.0,19,54,54.93298064446349,38.09504704949816,1.3668897642385454
98.0,2,2,9.7,21.2,1.2678531291797293
98.0,22,33,72.76851042541848,29.98480015034154,1.4016802769459977
98.0,1,1,11.7,18.2,2.4760191474874986
98.0,19,54,53.835224776452364,28.05129495130057,1.3590714128104429
98.0,1,1,9.7,18.2,0.8359484651809462
98.0,16,22,71.5014892518289,17.463122658240795,5.469048471471007
98.0,43,20,68.78326663755396,7.295672171252902,1.0
98.0,22,33,75.34617003422196,24.77757431964129,1.4336432359774407
98.0,22,33,70.19085081661501,35.19202598104179,1.3680350569128998
98.0,22,44,76.70131560872348,14.199671695906847,1.0492041972228325
99.0,2,2,9.7,21.2,0.9639016207670077
99.0,1,1,11.7,18.2,1.7142295709497093
99.0,22,33,75.34617003422196,24.77757431964129,1.4640080470573116
99.0,3,3,11.7,14.2,0.4172882511431953
99.0,22,44,76.70131560872348,14.199671695906847,1.0729897921819007
99.0,2,2,11.7,21.2,1.5007012422829542
99.0,3,3,10.7,14.2,0.05559953914204224
99.0,2,2,10.7,21.2,1.2678531291797293
99.0,22,33,70.19085081661501,35.19202598104179,1.4016802769459977
99.0,19,54,54.93298064446349,38.09504704949816,1.3590714128104429
99.0,1,1,10.7,18.2,0.8359484651809462
99.0,22,44,77.49133649784287,16.167504253586003,1.0955861073930153
99.0,43,20,68.78326663755396,7.295672171252902,1.0315616094313274
99.0,43,20,63.860671409856124,7.55168211009115,1.0
99.0,22,33,72.76851042541848,29.98480015034154,1.4336432359774407
99.0,22,44,75.91129471960409,12.231839138227691,1.0492041972228325
100.0,2,2,10.7,21.2,0.9639016207670077
100.0,22,33,72.76851042541848,29.98480015034154,1.4640080470573116
100.0,43,20,68.78326663755396,7.295672171252902,1.077043015418072
100.0,22,44,75.91129471960409,12.231839138227691,1.0729897921819007
100.0,12,64,65.77312964580504,27.152529080895633,1.0
100.0,3,3,11.7,14.2,0.05559953914204224
100.0,2,2,11.7,21.2,1.2678531291797293
100.0,22,33,75.34617003422196,24.77757431964129,1.4626069384822868
100.0,1,1,11.7,18.2,0.8359484651809462
100.0,22,44,77.49133649784287,16.167504253586003,1.1170526068435742
100.0,22,44,76.70131560872348,14.199671695906847,1.0955861073930153
100.0,43,20,63.860671409856124,7.55168211009115,1.0315616094313274
100.0,43,20,58.938076182158284,7.807692048929398,1.0
100.0,2,2,9.7,21.2,0.6001126256607745
100.0,22,33,70.19085081661501,35.19202598104179,1.4336432359774407
101.0,2,2,11.7,21.2,0.9639016207670077
101.0,22,33,70.19085081661501,35.19202598104179,1.4640080470573116
101.0,43,20,63.860671409856124,7.55168211009115,1.077043015418072
101.0,12,64,71.1381411533132,24.511432860837957,1.0
101.0,43,20,68.78326663755396,7.295672171252902,1.1202503511054793
101.0,22,33,72.76851042541848,29.98480015034154,1.4626069384822868
101.0,19,67,52.72520058064045,10.775001731117438,1.0
101.0,22,44,76.70131560872348,14.199671695906847,1.1170526068435742
101.0,22,44,75.91129471960409,12.231839138227691,1.0955861073930153
101.0,43,20,58.938076182158284,7.807692048929398,1.0315616094313274
101.0,2,2,9.7,21.2,0.19112042385086658
101.0,2,2,10.7,21.2,0.6001126256607745
101.0,12,64,65.77312964580504,27.152529080895633,1.0442140186380129
102.0,43,20,58.938076182158284,7.807692048929398,1.077043015418072
102.0,19,67,52.72520058064045,10.775001731117438,1.0311616788990796
102.0,12,64,76.50315266082136,21.87033664078028,1.0
102.0,43,20,63.860671409856124,7.55168211009115,1.1202503511054793
102.0,22,33,70.19085081661501,35.19202598104179,1.4626069384822868
102.0,43,20,68.78326663755396,7.295672171252902,1.1612973200085164
102.0,19,67,53.81273284215091,14.791636227660419,1.0
102.0,12,64,65.77312964580504,27.152529080895633,1.086217336344125
102.0,22,44,75.91129471960409,12.231839138227691,1.1170526068435742
102.0,2,2,10.7,21.2,0.19112042385086658
102.0,2,2,11.7,21.2,0.6001126256607745
102.0,12,64,71.1381411533132,24.511432860837957,1.0442140186380129
103.0,43,20,68.78326663755396,7.295672171252902,1.2002919404664012
103.0,19,67,53.81273284215091,14.791636227660419,1.0311616788990796
103.0,19,64,60.23266186682788,10.095766134106343,1.0
103.0,43,20,58.938076182158284,7.807692048929398,1.1202503511054793
103.0,43,20,63.860671409856124,7.55168211009115,1.1612973200085164
103.0,19,67,54.90026510366137,18.8082707242034,1.0
103.0,19,67,52.72520058064045,10.775001731117438,1.0607652738532052
103.0,12,64,71.1381411533132,24.511432860837957,1.086217336344125
103.0,2,2,11.7,21.2,0.19112042385086658
103.0,12,64,76.50315266082136,21.87033664078028,1.0442140186380129
104.0,43,20,63.860671409856124,7.55168211009115,1.2002919404664012
104.0,19,67,54.90026510366137,18.8082707242034,1.0311616788990796
104.0,19,64,60.23266186682788,10.095766134106343,1.0442140186380129
104.0,19,64,67.57641186682788,13.546370966473413,1.0
104.0,43,20,58.938076182158284,7.807692048929398,1.1612973200085164
104.0,19,67,53.81273284215091,14.791636227660419,1.0607652738532052
104.0,12,64,76.50315266082136,21.87033664078028,1.086217336344125
104.0,43,20,68.78326663755396,7.295672171252902,1.2185673923796958
104.0,19,67,52.72520058064045,10.775001731117438,1.0888886890596245
105.0,43,20,58.938076182158284,7.807692048929398,1.2002919404664012
105.0,19,64,67.57641186682788,13.546370966473413,1.0442140186380129
105.0,19,64,74.92016186682788,16.99697579884048,1.0
105.0,19,67,54.90026510366137,18.8082707242034,1.0607652738532052
105.0,43,20,63.860671409856124,7.55168211009115,1.2185673923796958
105.0,19,67,52.72520058064045,10.775001731117438,1.115605933505723
105.0,19,67,53.81273284215091,14.791636227660419,1.0888886890596245
105.0,43,20,68.78326663755396,7.295672171252902,1.2155815537040633
105.0,12,64,65.77312964580504,27.152529080895633,1.0
106.0,19,67,52.72520058064045,10.775001731117438,1.1409873157295163
106.0,19,64,74.92016186682788,16.99697579884048,1.0442140186380129
106.0,43,20,58.938076182158284,7.807692048929398,1.2185673923796958
106.0,19,64,60.23266186682788,10.095766134106343,1.0
106.0,19,67,53.81273284215091,14.791636227660419,1.115605933505723
106.0,19,67,54.90026510366137,18.8082707242034,1.0888886890596245
106.0,43,20,63.860671409856124,7.55168211009115,1.2155815537040633
106.0,12,64,71.1381411533132,24.511432860837957,1.0
107.0,19,67,53.81273284215091,14.791636227660419,1.1409873157295163
107.0,19,64,60.23266186682788,10.095766134106343,1.0116306218950193
107.0,19,64,67.57641186682788,13.546370966473413,1.0
107.0,19,67,54.90026510366137,18.8082707242034,1.115605933505723
107.0,19,67,52.72520058064045,10.775001731117438,1.1420428653291061
107.0,43,20,58.938076182158284,7.807692048929398,1.2155815537040633
107.0,12,64,76.50315266082136,21.87033664078028,1.0
108.0,19,67,54.90026510366137,18.8082707242034,1.1409873157295163
108.0,19,64,67.57641186682788,13.546370966473413,1.0116306218950193
108.0,19,64,74.92016186682788,16.99697579884048,1.0
108.0,19,67,53.81273284215091,14.791636227660419,1.1420428653291061
109.0,19,64,74.92016186682788,16.99697579884048,1.0116306218950193
109.0,19,67,54.90026510366137,18.8082707242034,1.1420428653291061
110.0,19,54,52.73746890844124,18.007542853102976,1.0
111.0,19,54,53.835224776452364,28.05129495130057,1.0
111.0,39,54,65.13294055422217,34.59488633995399,1.0
111.0,19,54,52.73746890844124,18.007542853102976,1.069793774863938
112.0,19,54,54.93298064446349,38.09504704949816,1.0
112.0,39,54,61.803742263025825,38.71458719284765,1.0
112.0,22,33,75.34617003422196,24.77757431964129,1.0
112.0,19,54,53.835224776452364,28.05129495130057,1.069793774863938
112.0,39,54,65.13294055422217,34.59488633995399,1.012988881814704
112.0,19,54,52.73746890844124,18.007542853102976,1.1360978609846788
113.0,39,54,58.474543971829476,42.83428804574132,1.0
113.0,22,33,75.34617003422196,24.77757431964129,1.0474201947643036
113.0,39,54,65.13294055422217,34.59488633995399,1.0221788754479375
113.0,22,33,72.76851042541848,29.98480015034154,1.0
113.0,19,54,52.73746890844124,18.007542853102976,1.1990867427993828
113.0,19,54,54.93298064446349,38.09504704949816,1.069793774863938
113.0,39,54,61.803742263025825,38.71458719284765,1.012988881814704
113.0,19,54,53.835224776452364,28.05129495130057,1.1360978609846788
114.0,22,33,72.76851042541848,29.98480015034154,1.0474201947643036
114.0,22,33,75.34617003422196,24.77757431964129,1.0970961579048313
114.0,19,54,52.73746890844124,18.007542853102976,1.2589261805233516
114.0,39,54,61.803742263025825,38.71458719284765,1.0221788754479375
114.0,22,33,70.19085081661501,35.19202598104179,1.0
114.0,19,54,53.835224776452364,28.05129495130057,1.1990867427993828
114.0,39,54,65.13294055422217,34.59488633995399,1.027917397513311
114.0,39,54,58.474543971829476,42.83428804574132,1.012988881814704
114.0,19,54,54.93298064446349,38.09504704949816,1.1360978609846788
115.0,22,33,70.19085081661501,35.19202598104179,1.0474201947643036
115.0,39,54,65.13294055422217,34.59488633995399,1.030526620183527
115.0,22,33,72.76851042541848,29.98480015034154,1.0970961579048313
115.0,19,54,53.835224776452364,28.05129495130057,1.2589261805233516
115.0,39,54,58.474543971829476,42.83428804574132,1.0221788754479375
115.0,19,54,54.93298064446349,38.09504704949816,1.1990867427993828
115.0,39,54,61.803742263025825,38.71458719284765,1.027917397513311
115.0,19,54,52.73746890844124,18.007542853102976,1.0644016435174142
115.0,22,33,75.34617003422196,24.77757431964129,1.1442883228883327
116.0,22,33,75.34617003422196,24.77757431964129,1.189120879622659
116.0,39,54,61.803742263025825,38.71458719284765,1.030526620183527
116.0,22,33,70.19085081661501,35.19202598104179,1.0970961579048313
116.0,19,54,54.93298064446349,38.09504704949816,1.2589261805233516
116.0,43,20,68.78326663755396,7.295672171252902,1.0
116.0,16,19,46.051048560048365,11.026512100579756,5.0
116.0,39,54,58.474543971829476,42.83428804574132,1.027917397513311
116.0,19,54,53.835224776452364,28.05129495130057,1.0644016435174142
116.0,12,64,65.77312964580504,27.152529080895633,1.0
116.0,22,33,72.76851042541848,29.98480015034154,1.1442883228883327
116.0,17,39,51.36339355109734,12.535373594944474,5.0
117.0,22,33,72.76851042541848,29.98480015034154,1.189120879622659
117.0,43,20,68.78326663755396,7.295672171252902,1.0330577020288878
117.0,39,54,58.474543971829476,42.83428804574132,1.030526620183527
117.0,43,20,63.860671409856124,7.55168211009115,1.0
117.0,16,19,47.96858902675534,9.215272184396222,5.0
117.0,17,39,51.36339355109734,12.535373594944474,5.096777017838794
117.0,19,54,54.93298064446349,38.09504704949816,1.0644016435174142
117.0,12,64,71.1381411533132,24.511432860837957,1.0
117.0,22,33,75.34617003422196,24.77757431964129,1.2317118085202692
117.0,16,19,46.051048560048365,11.026512100579756,5.076943300043635
117.0,22,33,70.19085081661501,35.19202598104179,1.1442883228883327
117.0,17,39,57.70788817701179,18.64818492406487,5.0
118.0,43,20,68.78326663755396,7.295672171252902,1.0784643033857542
118.0,22,33,70.19085081661501,35.19202598104179,1.189120879622659
118.0,43,20,63.860671409856124,7.55168211009115,1.0330577020288878
118.0,22,33,75.34617003422196,24.77757431964129,1.2566924625535012
118.0,43,20,58.938076182158284,7.807692048929398,1.0
118.0,16,19,49.88612949346231,7.404032268212687,5.0
118.0,17,39,57.70788817701179,18.64818492406487,5.096777017838794
118.0,12,64,76.50315266082136,21.87033664078028,1.0
118.0,16,19,46.051048560048365,11.026512100579756,5.206251489147157
118.0,17,39,51.36339355109734,12.535373594944474,5.240528441898093
118.0,22,33,72.76851042541848,29.98480015034154,1.2317118085202692
118.0,16,19,47.96858902675534,9.215272184396222,5.076943300043635
118.0,17,39,64.05238280292625,24.76099625318527,5.0
119.0,43,20,63.860671409856124,7.55168211009115,1.0784643033857542
119.0,12,64,65.77312964580504,27.152529080895633,1.0
119.0,16,19,46.051048560048365,11.026512100579756,5.331936642087392
119.0,22,44,77.49133649784287,16.167504253586003,1.0
119.0,43,20,58.938076182158284,7.807692048929398,1.0330577020288878
119.0,22,33,75.34617003422196,24.77757431964129,1.2625723457273588
119.0,22,33,72.76851042541848,29.98480015034154,1.2566924625535012
119.0,17,39,64.05238280292625,24.76099625318527,5.096777017838794
119.0,19,67,52.72520058064045,10.775001731117438,1.0
119.0,16,19,47.96858902675534,9.215272184396222,5.206251489147157
119.0,17,39,57.70788817701179,18.64818492406487,5.240528441898093
119.0,22,33,70.19085081661501,35.19202598104179,1.2317118085202692
119.0,16,19,49.88612949346231,7.404032268212687,5.076943300043635
120.0,22,44,77.49133649784287,16.167504253586003,1.0262458048202097
120.0,43,20,58.938076182158284,7.807692048929398,1.0784643033857542
120.0,12,64,71.1381411533132,24.511432860837957,1.0
120.0,16,19,47.96858902675534,9.215272184396222,5.331936642087392
120.0,22,44,76.70131560872348,14.199671695906847,1.0
120.0,6,16,30.625,24.4,25.0
120.0,11,43,61.12586427323741,26.0365380733941,5.0
120.0,12,64,65.77312964580504,27.152529080895633,1.0442140186380129
120.0,22,33,72.76851042541848,29.98480015034154,1.2625723457273588
120.0,22,33,70.19085081661501,35.19202598104179,1.2566924625535012
120.0,19,67,52.72520058064045,10.775001731117438,1.0293944018980747
120.0,19,67,53.81273284215091,14.791636227660419,1.0
120.0,9,17,30.625,21.3,25.0
120.0,16,19,49.88612949346231,7.404032268212687,5.206251489147157
120.0,17,39,64.05238280292625,24.76099625318527,5.240528441898093
120.0,16,19,46.051048560048365,11.026512100579756,5.453893343274486
